Chart-1	14	212	1066	1907	14	14	14	14	
Chart-2	108	108	108	133	108	102	102	11	
Chart-3	84	97	84	134	84	84	84	84	
Chart-4	50	353	583	50	50	50	50	173	
Chart-5	15	28	3	144	25	15	15	15	
Chart-6	3	7	44	50	3	3	3	16	
Chart-7	59	72	59	65	59	59	59	59	
Chart-8	1	9	2	53	1	1	1	1	
Chart-9	165	192	166	212	165	165	165	165	
Chart-11	5	5	43	48	5	5	5	5	
Chart-12	5	14	379	718	5	5	5	5	
Chart-15	305	552	1181	2887	305	305	305	305	
Chart-16	1	14	1	1	1	1	1	2	
Chart-17	41	63	68	110	41	41	41	41	
Chart-20	1	1	1	178	1	1	1	1	
Chart-21	38	68	61	42	38	38	38	38	
Chart-22	60	61	60	60	77	60	60	19	
Chart-25	3267	3267	3267	3267	3098	3267	3248	2945	
Chart-26	58	371	1256	58	58	58	58	594	
Lang-1	10	33	20	102	10	10	10	10	
Lang-2	17	9	2	82	24	17	17	17	
Lang-3	25	43	35	114	25	25	25	25	
Lang-4	2	2	6	24	2	2	2	2	
Lang-5	5	12	5	27	5	5	5	5	
Lang-6	99	16	32	72	99	99	99	99	
Lang-7	147	138	147	1600	1538	147	147	147	
Lang-9	32	38	32	32	32	32	32	46	
Lang-10	43	58	1	311	113	63	63	63	
Lang-12	3	4	3	3	3	3	3	7	
Lang-14	4	5	4	49	5	4	4	4	
Lang-15	183	183	183	183	183	183	183	261	
Lang-16	33	22	33	132	70	33	33	33	
Lang-17	116	33	116	2	108	116	116	116	
Lang-18	68	44	14	88	155	68	68	68	
Lang-19	2	14	3	2	2	2	2	2	
Lang-20	27	28	8	1228	27	8	8	8	
Lang-22	14	22	1	14	14	14	14	29	
Lang-26	7	116	40	308	7	7	7	7	
Lang-27	128	146	140	128	128	128	128	128	
Lang-28	11	30	21	38	11	11	11	11	
Lang-30	25	25	25	6	6	3	3	5	
Lang-31	4	5	5	16	4	4	4	4	
Lang-32	3	3	4	5	3	3	3	3	
Lang-34	1	105	19	1	1	1	1	7	
Lang-36	37	37	37	37	37	37	37	41	
Lang-37	6	25	58	794	6	6	6	6	
Lang-39	27	26	35	1085	27	27	27	27	
Lang-40	2	4	10	1073	2	2	2	2	
Lang-41	38	38	5	35	38	6	6	6	
Lang-42	51	53	51	207	51	51	51	51	
Lang-44	3	3	3	9	3	3	3	3	
Lang-46	1	3	1	44	1	1	1	1	
Lang-47	35	35	27	322	35	27	27	27	
Lang-48	6	9	6	34	6	6	6	6	
Lang-50	138	141	38	121	138	38	37	6	
Lang-53	78	123	136	138	123	123	138	138	
Lang-54	10	15	10	35	10	10	10	10	
Lang-55	2	14	2	2	2	2	2	2	
Lang-59	6	12	6	880	6	6	6	6	
Lang-60	11	49	88	560	11	11	11	11	
Lang-61	11	49	24	191	11	11	11	24	
Lang-62	109	157	54	177	157	157	152	152	
Lang-63	21	25	22	146	21	21	21	21	
Lang-64	22	36	33	45	22	22	22	22	
Lang-65	7	9	2	123	9	7	7	7	
Math-1	407	407	509	604	407	386	386	51	
Math-2	46	34	4	1725	60	46	46	46	
Math-6	70	23	104	70	63	163	133	82	
Math-7	204	358	227	721	249	204	204	204	
Math-11	8	35	55	675	8	8	8	8	
Math-13	202	177	7218	147	172	202	202	202	
Math-14	92	98	6280	72	128	92	92	92	
Math-15	37	13	468	13	37	37	37	37	
Math-16	592	591	1106	1	592	592	592	592	
Math-17	113	480	7	687	703	113	113	113	
Math-21	65	115	87	65	65	65	65	65	
Math-23	162	243	162	162	162	162	162	162	
Math-24	150	101	16	167	310	150	150	150	
Math-26	369	42	26	123	432	369	369	369	
Math-27	28	28	28	35	28	28	28	28	
Math-28	63	209	3	316	178	63	63	63	
Math-29	198	198	99	199	163	7	7	7	
Math-30	28	266	28	38	28	28	28	28	
Math-31	146	35	83	149	146	146	146	314	
Math-33	13	103	50	505	72	13	13	13	
Math-34	4	15	7	21	4	4	4	4	
Math-35	9	14	9	9	8	9	9	8	
Math-36	355	355	355	57	355	37	37	37	
Math-37	247	247	245	266	245	213	213	199	
Math-40	47	97	98	445	47	47	47	47	
Math-41	35	84	360	576	35	35	35	35	
Math-42	67	319	119	4105	204	67	67	67	
Math-43	36	125	96	36	36	36	36	61	
Math-44	136	111	434	161	136	136	136	136	
Math-45	6	7	420	831	6	6	6	6	
Math-46	4	16	307	403	4	4	4	7	
Math-47	1	14	349	11	1	1	1	2	
Math-48	655	680	657	667	655	655	655	655	
Math-49	408	412	410	468	408	408	408	408	
Math-50	21	62	23	51	21	21	21	21	
Math-52	42	368	77	804	42	42	42	42	
Math-53	2	13	13	51	2	2	2	2	
Math-54	37	500	55	1585	37	37	37	37	
Math-55	4	23	1	461	7	4	4	4	
Math-57	1	332	1	23	1	1	1	1	
Math-58	504	56	349	252	570	504	504	504	
Math-62	325	325	325	2061	2059	325	325	325	
Math-64	121	31	6	115	121	121	121	122	
Math-65	120	235	23	230	120	120	120	120	
Math-66	13	6	9	13	15	15	59	504	
Math-68	128	12	14	115	187	129	129	129	
Math-69	12	17	72	12	12	12	12	12	
Math-74	814	970	814	168	822	814	814	814	
Math-76	59	91	87	59	59	59	59	59	
Math-79	31	3	31	53	3	31	31	31	
Math-81	278	144	309	176	278	278	278	278	
Math-82	217	207	217	259	210	217	217	217	
Math-83	82	196	94	237	82	82	82	82	
Math-84	20	78	20	20	20	20	20	46	
Math-85	77	110	95	138	77	77	77	77	
Math-86	4	75	4	108	74	57	57	61	
Math-87	106	137	106	334	244	106	106	106	
Math-88	83	208	95	237	83	83	83	83	
Math-89	1	4	1	95	1	1	1	1	
Math-90	4	4	4	68	23	4	4	4	
Math-92	2	14	5	37	2	2	2	2	
Math-93	2	2	21	114	3	2	2	2	
Math-94	1	1	21	96	1	1	1	1	
Math-95	12	49	67	76	12	12	12	12	
Math-96	2	14	16	90	2	2	2	2	
Math-97	7	9	22	39	7	7	7	7	
Math-98	4	27	39	774	4	4	4	4	
Math-99	24	24	75	158	24	23	23	4	
Math-100	119	142	119	137	119	119	119	119	
Math-101	17	36	21	33	17	17	17	17	
Math-103	25	40	25	50	25	25	25	25	
Math-105	25	25	65	37	25	25	25	25	
Mockito-2	3	1	1	3	3	3	3	3	
Mockito-3	12	460	293	12	12	12	12	45	
Mockito-5	3090	2914	925	1507	2914	2914	1350	1350	
Mockito-6	858	861	721	1204	853	310	206	22	
Mockito-9	517	433	1650	147	175	539	539	540	
Mockito-10	68	402	428	87	68	68	68	68	
Mockito-11	4	17	32	56	4	4	4	4	
Mockito-12	5	5	5	5	2	2	2	2	
Mockito-13	103	507	146	657	159	103	103	103	
Mockito-14	48	489	178	66	103	48	48	48	
Mockito-16	66	327	145	108	122	66	66	66	
Mockito-17	76	19	22	66	76	76	76	76	
Mockito-18	19	247	186	406	47	19	19	19	
Mockito-20	22	124	120	22	22	22	22	118	
Mockito-21	7	8	7	242	7	7	7	7	
Mockito-22	148	2	1	137	208	148	148	148	
Mockito-23	32	555	579	88	32	32	32	32	
Mockito-24	77	525	420	1054	77	77	77	81	
Mockito-25	45	417	196	45	45	45	45	47	
Mockito-26	29	34	636	1238	435	113	126	221	
Mockito-27	342	484	480	471	342	208	201	161	
Mockito-28	267	420	926	414	477	267	267	267	
Mockito-29	1607	1007	568	82	1007	1007	639	639	
Mockito-32	249	347	272	24	128	249	249	249	
Mockito-33	85	339	74	1124	288	116	116	158	
Mockito-34	60	281	111	474	60	60	60	93	
Mockito-35	426	426	235	279	406	134	110	85	
Mockito-36	70	219	118	237	126	235	244	271	
Mockito-37	6	31	45	27	6	6	6	60	
Mockito-38	754	811	734	1019	811	811	1020	1020	
Time-1	17	134	538	747	17	17	17	17	
Time-2	205	279	455	1541	205	205	205	205	
Time-3	59	775	505	61	59	59	59	59	
Time-4	293	675	535	2965	483	293	293	293	
Time-5	30	63	203	30	30	30	30	30	
Time-7	72	383	1877	3213	72	72	72	72	
Time-8	13	69	511	837	13	13	13	13	
Time-9	11	67	534	885	11	11	11	11	
Time-10	226	411	433	701	226	226	226	229	
Time-11	412	300	23	1558	1205	412	412	412	
Time-12	1533	1533	1765	2003	1496	342	307	2	
Time-14	186	1490	1151	186	186	186	186	188	
Time-15	2	2	55	96	2	2	2	2	
Time-17	193	488	769	1016	193	193	193	193	
Time-18	260	569	397	672	260	260	260	260	
Time-19	5	93	1083	1628	5	5	5	5	
Time-21	167	541	604	492	167	167	167	169	
Time-22	111	248	229	439	111	111	111	111	
Time-23	38	83	286	710	38	38	38	38	
Time-27	1095	1220	1240	312	1296	1095	1095	1095	
