10900024  0.21394987404346466
11200032  0.21385334432125092
13200029  0.21382221579551697
5600032  0.21376946568489075
11600031  0.21368426084518433
15300030  0.21367765963077545
10300030  0.21367685496807098
12500032  0.21366041898727417
14900029  0.21363817155361176
14000028  0.21362291276454926
9000032  0.21361617743968964
14400031  0.21361279487609863
10300032  0.21358801424503326
13200027  0.2135852426290512
11900031  0.21358270943164825
3000026  0.21358001232147217
3000043  0.21358001232147217
3000044  0.21358001232147217
3000049  0.21358001232147217
3000052  0.21358001232147217
3000053  0.21358001232147217
3300053  0.21358001232147217
3600043  0.21358001232147217
3700042  0.21358001232147217
3700046  0.21358001232147217
4500044  0.21358001232147217
4500048  0.21358001232147217
4500052  0.21358001232147217
5100042  0.21358001232147217
5100043  0.21358001232147217
5100044  0.21358001232147217
5100046  0.21358001232147217
5100049  0.21358001232147217
5100053  0.21358001232147217
5300044  0.21358001232147217
5300046  0.21358001232147217
6500044  0.21358001232147217
6500045  0.21358001232147217
6500048  0.21358001232147217
6500049  0.21358001232147217
6500051  0.21358001232147217
6500054  0.21358001232147217
6600044  0.21358001232147217
6600045  0.21358001232147217
6600048  0.21358001232147217
6600049  0.21358001232147217
6600052  0.21358001232147217
6600053  0.21358001232147217
7100043  0.21358001232147217
7100048  0.21358001232147217
7600042  0.21358001232147217
7600044  0.21358001232147217
7600047  0.21358001232147217
7600048  0.21358001232147217
7600050  0.21358001232147217
7600051  0.21358001232147217
7600053  0.21358001232147217
7800046  0.21358001232147217
7800047  0.21358001232147217
7800048  0.21358001232147217
7800052  0.21358001232147217
7800053  0.21358001232147217
8000046  0.21358001232147217
8600043  0.21358001232147217
8800046  0.21358001232147217
8800047  0.21358001232147217
8800049  0.21358001232147217
8800052  0.21358001232147217
8800053  0.21358001232147217
9300044  0.21358001232147217
9300045  0.21358001232147217
9300047  0.21358001232147217
9300048  0.21358001232147217
9300050  0.21358001232147217
9300111  0.21358001232147217
9300116  0.21358001232147217
9300118  0.21358001232147217
9300119  0.21358001232147217
9300121  0.21358001232147217
9300126  0.21358001232147217
9300127  0.21358001232147217
9300128  0.21358001232147217
9300129  0.21358001232147217
9300131  0.21358001232147217
9300133  0.21358001232147217
9300134  0.21358001232147217
9300149  0.21358001232147217
9300176  0.21358001232147217
9300177  0.21358001232147217
9300178  0.21358001232147217
9300179  0.21358001232147217
9300181  0.21358001232147217
9700047  0.21358001232147217
10000026  0.21358001232147217
10000033  0.21358001232147217
10000043  0.21358001232147217
10000044  0.21358001232147217
10000047  0.21358001232147217
10000048  0.21358001232147217
10000049  0.21358001232147217
10000050  0.21358001232147217
10000051  0.21358001232147217
10000053  0.21358001232147217
10200043  0.21358001232147217
10200044  0.21358001232147217
10200045  0.21358001232147217
10200047  0.21358001232147217
10200050  0.21358001232147217
10300044  0.21358001232147217
10300048  0.21358001232147217
10300049  0.21358001232147217
10300051  0.21358001232147217
10300053  0.21358001232147217
10800044  0.21358001232147217
10800048  0.21358001232147217
10800049  0.21358001232147217
10800050  0.21358001232147217
11200044  0.21358001232147217
11200049  0.21358001232147217
11200053  0.21358001232147217
11300043  0.21358001232147217
11300049  0.21358001232147217
11300050  0.21358001232147217
11300053  0.21358001232147217
11300113  0.21358001232147217
11300114  0.21358001232147217
11300116  0.21358001232147217
11300117  0.21358001232147217
11300120  0.21358001232147217
11300121  0.21358001232147217
11400043  0.21358001232147217
11400047  0.21358001232147217
11500046  0.21358001232147217
11500051  0.21358001232147217
11500052  0.21358001232147217
11600043  0.21358001232147217
11600046  0.21358001232147217
11600051  0.21358001232147217
11700046  0.21358001232147217
11700053  0.21358001232147217
12000046  0.21358001232147217
12000050  0.21358001232147217
12100043  0.21358001232147217
12200045  0.21358001232147217
12200046  0.21358001232147217
12300044  0.21358001232147217
12300045  0.21358001232147217
12300046  0.21358001232147217
12300048  0.21358001232147217
12300049  0.21358001232147217
12300052  0.21358001232147217
12300053  0.21358001232147217
12400045  0.21358001232147217
12400049  0.21358001232147217
12400050  0.21358001232147217
12400052  0.21358001232147217
12500047  0.21358001232147217
12500048  0.21358001232147217
12900044  0.21358001232147217
12900045  0.21358001232147217
12900046  0.21358001232147217
12900053  0.21358001232147217
12900112  0.21358001232147217
12900113  0.21358001232147217
12900114  0.21358001232147217
12900115  0.21358001232147217
12900117  0.21358001232147217
12900123  0.21358001232147217
12900124  0.21358001232147217
13000047  0.21358001232147217
13000048  0.21358001232147217
13000051  0.21358001232147217
13100043  0.21358001232147217
13100044  0.21358001232147217
13100045  0.21358001232147217
13100048  0.21358001232147217
13100049  0.21358001232147217
13200045  0.21358001232147217
13200046  0.21358001232147217
13200049  0.21358001232147217
13200050  0.21358001232147217
13200051  0.21358001232147217
13200112  0.21358001232147217
13200113  0.21358001232147217
13200117  0.21358001232147217
13200121  0.21358001232147217
13200125  0.21358001232147217
13200129  0.21358001232147217
13200133  0.21358001232147217
13200137  0.21358001232147217
13300026  0.21358001232147217
13300043  0.21358001232147217
13300044  0.21358001232147217
13300047  0.21358001232147217
13300048  0.21358001232147217
13400045  0.21358001232147217
13600046  0.21358001232147217
13600050  0.21358001232147217
13600051  0.21358001232147217
13800048  0.21358001232147217
13800054  0.21358001232147217
13900049  0.21358001232147217
13900050  0.21358001232147217
13900051  0.21358001232147217
13900052  0.21358001232147217
13900053  0.21358001232147217
14000045  0.21358001232147217
14000049  0.21358001232147217
14000053  0.21358001232147217
14100043  0.21358001232147217
14100052  0.21358001232147217
14200043  0.21358001232147217
14200044  0.21358001232147217
14200045  0.21358001232147217
14200046  0.21358001232147217
14200047  0.21358001232147217
14200048  0.21358001232147217
14200049  0.21358001232147217
14200050  0.21358001232147217
14200051  0.21358001232147217
14200052  0.21358001232147217
14200114  0.21358001232147217
14300043  0.21358001232147217
14300044  0.21358001232147217
14300046  0.21358001232147217
14300047  0.21358001232147217
14300048  0.21358001232147217
14300050  0.21358001232147217
14300051  0.21358001232147217
14300052  0.21358001232147217
14400044  0.21358001232147217
14400045  0.21358001232147217
14400047  0.21358001232147217
14400048  0.21358001232147217
14400050  0.21358001232147217
14400051  0.21358001232147217
14700045  0.21358001232147217
14700046  0.21358001232147217
14700047  0.21358001232147217
14700048  0.21358001232147217
14700050  0.21358001232147217
14800043  0.21358001232147217
14800044  0.21358001232147217
14800047  0.21358001232147217
14800048  0.21358001232147217
14800049  0.21358001232147217
14800050  0.21358001232147217
14800051  0.21358001232147217
14800112  0.21358001232147217
14800116  0.21358001232147217
14800120  0.21358001232147217
14800121  0.21358001232147217
14800123  0.21358001232147217
14800127  0.21358001232147217
14800128  0.21358001232147217
14800130  0.21358001232147217
14800131  0.21358001232147217
14800132  0.21358001232147217
14800134  0.21358001232147217
14800136  0.21358001232147217
14800140  0.21358001232147217
14800141  0.21358001232147217
14800142  0.21358001232147217
14800144  0.21358001232147217
14800145  0.21358001232147217
14800149  0.21358001232147217
14800153  0.21358001232147217
14800157  0.21358001232147217
14800161  0.21358001232147217
14800165  0.21358001232147217
14800167  0.21358001232147217
14800168  0.21358001232147217
14800169  0.21358001232147217
14800174  0.21358001232147217
14800175  0.21358001232147217
14800178  0.21358001232147217
14800179  0.21358001232147217
14800180  0.21358001232147217
14900042  0.21358001232147217
14900043  0.21358001232147217
14900044  0.21358001232147217
14900047  0.21358001232147217
15000043  0.21358001232147217
15000050  0.21358001232147217
15000051  0.21358001232147217
15000052  0.21358001232147217
15100042  0.21358001232147217
15100043  0.21358001232147217
15100046  0.21358001232147217
15200049  0.21358001232147217
15200050  0.21358001232147217
15200051  0.21358001232147217
15200052  0.21358001232147217
15200053  0.21358001232147217
15300048  0.21358001232147217
15300050  0.21358001232147217
15300051  0.21358001232147217
15300052  0.21358001232147217
15300053  0.21358001232147217
15400043  0.21358001232147217
15400047  0.21358001232147217
15400048  0.21358001232147217
15400050  0.21358001232147217
15500044  0.21358001232147217
15500048  0.21358001232147217
15500052  0.21358001232147217
15500113  0.21358001232147217
15500117  0.21358001232147217
15500121  0.21358001232147217
15500122  0.21358001232147217
15500123  0.21358001232147217
15500126  0.21358001232147217
15500127  0.21358001232147217
15500128  0.21358001232147217
15500129  0.21358001232147217
15500150  0.21358001232147217
15500153  0.21358001232147217
15500154  0.21358001232147217
15500155  0.21358001232147217
15500157  0.21358001232147217
15500161  0.21358001232147217
15500168  0.21358001232147217
15500170  0.21358001232147217
15500171  0.21358001232147217
15500172  0.21358001232147217
15500174  0.21358001232147217
15600044  0.21358001232147217
15600046  0.21358001232147217
15600051  0.21358001232147217
15700112  0.21358001232147217
15700116  0.21358001232147217
15700120  0.21358001232147217
15700124  0.21358001232147217
15700128  0.21358001232147217
15700132  0.21358001232147217
15700133  0.21358001232147217
15700134  0.21358001232147217
15700135  0.21358001232147217
15700136  0.21358001232147217
15700137  0.21358001232147217
15700138  0.21358001232147217
15700142  0.21358001232147217
15700146  0.21358001232147217
15700150  0.21358001232147217
15700151  0.21358001232147217
15700152  0.21358001232147217
15700153  0.21358001232147217
15700154  0.21358001232147217
15700156  0.21358001232147217
16000043  0.21358001232147217
16000044  0.21358001232147217
16000045  0.21358001232147217
16000047  0.21358001232147217
16000048  0.21358001232147217
16000049  0.21358001232147217
16000050  0.21358001232147217
16000052  0.21358001232147217
16100047  0.21358001232147217
16100053  0.21358001232147217
16200045  0.21358001232147217
16200049  0.21358001232147217
16200050  0.21358001232147217
16300044  0.21358001232147217
16300045  0.21358001232147217
16300046  0.21358001232147217
16300047  0.21358001232147217
16300048  0.21358001232147217
16300049  0.21358001232147217
16300052  0.21358001232147217
16300111  0.21358001232147217
16300115  0.21358001232147217
16300120  0.21358001232147217
16300121  0.21358001232147217
16300124  0.21358001232147217
16300128  0.21358001232147217
16300129  0.21358001232147217
16300132  0.21358001232147217
16400043  0.21358001232147217
16400048  0.21358001232147217
16400049  0.21358001232147217
16400050  0.21358001232147217
16400051  0.21358001232147217
16400052  0.21358001232147217
16400112  0.21358001232147217
16400113  0.21358001232147217
16400114  0.21358001232147217
16400117  0.21358001232147217
16400123  0.21358001232147217
16400124  0.21358001232147217
16400125  0.21358001232147217
16400128  0.21358001232147217
16500043  0.21358001232147217
16500044  0.21358001232147217
16500045  0.21358001232147217
16500048  0.21358001232147217
16500052  0.21358001232147217
16500053  0.21358001232147217
16500111  0.21358001232147217
16500112  0.21358001232147217
16500113  0.21358001232147217
16500114  0.21358001232147217
16500115  0.21358001232147217
16500116  0.21358001232147217
16500118  0.21358001232147217
16500121  0.21358001232147217
16500122  0.21358001232147217
16500123  0.21358001232147217
16500124  0.21358001232147217
16500125  0.21358001232147217
16500128  0.21358001232147217
16500129  0.21358001232147217
16500131  0.21358001232147217
16500134  0.21358001232147217
16500135  0.21358001232147217
16500137  0.21358001232147217
16500138  0.21358001232147217
16500139  0.21358001232147217
16500140  0.21358001232147217
16500141  0.21358001232147217
16500144  0.21358001232147217
16500148  0.21358001232147217
16500149  0.21358001232147217
16500150  0.21358001232147217
16500154  0.21358001232147217
16500155  0.21358001232147217
16500156  0.21358001232147217
16500160  0.21358001232147217
16500161  0.21358001232147217
16500168  0.21358001232147217
16500169  0.21358001232147217
16500170  0.21358001232147217
16500174  0.21358001232147217
16500175  0.21358001232147217
16500176  0.21358001232147217
16500177  0.21358001232147217
16500178  0.21358001232147217
16500179  0.21358001232147217
16500181  0.21358001232147217
16600043  0.21358001232147217
16700042  0.21358001232147217
16700045  0.21358001232147217
16700046  0.21358001232147217
16700047  0.21358001232147217
16700051  0.21358001232147217
16700052  0.21358001232147217
16800043  0.21358001232147217
16800044  0.21358001232147217
16800045  0.21358001232147217
16800046  0.21358001232147217
16800047  0.21358001232147217
16800048  0.21358001232147217
16800049  0.21358001232147217
16800050  0.21358001232147217
16800051  0.21358001232147217
16800113  0.21358001232147217
16800114  0.21358001232147217
16800116  0.21358001232147217
16800120  0.21358001232147217
16800121  0.21358001232147217
16800124  0.21358001232147217
16800128  0.21358001232147217
16800129  0.21358001232147217
16800132  0.21358001232147217
16800136  0.21358001232147217
16800137  0.21358001232147217
16900043  0.21358001232147217
16900048  0.21358001232147217
16900051  0.21358001232147217
16900052  0.21358001232147217
16900053  0.21358001232147217
16900114  0.21358001232147217
16900115  0.21358001232147217
16900119  0.21358001232147217
16900120  0.21358001232147217
16900156  0.21358001232147217
16900160  0.21358001232147217
16900163  0.21358001232147217
17000046  0.21358001232147217
17000047  0.21358001232147217
17000113  0.21358001232147217
17000114  0.21358001232147217
17000116  0.21358001232147217
17000119  0.21358001232147217
17000120  0.21358001232147217
17000121  0.21358001232147217
17000124  0.21358001232147217
17100048  0.21358001232147217
17100051  0.21358001232147217
17200052  0.21358001232147217
17300053  0.21358001232147217
17300112  0.21358001232147217
17300113  0.21358001232147217
17300114  0.21358001232147217
17300115  0.21358001232147217
17300116  0.21358001232147217
17300119  0.21358001232147217
17400053  0.21358001232147217
17500117  0.21358001232147217
17500130  0.21358001232147217
17500134  0.21358001232147217
17500145  0.21358001232147217
17500157  0.21358001232147217
17500165  0.21358001232147217
17500174  0.21358001232147217
18000112  0.21358001232147217
18000113  0.21358001232147217
18000114  0.21358001232147217
18000115  0.21358001232147217
18000116  0.21358001232147217
18000117  0.21358001232147217
18000118  0.21358001232147217
18000120  0.21358001232147217
18000121  0.21358001232147217
18000125  0.21358001232147217
18000126  0.21358001232147217
18000128  0.21358001232147217
18200112  0.21358001232147217
18200114  0.21358001232147217
18200115  0.21358001232147217
18200117  0.21358001232147217
18200121  0.21358001232147217
18200122  0.21358001232147217
18200123  0.21358001232147217
18200124  0.21358001232147217
18200125  0.21358001232147217
18200126  0.21358001232147217
18200128  0.21358001232147217
18200129  0.21358001232147217
18200130  0.21358001232147217
18200132  0.21358001232147217
18200135  0.21358001232147217
18200138  0.21358001232147217
18200139  0.21358001232147217
18200141  0.21358001232147217
18700121  0.21358001232147217
18700132  0.21358001232147217
18700143  0.21358001232147217
18700154  0.21358001232147217
18700165  0.21358001232147217
18700176  0.21358001232147217
18800128  0.21358001232147217
18800129  0.21358001232147217
18800130  0.21358001232147217
18800134  0.21358001232147217
18800137  0.21358001232147217
18900132  0.21358001232147217
18900133  0.21358001232147217
18900134  0.21358001232147217
18900140  0.21358001232147217
18900147  0.21358001232147217
18900154  0.21358001232147217
18900161  0.21358001232147217
18900168  0.21358001232147217
18900174  0.21358001232147217
18900178  0.21358001232147217
19000140  0.21358001232147217
19000141  0.21358001232147217
19000142  0.21358001232147217
19000145  0.21358001232147217
19100146  0.21358001232147217
19100147  0.21358001232147217
19100148  0.21358001232147217
19100150  0.21358001232147217
19200152  0.21358001232147217
19200153  0.21358001232147217
19200154  0.21358001232147217
19200157  0.21358001232147217
19300164  0.21358001232147217
19300165  0.21358001232147217
19400169  0.21358001232147217
19400170  0.21358001232147217
19400171  0.21358001232147217
19400172  0.21358001232147217
19400175  0.21358001232147217
19400176  0.21358001232147217
19400178  0.21358001232147217
19400179  0.21358001232147217
19400181  0.21358001232147217
14900030  0.21355673670768738
15300031  0.2135400027036667
11400029  0.21353484690189362
14700027  0.2135312557220459
13600033  0.21352903544902802
8100027  0.21352024376392365
12000030  0.21351686120033264
4700029  0.2135155200958252
5600033  0.21351537108421326
10400030  0.2135116308927536
13100031  0.21350565552711487
14700030  0.2134956270456314
13100028  0.21349504590034485
12400032  0.2134949117898941
13900029  0.2134925276041031
3900028  0.21349191665649414
12700029  0.21349191665649414
13300027  0.21349169313907623
5200031  0.21348927915096283
14000033  0.2134840488433838
8600032  0.21347948908805847
6900029  0.2134791612625122
14500027  0.2134772688150406
15800033  0.21347589790821075
7700032  0.21346840262413025
14300030  0.21346305310726166
5200028  0.21346279978752136
11200031  0.21345928311347961
14000032  0.21345749497413635
15400033  0.21345184743404388
14000027  0.21345169842243195
15000028  0.21344828605651855
8200027  0.21344664692878723
7800033  0.21344180405139923
14700033  0.21343915164470673
14300031  0.2134382277727127
10500028  0.213433638215065
11300026  0.2134324461221695
12000029  0.21343225240707397
12700028  0.21343082189559937
12900033  0.21342632174491882
10400026  0.21342627704143524
10300029  0.21342360973358154
14700028  0.21342213451862335
15300033  0.2134193480014801
10100031  0.21341782808303833
8600030  0.21341648697853088
5500024  0.21341541409492493
10700028  0.21341072022914886
8600033  0.21340684592723846
12300027  0.21340464055538177
10100033  0.21340002119541168
14500033  0.2133997529745102
10300027  0.2133980691432953
12500033  0.2133963257074356
11000028  0.21339616179466248
3000029  0.2133960723876953
13300030  0.2133951634168625
9700032  0.2133951187133789
15100030  0.21339498460292816
15600032  0.2133912891149521
6500027  0.21339109539985657
12700031  0.21338920295238495
7600031  0.213389053940773
8600028  0.2133866399526596
14500031  0.2133859097957611
4200029  0.21338286995887756
3600032  0.21338127553462982
10400032  0.21338093280792236
15300032  0.21337974071502686
15500033  0.2133769690990448
15100029  0.2133743315935135
6600029  0.2133726179599762
13400029  0.21337100863456726
2900030  0.21337099373340607
10300033  0.21336796879768372
6500030  0.2133651077747345
9400026  0.21336454153060913
14300026  0.21336428821086884
9500030  0.21336273849010468
13300029  0.21336238086223602
3000033  0.21335811913013458
13400027  0.2133578658103943
14400030  0.21335741877555847
3600033  0.21335208415985107
7600026  0.21335208415985107
9400027  0.21335038542747498
10100032  0.21334955096244812
10700030  0.2133493572473526
15700032  0.2133481800556183
10900029  0.21334631741046906
9800029  0.2133457064628601
3300029  0.21334519982337952
11600032  0.21334515511989594
8900026  0.21334509551525116
10800027  0.21334463357925415
15600031  0.21334461867809296
14500030  0.2133430540561676
9000033  0.21334023773670197
13000032  0.21333733201026917
12000026  0.21333672106266022
10800033  0.2133353352546692
15400032  0.2133314162492752
10400029  0.2133304327726364
10400033  0.21332630515098572
10300031  0.2133260816335678
11300031  0.2133249193429947
8200030  0.21332482993602753
13900028  0.21332235634326935
14900031  0.2133222222328186
11700027  0.21332059800624847
3500027  0.2133202701807022
8200026  0.21331965923309326
3500030  0.2133108675479889
15200029  0.21330974996089935
15500030  0.2133045643568039
4900031  0.213302344083786
7600027  0.21329385042190552
8400026  0.21329057216644287
10200028  0.21328982710838318
11800030  0.21328949928283691
10000029  0.21328794956207275
8400024  0.21328763663768768
8100033  0.21328586339950562
2700033  0.21328456699848175
10500030  0.21328267455101013
10100027  0.21327757835388184
9700028  0.2132766842842102
11200030  0.21327638626098633
10800031  0.21327483654022217
14700029  0.21327397227287292
5500031  0.21327276527881622
7600030  0.2132716327905655
15000032  0.21327057480812073
14200031  0.2132650762796402
11400028  0.21326395869255066
12100032  0.21326354146003723
3300030  0.21326343715190887
13000026  0.21326091885566711
4700028  0.21325775980949402
10200032  0.21325592696666718
5700027  0.2132558673620224
1500033  0.2132522165775299
12200031  0.21324899792671204
7700033  0.21324877440929413
11500029  0.21324831247329712
13400028  0.21324461698532104
14900028  0.2132435441017151
7600032  0.21324053406715393
8800033  0.213240385055542
3000030  0.21323944628238678
4500032  0.21323905885219574
12000027  0.21323351562023163
3700030  0.21323268115520477
9000027  0.21323151886463165
5700028  0.21322400867938995
7100032  0.2132236212491989
14200032  0.21322202682495117
3900030  0.21321628987789154
5700033  0.21321073174476624
14400027  0.21320854127407074
10900028  0.2132081687450409
13300031  0.21320779621601105
12900032  0.21320563554763794
7100027  0.21320369839668274
2500029  0.21320322155952454
10800032  0.21320264041423798
13300032  0.21319754421710968
11500032  0.213193878531456
13100030  0.2131926268339157
9100029  0.21319247782230377
12900026  0.2131909877061844
14400028  0.21318867802619934
4500028  0.21318718791007996
13400032  0.21318481862545013
10700032  0.2131839096546173
13600030  0.21317821741104126
5100028  0.21317780017852783
15500032  0.21317650377750397
5000029  0.21317598223686218
12100028  0.21317531168460846
3500028  0.21317511796951294
5100030  0.21317240595817566
6600028  0.21317152678966522
4600028  0.21316826343536377
5600029  0.21316680312156677
13000031  0.21316532790660858
9700033  0.2131614238023758
5200029  0.2131587117910385
2700029  0.2131573110818863
14000030  0.21315105259418488
7100028  0.2131500244140625
11700032  0.21314653754234314
15500031  0.2131451815366745
13600031  0.21314361691474915
3500029  0.2131424844264984
15200030  0.21314223110675812
9100027  0.2131417989730835
11500028  0.21314050257205963
12400029  0.2131384164094925
5000031  0.2131383717060089
5000030  0.2131352573633194
6900030  0.2131333202123642
12700030  0.21313276886940002
13900030  0.2131323665380478
15600033  0.21312953531742096
5000027  0.21312887966632843
11600033  0.21312867105007172
6600032  0.21311797201633453
9000028  0.21311324834823608
3300032  0.21310843527317047
7700028  0.21310800313949585
13000029  0.21310800313949585
8400028  0.21310652792453766
8100028  0.21309778094291687
13600029  0.21309445798397064
10200030  0.21308934688568115
9000026  0.21307514607906342
14300028  0.21307459473609924
6900031  0.21306808292865753
15400030  0.21306157112121582
10500029  0.21306024491786957
9900027  0.2130591869354248
10700029  0.21305592358112335
8100032  0.2130504697561264
13100029  0.21304920315742493
8200029  0.21304741501808167
4900030  0.21304631233215332
13900031  0.2130453735589981
4200027  0.21304500102996826
15200031  0.21304236352443695
8800031  0.21303442120552063
11200028  0.2130325883626938
8600027  0.21303024888038635
2900025  0.21302753686904907
9100026  0.21302665770053864
10200026  0.2130255103111267
11900027  0.213022843003273
14400026  0.2130184918642044
2500030  0.21300244331359863
3100023  0.21300119161605835
14600027  0.2130003422498703
15100031  0.2129904180765152
5100027  0.21298812329769135
2500031  0.21298089623451233
4100020  0.21297165751457214
14000031  0.21297140419483185
9700029  0.21297001838684082
12000028  0.21296575665473938
5500027  0.21295912563800812
11000029  0.2129547894001007
11300030  0.21291162073612213
8000028  0.21290983259677887
8200032  0.2129085659980774
5700026  0.21290571987628937
7700027  0.21290303766727448
3900029  0.2128974050283432
5700030  0.21289724111557007
9300025  0.21289126574993134
11800023  0.21288836002349854
13900026  0.21287424862384796
2400027  0.21287208795547485
8400023  0.21286733448505402
11900028  0.21286098659038544
4700024  0.2128518968820572
14600028  0.21285083889961243
14300027  0.21284082531929016
14000029  0.2128324657678604
3900031  0.21283096075057983
13800025  0.21282850205898285
12400024  0.21280741691589355
10300028  0.2128010094165802
9100028  0.21279843151569366
5000026  0.21278636157512665
14800027  0.21277765929698944
9500019  0.21276061236858368
12300031  0.21273644268512726
9100025  0.212733656167984
9700027  0.2127082198858261
12700023  0.21270032227039337
7700023  0.21267659962177277
6500025  0.2126513123512268
10100026  0.21259120106697083
3100021  0.21259091794490814
3100022  0.21258656680583954
9200020  0.21257247030735016
10900021  0.21253281831741333
10800025  0.21251922845840454
9400022  0.21251818537712097
13600026  0.21251468360424042
13500025  0.21249373257160187
5700025  0.2124851793050766
12700024  0.21245941519737244
11900024  0.21240773797035217
10400024  0.21239757537841797
6600022  0.21238768100738525
11400020  0.21237623691558838
3700026  0.21236126124858856
13900025  0.21233882009983063
6500023  0.21230177581310272
13700026  0.21229155361652374
2600025  0.2122112661600113
5000025  0.21220603585243225
4900026  0.21220487356185913
11600025  0.21220414340496063
14000026  0.21219205856323242
9500026  0.21218661963939667
2700025  0.21217386424541473
12100022  0.21214352548122406
4100025  0.21212095022201538
10400022  0.21211755275726318
11000021  0.2120969146490097
6200020  0.21205836534500122
2500022  0.21205437183380127
1900019  0.2120477706193924
9900022  0.2120429277420044
13400026  0.21203184127807617
5100025  0.21202901005744934
9700025  0.21202632784843445
9700021  0.21202203631401062
6100025  0.21202173829078674
11800021  0.2119765281677246
12500022  0.21197092533111572
5200024  0.2119653820991516
3900022  0.2119646966457367
13200023  0.21196003258228302
7800025  0.21193717420101166
8000020  0.21192725002765656
10300025  0.21192122995853424
10300024  0.2119104415178299
13600025  0.21189910173416138
3900026  0.21189697086811066
9000022  0.21189269423484802
8100020  0.2118787169456482
3600021  0.21186213195323944
12700022  0.2118474394083023
8200023  0.21184712648391724
6700025  0.21183648705482483
7100026  0.21183139085769653
7800026  0.2118157297372818
7600023  0.2118106633424759
4200026  0.21179939806461334
12200023  0.2117938995361328
5600020  0.21177658438682556
7600020  0.21176965534687042
3500024  0.21176265180110931
9900020  0.21176157891750336
13500023  0.21176061034202576
10200023  0.21175739169120789
10800026  0.21174423396587372
2600019  0.21173590421676636
10500022  0.21173535287380219
4900022  0.21172760426998138
11600026  0.2117217779159546
12100024  0.21172049641609192
3900023  0.2117183804512024
12800025  0.21171613037586212
9600026  0.21171577274799347
9900024  0.21170230209827423
13000022  0.2116824984550476
12400025  0.21168045699596405
10500026  0.2116789072751999
12300022  0.21167540550231934
9700023  0.2116727977991104
7100022  0.2116631716489792
11900026  0.21166035532951355
3200023  0.21164818108081818
12800024  0.21159547567367554
3100025  0.2115933895111084
1500023  0.21156436204910278
13400024  0.2115524858236313
6900020  0.21154575049877167
9600025  0.21154433488845825
3500023  0.21152427792549133
10700022  0.2115166038274765
3900021  0.2115127593278885
2900020  0.2115088850259781
11200024  0.21150849759578705
10700019  0.21148161590099335
6500026  0.2114730030298233
13100025  0.21144606173038483
13700024  0.2114209085702896
8500019  0.2114095240831375
8200025  0.21140728890895844
12000021  0.21138735115528107
12900022  0.2113857865333557
13100026  0.211383655667305
11000020  0.21137376129627228
10200022  0.21136929094791412
10100024  0.21134892106056213
11800026  0.21132351458072662
4300020  0.21132156252861023
2500020  0.21130569279193878
5100022  0.21128657460212708
3700022  0.21127964556217194
8600023  0.21127082407474518
6500022  0.21127061545848846
9800025  0.21126632392406464
3000025  0.21125997602939606
10000022  0.2112414836883545
14100026  0.21123605966567993
10000025  0.21122029423713684
9600021  0.21121737360954285
10300026  0.2112085074186325
5500023  0.21120834350585938
11000024  0.2111983597278595
12100025  0.21119670569896698
11500020  0.211180180311203
11300022  0.21117764711380005
11400024  0.2111705243587494
6100021  0.21116220951080322
4200024  0.21114206314086914
10700024  0.21112816035747528
8600022  0.21111956238746643
3600022  0.21109995245933533
5100023  0.2110852301120758
3000022  0.2110784947872162
5000023  0.21107511222362518
2600024  0.2110399454832077
5000021  0.21103429794311523
6900021  0.21100164949893951
11400025  0.21099863946437836
4500024  0.21097254753112793
9100023  0.21095570921897888
9300024  0.21093155443668365
12400022  0.21091032028198242
3600023  0.21090126037597656
5500020  0.21089978516101837
12000022  0.21089838445186615
9000021  0.210895374417305
10500020  0.21088871359825134
11400021  0.21088606119155884
11900021  0.2108641117811203
4100023  0.2108573317527771
8200024  0.21085062623023987
4200020  0.210831418633461
7700022  0.2108134925365448
13400023  0.21081261336803436
10700023  0.2108110785484314
9000020  0.21078640222549438
3600020  0.210768923163414
9300020  0.2107563316822052
5700024  0.21074515581130981
8400022  0.21073535084724426
11800024  0.21073147654533386
9600020  0.210717111825943
4100024  0.2107122540473938
3600026  0.21070271730422974
9800020  0.21069888770580292
6600024  0.2106916308403015
12200022  0.21067799627780914
12100021  0.2106751799583435
2000024  0.21065226197242737
11800025  0.21063300967216492
12800022  0.21062619984149933
2600020  0.21062064170837402
8200020  0.21060708165168762
11900022  0.21060191094875336
8100022  0.21059270203113556
7800024  0.21057476103305817
4100021  0.21055400371551514
4700020  0.21055299043655396
2700021  0.2105320692062378
7100025  0.21053147315979004
12100023  0.2105085700750351
3500021  0.21049825847148895
3500022  0.21049436926841736
8100023  0.2104511260986328
5700023  0.21044668555259705
11100024  0.21044309437274933
4600022  0.21043619513511658
11900023  0.21042698621749878
11500024  0.21040548384189606
4200025  0.2104029655456543
5000024  0.21040165424346924
2800020  0.21039064228534698
12000023  0.21035753190517426
9800022  0.21035294234752655
6600021  0.21034495532512665
3400020  0.21033543348312378
8300021  0.21032708883285522
14200026  0.21029649674892426
3100024  0.21028366684913635
10400023  0.2102813571691513
13300023  0.2102687805891037
10100023  0.21026213467121124
1900020  0.210246741771698
10500025  0.21024134755134583
5600024  0.21023288369178772
11600024  0.210223987698555
11200020  0.2101973444223404
3500025  0.21019570529460907
10300022  0.21019406616687775
3200020  0.2101813405752182
11700020  0.21017171442508698
4900023  0.2101522982120514
6900024  0.21012254059314728
12700025  0.21011263132095337
9700020  0.21010296046733856
2500023  0.21005675196647644
10300023  0.21005216240882874
8800021  0.21005114912986755
8700022  0.2100464403629303
5600022  0.2100447118282318
5600023  0.21004286408424377
10800021  0.21003443002700806
7900021  0.21003231406211853
10900020  0.21001923084259033
6700021  0.21001562476158142
7100021  0.21000143885612488
9200021  0.2100001722574234
13600024  0.20999327301979065
9900023  0.20998650789260864
10800024  0.20996855199337006
13100022  0.2099662572145462
11600020  0.2099417746067047
8900020  0.20992417633533478
3000021  0.2098626047372818
5300020  0.20985347032546997
4900021  0.20985324680805206
3400021  0.2098306119441986
11500021  0.20979462563991547
13500024  0.20978319644927979
8100025  0.20973747968673706
5200020  0.20961371064186096
12300024  0.20952214300632477
6700022  0.2094409316778183
10700021  0.20944075286388397
12600022  0.20943479239940643
12400023  0.2094295173883438
9800021  0.20942950248718262
4500020  0.2093135267496109
11300021  0.20927020907402039
7600021  0.20923888683319092
11800020  0.20920804142951965
11200021  0.20917238295078278
9500022  0.20909608900547028
5000020  0.2089245319366455
10500021  0.20878736674785614
8400021  0.20853310823440552
9300063  0.1792883276939392
18300066  0.1788991093635559
13200061  0.1786055713891983
12900066  0.17859438061714172
12500063  0.17851930856704712
5100063  0.17809432744979858
16900065  0.17809058725833893
11500064  0.1780170500278473
14000063  0.1779443472623825
11300054  0.1778932809829712
18300064  0.17757751047611237
17700063  0.17751973867416382
18100060  0.17747990787029266
15400065  0.17747730016708374
6500057  0.1773843914270401
12000066  0.1773761510848999
17900059  0.17736569046974182
6600064  0.1773512363433838
17100059  0.17731037735939026
11300063  0.1773034781217575
13500065  0.17721058428287506
14700063  0.17719310522079468
3000065  0.17706747353076935
3300059  0.17706136405467987
11300059  0.17702800035476685
12400063  0.1770266890525818
3300065  0.17702096700668335
16500058  0.17701026797294617
16100061  0.1770043969154358
6600061  0.17699797451496124
7600064  0.17699114978313446
3000059  0.17697887122631073
17700058  0.17697814106941223
7800065  0.17696768045425415
3700055  0.17693831026554108
11300057  0.17693555355072021
16100065  0.1769295334815979
14700054  0.1769026219844818
7600066  0.17689719796180725
17900062  0.17687766253948212
10000058  0.17687083780765533
18400066  0.17686520516872406
17600065  0.176850825548172
17000065  0.17683230340480804
15300060  0.1768142580986023
18000062  0.17680276930332184
7800061  0.1767614632844925
12900064  0.17675909399986267
13200063  0.1767565757036209
11300065  0.17674142122268677
16800066  0.17672626674175262
11200063  0.17672418057918549
16000055  0.17670197784900665
14800055  0.17667053639888763
17300064  0.17666900157928467
16800054  0.17665952444076538
6500061  0.17664381861686707
9300058  0.17663182318210602
7800054  0.17662912607192993
5100065  0.17660017311573029
12500061  0.1765674501657486
15300054  0.17656733095645905
7800066  0.1765267252922058
3300064  0.1765129268169403
14200064  0.1764840930700302
18200064  0.1764822155237198
17100062  0.17648109793663025
3300060  0.17643555998802185
13900063  0.17640003561973572
10300057  0.17639203369617462
11500055  0.17637358605861664
17600063  0.17636360228061676
13900057  0.17633840441703796
9300062  0.17631031572818756
16900066  0.17629733681678772
16700061  0.1762893795967102
13200065  0.17627941071987152
10000062  0.1762625128030777
16500066  0.17625296115875244
16300054  0.1762448102235794
6600065  0.17623358964920044
13200059  0.17623350024223328
13200064  0.17620743811130524
15000055  0.17620046436786652
12400065  0.17619621753692627
16300058  0.1761733889579773
3300061  0.17617277801036835
14700059  0.17616400122642517
15300065  0.17615726590156555
12900056  0.17610599100589752
17000061  0.17610447108745575
15500060  0.17610087990760803
13500060  0.17608949542045593
15700055  0.1760881096124649
15300063  0.17608720064163208
6600060  0.17608709633350372
15400062  0.17607755959033966
13000063  0.17607489228248596
16400056  0.17606103420257568
7600059  0.17604473233222961
15200064  0.1760314553976059
17300066  0.17600589990615845
17600066  0.17599175870418549
17900065  0.17598669230937958
16900064  0.17597904801368713
16900060  0.17594917118549347
17300056  0.17593827843666077
13500055  0.17593632638454437
17300065  0.1759207397699356
13900059  0.17591817677021027
3700062  0.17591258883476257
15600066  0.17590872943401337
12000058  0.1759059578180313
3300062  0.17589953541755676
17500054  0.17588584125041962
3700056  0.1758812814950943
9300056  0.1758563071489334
13000059  0.17585232853889465
17900060  0.17583905160427094
15200054  0.1758195459842682
16500065  0.1758105754852295
12900063  0.1758093386888504
5100058  0.1757878065109253
6500065  0.17577068507671356
12300058  0.17575791478157043
12900065  0.17574439942836761
17800056  0.17573674023151398
13500062  0.17572200298309326
12300066  0.17570243775844574
14100062  0.17569907009601593
15700059  0.17567642033100128
17400055  0.1756601482629776
16500059  0.17564722895622253
14800063  0.1756386011838913
15300064  0.17563776671886444
13600054  0.1756371706724167
14800054  0.17561334371566772
13500061  0.17560581862926483
11200064  0.17558488249778748
15200058  0.1755572259426117
15500056  0.1755465865135193
15300061  0.17554253339767456
7800059  0.17552046477794647
14000064  0.17551833391189575
13900065  0.17551174759864807
10300059  0.17550642788410187
15300055  0.17550477385520935
3000064  0.1754877120256424
17600059  0.17548711597919464
13200060  0.1754826009273529
8000055  0.17540721595287323
16300063  0.17540274560451508
16300061  0.1753842532634735
16700058  0.17536403238773346
16300059  0.17536012828350067
5100062  0.17532216012477875
14400059  0.17531980574131012
12500056  0.17531374096870422
15200063  0.1753128468990326
7800058  0.17530395090579987
17600058  0.17530035972595215
15600059  0.17527030408382416
17900061  0.17526650428771973
14400054  0.17524106800556183
10300064  0.17522820830345154
16700057  0.17522263526916504
7800055  0.1751987636089325
3700058  0.17519141733646393
16900061  0.17516006529331207
12500066  0.1751558780670166
17600056  0.17514310777187347
10300056  0.17512211203575134
3700059  0.17511048913002014
17500064  0.17510642111301422
16700055  0.17510555684566498
11500060  0.17509396374225616
11200066  0.17507198452949524
6500064  0.1750713288784027
13500063  0.17506985366344452
16700056  0.17505188286304474
12300060  0.17503494024276733
12300056  0.1750175505876541
9300059  0.17500951886177063
11300064  0.17499439418315887
11200059  0.17499074339866638
14300056  0.17495252192020416
5100057  0.17491354048252106
16400055  0.1749134063720703
17700062  0.17489011585712433
16400061  0.17488448321819305
14000062  0.17487861216068268
7800064  0.1748730093240738
15600060  0.17486898601055145
3300058  0.17486435174942017
17600062  0.17483149468898773
12000062  0.1747959405183792
15200062  0.17478898167610168
11300058  0.1747775822877884
16700054  0.17476999759674072
11500054  0.17475594580173492
14800059  0.1747448742389679
15400064  0.1747225821018219
7800060  0.17472220957279205
13900062  0.174720898270607
15600055  0.17471620440483093
3000061  0.17468520998954773
5100061  0.17467062175273895
9300055  0.1746705025434494
9300060  0.1746562123298645
16500061  0.1746475249528885
12500057  0.1746334433555603
11200056  0.17463290691375732
15300062  0.17460831999778748
15700063  0.17460563778877258
15400063  0.1745896190404892
16100066  0.17454667389392853
13900058  0.17452092468738556
17000062  0.17450495064258575
8800055  0.17447565495967865
16400060  0.17445044219493866
17700056  0.17440275847911835
9300057  0.17438650131225586
12500059  0.17438213527202606
14200059  0.17434550821781158
11200055  0.1743442416191101
17100063  0.1743219494819641
8800054  0.17431117594242096
12400057  0.17429496347904205
17300063  0.1742878407239914
15400058  0.17426776885986328
12500062  0.174240380525589
10300063  0.1742398887872696
13500056  0.17417199909687042
3300063  0.1741628795862198
12400062  0.17409153282642365
6500060  0.1740524172782898
14400055  0.17405202984809875
16500060  0.17404817044734955
13200054  0.17404504120349884
15400059  0.1740218698978424
13000055  0.17400036752223969
14700062  0.17398510873317719
14200060  0.17395824193954468
18000060  0.17395533621311188
12900054  0.17393968999385834
17100058  0.17390485107898712
7800062  0.1738944798707962
13200055  0.17386873066425323
13500057  0.173863485455513
16800062  0.17385174334049225
16900056  0.17382848262786865
17300057  0.17379063367843628
10300060  0.17376984655857086
14000057  0.1737469583749771
6600056  0.17373739182949066
16800058  0.17367306351661682
13200058  0.1736699342727661
3700060  0.1736607402563095
17700057  0.1736326962709427
5100060  0.17361591756343842
6500055  0.17357659339904785
13900056  0.17351406812667847
12900055  0.173342764377594
16400057  0.17328807711601257
3000055  0.1732305884361267
3000058  0.1732037216424942
12000054  0.1731884628534317
16400062  0.1731872707605362
17000064  0.17318372428417206
12300057  0.173167884349823
10300058  0.17307229340076447
14700058  0.1730707585811615
16500057  0.17299164831638336
4500056  0.1729741245508194
17500057  0.17291954159736633
14200055  0.17291073501110077
15300058  0.17283853888511658
16100057  0.17234309017658234
17600055  0.17228469252586365
17100057  0.1722126007080078
11500019  0.15844260156154633
14800181  0.13406632840633392
9800033  0.11616050451993942
17300111  0.078604556620121
7100042  0.05793304741382599
8600018  0.04218514263629913
4400019  0.04210489243268967
7200016  0.042049940675497055
7600017  0.04203666001558304
4300018  0.04203330725431442
8700018  0.04201684892177582
6200019  0.042006202042102814
1000005  0.04199150204658508
2000019  0.04191730543971062
9600019  0.04191669449210167
6100018  0.04190294072031975
4500016  0.041894715279340744
8700019  0.04188358038663864
2800017  0.04184697940945625
8100016  0.04184054583311081
3200019  0.04183364659547806
4100013  0.041809722781181335
6900019  0.041801996529102325
9700019  0.04180147126317024
7200015  0.04179169237613678
2900017  0.04178725555539131
4700015  0.04177636280655861
7700019  0.04177534952759743
3600018  0.04176262021064758
7100015  0.04176197201013565
5500019  0.0417608842253685
5600015  0.041758958250284195
7000015  0.04175588861107826
11000019  0.04175378009676933
3600019  0.04174833372235298
5000015  0.04173868149518967
2500009  0.04173598438501358
3000018  0.041726648807525635
6700018  0.04172373190522194
1800013  0.041722919791936874
9700018  0.04171908646821976
1400007  0.041713323444128036
2500019  0.04171212762594223
9500017  0.04171106219291687
2800010  0.041708625853061676
3700018  0.041699085384607315
9800019  0.04169788211584091
2300012  0.041693415492773056
3100017  0.04169294238090515
4700019  0.04168860614299774
5200016  0.041688092052936554
1400016  0.04168666526675224
6900018  0.041685596108436584
4400016  0.04168366268277168
2200011  0.041675418615341187
8000019  0.04167458042502403
8100018  0.04167097061872482
9800018  0.04166986420750618
2600017  0.041667208075523376
4200013  0.04166683927178383
10200018  0.04166384041309357
1300007  0.041660767048597336
5400019  0.04165790602564812
2600016  0.04165414720773697
10000018  0.04165368527173996
3300013  0.04165360704064369
5100018  0.041644755750894547
2300009  0.04163645952939987
10500018  0.04163285344839096
5600014  0.04163266345858574
3700019  0.04163207486271858
3500014  0.041631847620010376
11100019  0.041631005704402924
9000017  0.04162967950105667
10600018  0.04162861406803131
7000016  0.04162505641579628
3000013  0.04162052646279335
1700008  0.041619691997766495
1500007  0.04161839559674263
4600018  0.041617777198553085
7800017  0.041615668684244156
8500016  0.04160882160067558
1100005  0.04160851612687111
10700018  0.04160139709711075
1900011  0.04159688204526901
8300017  0.041596103459596634
4900017  0.04159335792064667
10100018  0.04159224405884743
5600019  0.04159007593989372
11300019  0.04158691316843033
8400016  0.041585080325603485
5500014  0.04158131405711174
3000016  0.04157928377389908
1000007  0.041577741503715515
6700016  0.04157504439353943
11200019  0.04157324135303497
8000018  0.04157138988375664
7700016  0.04156199470162392
4900018  0.041561558842659
1300014  0.041557129472494125
9100018  0.041557129472494125
6700015  0.04155462607741356
1400012  0.04155147075653076
9600017  0.041551463305950165
6000015  0.041550155729055405
4100017  0.041548557579517365
1300009  0.04154790937900543
10900019  0.04154667630791664
2800018  0.04154644161462784
1800012  0.041546326130628586
3100011  0.04154467582702637
8000017  0.04154418781399727
3200015  0.04154355451464653
3700016  0.041543543338775635
8100019  0.04154328629374504
9300017  0.04154231399297714
7400016  0.041541922837495804
9400019  0.04154114052653313
2700017  0.04153888300061226
8600019  0.04153860732913017
6200016  0.0415358804166317
2600010  0.04153028503060341
3200011  0.041526373475790024
6900015  0.041524361819028854
1900012  0.0415218286216259
6200015  0.04152151569724083
1800015  0.0415211096405983
7300015  0.04152084141969681
10600019  0.041519418358802795
4200019  0.04151715338230133
1800014  0.041516173630952835
3900018  0.04151172190904617
5400015  0.04151034355163574
3900017  0.04150509461760521
6800015  0.04149844869971275
10300019  0.04149658977985382
2900010  0.04149266332387924
7800018  0.04148710519075394
2900014  0.041486434638500214
2500017  0.041485391557216644
4300017  0.04148465022444725
1300011  0.041484035551548004
7500016  0.04148239269852638
1900016  0.04148036614060402
3700017  0.04147586226463318
6500018  0.0414736233651638
1300017  0.041470859199762344
4200014  0.04146790876984596
1600007  0.04146535322070122
8300016  0.041461504995822906
1200006  0.04146013408899307
4300016  0.04145920276641846
3400016  0.041458964347839355
6400015  0.04145514965057373
3900015  0.04145117104053497
3500015  0.04145052656531334
3500017  0.041448403149843216
3200016  0.04144808277487755
9100019  0.04144640639424324
6100015  0.0414457693696022
1300012  0.04144236072897911
1100007  0.04144220054149628
10800018  0.041441090404987335
1700007  0.04143783450126648
1300010  0.041437502950429916
5800015  0.041431818157434464
1500015  0.04142564535140991
1400009  0.041419483721256256
3900012  0.041415903717279434
9400017  0.0414084754884243
3800012  0.04140513762831688
6300015  0.04140368476510048
7400015  0.04139906167984009
9100017  0.04139106720685959
11400019  0.041390080004930496
2200008  0.04138967767357826
8800017  0.04138806834816933
9500018  0.041387878358364105
4800014  0.04137896001338959
10400018  0.041376661509275436
7600015  0.04137544333934784
8700017  0.04137398675084114
8600017  0.0413711853325367
7300016  0.0413692370057106
4200015  0.041365306824445724
6600015  0.04136117547750473
6100017  0.04135991632938385
3700012  0.041358888149261475
8400017  0.04135509580373764
5900016  0.04135196655988693
5000016  0.04135045409202576
2900015  0.04134892672300339
6500015  0.041345372796058655
2500011  0.04134282097220421
8200016  0.04134182631969452
7700017  0.04134099557995796
3100015  0.041339315474033356
2900013  0.041338805109262466
2400011  0.041332606226205826
2700013  0.04133053496479988
2900016  0.041328467428684235
6800016  0.041318222880363464
7800016  0.04131266847252846
9900018  0.04131045937538147
7700018  0.0413089394569397
1500012  0.041307833045721054
6500017  0.04130733013153076
8400018  0.041302990168333054
5400014  0.041302453726530075
3500011  0.04129984602332115
4300013  0.04129822179675102
4700016  0.041297655552625656
4700014  0.04129252955317497
3100014  0.04128848388791084
3900016  0.041287247091531754
2100009  0.04128645360469818
4000013  0.04128574579954147
5400018  0.041285440325737
1500009  0.04128339886665344
5900015  0.04127844050526619
2600015  0.041275862604379654
6600018  0.04127521440386772
10300018  0.041274815797805786
3000011  0.04126562923192978
3400011  0.04126369580626488
2000009  0.041257668286561966
5600016  0.041255705058574677
5000017  0.04125372692942619
7500015  0.04125324636697769
8200018  0.04125159606337547
2900018  0.0412486232817173
6900017  0.04124489426612854
7900016  0.0412442646920681
6300016  0.04124239459633827
9200017  0.0412370041012764
1100013  0.04122764989733696
6700017  0.04122529923915863
2100008  0.04122314974665642
2800016  0.04121578112244606
1600012  0.04121411219239235
3800017  0.0412118025124073
3300014  0.04120277240872383
6100016  0.04119294136762619
2400017  0.041186243295669556
3200017  0.041184041649103165
2000008  0.04118366539478302
1200011  0.04118284583091736
6000016  0.04117496684193611
1300013  0.04116055741906166
1800011  0.041159532964229584
3600012  0.041157886385917664
3400013  0.04115765914320946
1200014  0.04115506261587143
1800008  0.041152484714984894
1900017  0.04114796966314316
3000017  0.041144344955682755
3200014  0.041143689304590225
8200019  0.04114328697323799
8900017  0.04113295301795006
1900008  0.041125401854515076
7900017  0.04112488031387329
2400009  0.04112331196665764
4100016  0.04111463576555252
5000014  0.041110675781965256
4400013  0.04111050069332123
4500013  0.041105952113866806
13200040  0.04109976813197136
5700014  0.041090093553066254
3300011  0.04108153283596039
1800010  0.04108048975467682
6400016  0.0410761795938015
8000016  0.04107578471302986
2000014  0.04107530042529106
4000014  0.04107297584414482
5100014  0.041065897792577744
15300042  0.04106447845697403
2600012  0.041050203144550323
1600009  0.04104708880186081
1100011  0.04103816673159599
4600013  0.04103539511561394
2700010  0.04103103652596474
15500040  0.04100991040468216
4900014  0.04098781570792198
5300014  0.040977828204631805
1100010  0.040968187153339386
5200014  0.0409681499004364
14800038  0.040938202291727066
5800014  0.04093441367149353
4800015  0.04092196747660637
10800040  0.04088015854358673
13100037  0.04087146744132042
8800041  0.040866345167160034
11400033  0.04083237797021866
6500042  0.04082568362355232
13100041  0.04079759865999222
3600040  0.04078075662255287
11300042  0.040777575224637985
13100038  0.040747325867414474
14900035  0.040740687400102615
14200041  0.0407395213842392
12100037  0.04073791578412056
8800040  0.04073186591267586
16200038  0.04072650149464607
3000040  0.040724534541368484
13400042  0.040719449520111084
15600042  0.04071929305791855
14000041  0.04071648046374321
14200040  0.04071181267499924
16600041  0.04070553183555603
5300042  0.04070010408759117
8600042  0.04069842770695686
14800039  0.0406973659992218
11500041  0.04069482162594795
11300040  0.040689390152692795
7100035  0.040686335414648056
6500041  0.040686216205358505
11400037  0.04067882522940636
10000039  0.0406668446958065
15100041  0.04066242277622223
12000038  0.040661897510290146
5100041  0.04065633565187454
7100041  0.04065151885151863
15300040  0.04065077379345894
4600039  0.040648844093084335
13400039  0.04064648970961571
11400038  0.04063929617404938
11600034  0.04063502699136734
16000040  0.04062850400805473
5600039  0.040619928389787674
13900041  0.04061989113688469
7800034  0.040619686245918274
11600038  0.04061286896467209
10300042  0.0405995212495327
13900037  0.04059530049562454
7600038  0.04059527814388275
13100040  0.04059453681111336
10200034  0.040591057389974594
16100041  0.04059029370546341
14500034  0.04059021547436714
10300036  0.04058971256017685
12900041  0.04058783873915672
10200038  0.040587522089481354
10200042  0.04058586061000824
9700035  0.04058300331234932
13000042  0.040580905973911285
14200042  0.0405767560005188
15800038  0.04057662561535835
15300041  0.04057469218969345
11300034  0.040572382509708405
16100042  0.04056829214096069
12100041  0.040566280484199524
11500039  0.040565405040979385
15600036  0.040563613176345825
12500034  0.040561992675065994
15600041  0.04056122153997421
7600039  0.04056103527545929
13000037  0.040559764951467514
14300039  0.04055817052721977
10100038  0.04055655375123024
13300041  0.040556374937295914
12200038  0.040556248277425766
3600042  0.04054547846317291
9000042  0.0405409149825573
14700041  0.04053967446088791
15500035  0.04053955525159836
13100042  0.04053371027112007
15400035  0.040530987083911896
14400041  0.04053085297346115
10000034  0.040529463440179825
12400036  0.0405290387570858
13400041  0.04052051529288292
6500037  0.04051978513598442
13400037  0.04051933437585831
13000034  0.0405181385576725
7700037  0.04051762446761131
12200041  0.040515393018722534
13200037  0.040515001863241196
10300037  0.04050790145993233
13400035  0.04050034284591675
9700042  0.04049484059214592
11300036  0.04049462825059891
14900040  0.040494292974472046
10300041  0.0404939167201519
13600042  0.04049262776970863
13300042  0.04049243405461311
13200036  0.04049238562583923
14000037  0.04049089550971985
16200041  0.04049084708094597
8800036  0.04049021750688553
3600041  0.04048602283000946
14300035  0.04048402979969978
13800036  0.040475454181432724
13300037  0.040474001318216324
12300033  0.04047394543886185
16400040  0.04047359526157379
16500041  0.040473297238349915
12000034  0.04047270491719246
8600034  0.04047029837965965
14400040  0.04046500101685524
15500041  0.04046208783984184
12100036  0.04045994579792023
6600037  0.040458135306835175
13000039  0.040453940629959106
4500038  0.04045269265770912
13000038  0.04045204073190689
13100034  0.04045140743255615
13200042  0.040447335690259933
15000037  0.040445420891046524
13500035  0.0404350645840168
5600034  0.040432874113321304
7600041  0.040429119020700455
15000035  0.040428996086120605
8800034  0.04042763635516167
11300035  0.040425531566143036
10800042  0.04042160138487816
11500036  0.040419913828372955
6600040  0.04041820764541626
11600042  0.040414970368146896
3600035  0.040412575006484985
15800040  0.04040418192744255
13900040  0.04040371626615524
12400040  0.04040239751338959
13300039  0.040397025644779205
15800037  0.04038500413298607
13200041  0.04038266837596893
4600034  0.04037986695766449
12000041  0.0403766892850399
8000037  0.04037564620375633
3600036  0.04037509113550186
9500034  0.04036753624677658
12000039  0.040364302694797516
2900041  0.040355879813432693
11300041  0.04035579040646553
13300035  0.04035522788763046
14000034  0.04035373032093048
14700037  0.04034973308444023
15300039  0.040347229689359665
15300038  0.04034562408924103
16100038  0.040340639650821686
7800035  0.04033897817134857
10300040  0.040337223559617996
15400036  0.04033619910478592
13100036  0.04033380001783371
15400034  0.04033190757036209
10200037  0.04032747074961662
9000036  0.04032707214355469
12200037  0.04032571613788605
15000041  0.04032400995492935
11500037  0.04032328352332115
14400037  0.04032249376177788
11200040  0.04032178968191147
2700037  0.040315791964530945
4700033  0.040313880890607834
15100039  0.040310367941856384
16300039  0.04031004384160042
9000034  0.040299925953149796
15100034  0.04029669240117073
13400038  0.0402914360165596
15500037  0.04029089957475662
3000034  0.04028981178998947
6600036  0.040289148688316345
9000038  0.04028809815645218
10500034  0.04028797149658203
16100036  0.04028140753507614
4900034  0.04027777537703514
10800041  0.040274254977703094
12300040  0.04027226194739342
11600039  0.040270864963531494
12200035  0.040268439799547195
13600035  0.04025918245315552
8800039  0.040257882326841354
10300039  0.04025297984480858
7600034  0.04025256633758545
2900035  0.04025097191333771
11500038  0.040250733494758606
10300034  0.0402478352189064
12500035  0.04024336487054825
4500037  0.04024124890565872
9000035  0.04023462161421776
14900036  0.04023444280028343
3000042  0.04022948443889618
5100038  0.04022924229502678
6500035  0.04022830352187157
5300041  0.04022824019193649
3000037  0.0402260385453701
3600039  0.04022253304719925
13000040  0.040222495794296265
13100039  0.040218815207481384
16000036  0.04021691158413887
10200035  0.04021323844790459
8800035  0.04021285101771355
12100040  0.04021259397268295
12300035  0.04021148756146431
4500040  0.0402078814804554
14300040  0.04020468145608902
15200041  0.04020407050848007
14500035  0.04020138829946518
14100034  0.040201276540756226
14800034  0.04020094498991966
16100037  0.04019976407289505
14400035  0.04019853472709656
8600041  0.040187712758779526
3300042  0.04018683731555939
15700034  0.040179893374443054
11800039  0.04017459973692894
13400040  0.040174487978219986
3700038  0.04017122462391853
12100039  0.04016789421439171
14700036  0.04016787186264992
14300038  0.040162794291973114
11800034  0.04016090929508209
16300040  0.040157582610845566
10100035  0.04015025869011879
13900034  0.040146298706531525
12400037  0.04014423117041588
15100035  0.040140993893146515
11900035  0.04014063999056816
12300037  0.04013897851109505
14200037  0.04013390094041824
12900040  0.04013104364275932
9700038  0.04012930020689964
14400034  0.04010460153222084
15300037  0.04010365530848503
9000041  0.04010314121842384
14700038  0.04009966179728508
14400038  0.04009753465652466
13300040  0.04008413106203079
9500039  0.040082432329654694
10400035  0.04008135944604874
15200040  0.04007934033870697
2900034  0.04006817191839218
9000040  0.04005933925509453
10300035  0.04004918038845062
13200034  0.040031641721725464
13400034  0.04003065451979637
14500036  0.040027160197496414
11700039  0.0400259904563427
12300036  0.04000528156757355
5100034  0.0400007963180542
15700037  0.039999742060899734
5100039  0.039999689906835556
3700034  0.03999722748994827
10000035  0.03999613597989082
10100034  0.03999542444944382
10300038  0.03998905047774315
8800037  0.03997963294386864
3000035  0.039979543536901474
14300036  0.03997180983424187
5600036  0.03996913880109787
10200036  0.03996610268950462
2900037  0.03996175527572632
13400036  0.03992954269051552
15000038  0.03992209583520889
14300034  0.03990375995635986
7600035  0.03990217298269272
7100036  0.03989463672041893
7100034  0.039893440902233124
10800035  0.03989015147089958
13900036  0.03985195606946945
13200035  0.03981105238199234
15900035  0.03980351611971855
10800036  0.03976961597800255
3600034  0.039762403815984726
15100036  0.03974643722176552
16100103  0.03842964768409729
15500110  0.03840510919690132
12900103  0.03837689757347107
18200103  0.03834470361471176
12900098  0.03824816271662712
18200108  0.038229066878557205
13200103  0.038219574838876724
14000103  0.03821800649166107
13200107  0.03820698335766792
18000103  0.03817608579993248
18000107  0.038171716034412384
15500108  0.0381634384393692
11300090  0.0381588414311409
11300097  0.038155876100063324
13200110  0.03815499320626259
14800108  0.03814949840307236
16300098  0.03814622014760971
18700110  0.038144417107105255
14800103  0.0381411612033844
15500107  0.03814109414815903
12900095  0.03813968226313591
13200108  0.03813645616173744
17300109  0.038135528564453125
16500087  0.03812967985868454
17300108  0.03812740370631218
15500103  0.038124531507492065
15700102  0.03811400383710861
14200106  0.038113854825496674
13500095  0.038112860172986984
16500109  0.03811014071106911
17300094  0.038109537214040756
14800104  0.03810698539018631
18600085  0.03810665383934975
17300106  0.038106225430965424
12900101  0.0381014458835125
15500098  0.038096945732831955
11300109  0.03808770328760147
14200085  0.038087595254182816
15500090  0.03808172792196274
16400108  0.03808159753680229
15700100  0.03807508200407028
14800094  0.03806879743933678
16400109  0.038065843284130096
16900089  0.038064055144786835
16800105  0.0380631722509861
13500094  0.03806014358997345
14000096  0.03805851563811302
14000107  0.03805585950613022
14200090  0.03805319592356682
12900104  0.038053181022405624
18200101  0.038050465285778046
16100108  0.03804586082696915
18200109  0.038040850311517715
17300096  0.03804080933332443
16800109  0.038039952516555786
12900106  0.03803950548171997
9300097  0.0380370207130909
17300100  0.0380331389605999
15700105  0.038029275834560394
17300105  0.03802717104554176
14000099  0.038026344031095505
16300105  0.03802436590194702
17600094  0.03802316635847092
18000108  0.03802282735705376
16500090  0.03801906108856201
16100105  0.038017578423023224
9300108  0.03801623731851578
17600087  0.03801466152071953
3000093  0.03800153732299805
16900101  0.037999335676431656
11300094  0.037998296320438385
14200110  0.037997111678123474
15700099  0.03799649327993393
13200109  0.03799644857645035
18000097  0.03799629211425781
18100089  0.03798864036798477
16500105  0.03798862546682358
13200085  0.03798816353082657
17300097  0.03798767551779747
13200092  0.037982601672410965
16100102  0.0379779189825058
11300104  0.037977561354637146
16100098  0.03797578439116478
16400110  0.03797473758459091
17000086  0.03797310218214989
12900094  0.0379713773727417
17000087  0.037970833480358124
18200098  0.037969112396240234
11300105  0.03796900808811188
14000092  0.03796721249818802
13500092  0.03796546906232834
16100088  0.03796534985303879
9300098  0.037962641566991806
17000108  0.03795991465449333
11300106  0.03795462101697922
18000102  0.03795088082551956
14000086  0.037950582802295685
14000105  0.03794987127184868
12300085  0.03794979304075241
14800099  0.03794694319367409
16400107  0.0379459373652935
16400094  0.03794577717781067
9300107  0.037945542484521866
14000093  0.037945013493299484
15500092  0.03794422745704651
16300094  0.03794281929731369
16800088  0.03793827444314957
17300102  0.03793575242161751
17300104  0.0379355363547802
15700110  0.03793451935052872
17500089  0.037934448570013046
18000095  0.0379328653216362
17000088  0.03793114051222801
18000105  0.037928689271211624
18700098  0.03792706876993179
16500104  0.03792700171470642
16400100  0.0379265658557415
16300093  0.037923894822597504
14000089  0.03792158141732216
14000100  0.03791995346546173
16900106  0.037913728505373
3000094  0.037913598120212555
16100092  0.03791212663054466
9300110  0.037910107523202896
12900086  0.037908900529146194
16500108  0.037907570600509644
16500099  0.03790699690580368
14800085  0.03790653496980667
13500101  0.03790649399161339
12900085  0.037903815507888794
16100086  0.03790135309100151
17300089  0.03790063038468361
14200098  0.03789990395307541
14000094  0.03789939731359482
17300101  0.03789917752146721
17300103  0.03789917007088661
16900110  0.037897173315286636
14000104  0.03789613023400307
16400089  0.037896014750003815
11300086  0.037895310670137405
9300093  0.03789447993040085
17600092  0.03789225220680237
17300110  0.03788836672902107
11300093  0.037887297570705414
16400088  0.037886567413806915
14000088  0.03788153454661369
15500101  0.037876617163419724
17000090  0.037875957787036896
3000087  0.03787574917078018
9300100  0.037874385714530945
16300087  0.03787416219711304
9300089  0.037874072790145874
16400096  0.03787171095609665
15700095  0.03786725550889969
17000096  0.03786606341600418
16300095  0.03786517679691315
14200094  0.03786265105009079
12900088  0.03786216676235199
16100096  0.03785499930381775
15700086  0.03785260394215584
17300087  0.03785216063261032
13500100  0.03785139322280884
17000107  0.03785127401351929
17300090  0.03784966096282005
14000101  0.03784581273794174
15500104  0.03783977031707764
17600095  0.0378396138548851
15500105  0.037836749106645584
14800093  0.03783297538757324
12900096  0.037832826375961304
16900090  0.0378318652510643
17300099  0.037831567227840424
3000095  0.037827759981155396
18200094  0.037823550403118134
17000098  0.03782263025641441
15500087  0.037819135934114456
16500094  0.037818700075149536
9300103  0.037817589938640594
12900087  0.03781696781516075
14000098  0.037815846502780914
13200095  0.03781561553478241
17500102  0.03781304508447647
12900102  0.03781228885054588
17600086  0.03780987858772278
18200095  0.03780839592218399
18000090  0.03780437260866165
18000093  0.03780432045459747
16300106  0.037803418934345245
17300107  0.03780314698815346
16400092  0.03779921308159828
12500086  0.03779691085219383
11300089  0.03779615834355354
9300099  0.03779589757323265
3000101  0.03779303655028343
16400095  0.037792984396219254
15500099  0.037788666784763336
9300102  0.037785034626722336
16500098  0.03778228908777237
17300088  0.037780433893203735
13200087  0.03777661919593811
15500106  0.03777354583144188
18000087  0.03777318075299263
14000106  0.037771228700876236
16500096  0.03777096047997475
16500106  0.037769757211208344
11300103  0.03776733949780464
17300098  0.037764426320791245
18000091  0.03775958716869354
12300087  0.03775768727064133
16500089  0.037755176424980164
16400093  0.037753842771053314
14000102  0.03775222972035408
16300097  0.03774463012814522
14000097  0.037744440138339996
13200099  0.037744324654340744
14800098  0.03774217888712883
18200102  0.03773647919297218
3000088  0.037730660289525986
16500095  0.037729356437921524
5300089  0.0377284400165081
16500101  0.03772720694541931
18700100  0.03772692382335663
14100090  0.037725843489170074
17600093  0.03772500902414322
17000104  0.037724778056144714
18000096  0.03772393614053726
13200096  0.03771962597966194
17300092  0.0377141498029232
17300091  0.03770824894309044
17000102  0.03770748898386955
3300086  0.03770730644464493
14200089  0.03769896924495697
16900097  0.03769873455166817
16800093  0.03769870847463608
15700101  0.03769799694418907
18100090  0.037697646766901016
15500086  0.037697289139032364
3000090  0.03769625350832939
18000089  0.037691809237003326
17000095  0.037691548466682434
13500097  0.03768939524888992
18600087  0.03768809512257576
14100086  0.0376877598464489
18200090  0.03768137842416763
16100106  0.03767920285463333
14200102  0.037677593529224396
16800101  0.037676651030778885
14800089  0.03767237439751625
16100089  0.03767145425081253
16100099  0.037667714059352875
16300086  0.0376630537211895
17600091  0.037662286311388016
18600088  0.03765920177102089
17000110  0.03765380382537842
15700091  0.0376444049179554
13500090  0.03763331472873688
13500096  0.03763090446591377
17300093  0.03762684762477875
14000095  0.03762657195329666
16300091  0.03761810064315796
17000101  0.03760424256324768
17300095  0.0375937893986702
13500091  0.03758883476257324
15700087  0.03758242726325989
12900090  0.03757734224200249
18000092  0.037574201822280884
9300087  0.03757375478744507
16500086  0.0375714935362339
12300090  0.0375712625682354
14000087  0.037560563534498215
16300088  0.03755182400345802
14000091  0.037551749497652054
18100091  0.0375346913933754
14000090  0.037521325051784515
18600086  0.03751414269208908
16400090  0.037493523210287094
18200091  0.03745640814304352
16800097  0.03743543103337288
13200091  0.03735630214214325
17900066  0.03334918990731239
14000085  0.030245648697018623
17800079  0.02107929065823555
3300085  0.02102866768836975
15400079  0.021003464236855507
17800075  0.0209951251745224
17000066  0.020977716892957687
11300083  0.020975852385163307
17300078  0.020975224673748016
15500084  0.020971357822418213
9300079  0.020964613184332848
6600072  0.020948322489857674
12900075  0.020938917994499207
18600079  0.020938247442245483
15500083  0.02092595584690571
15400083  0.020917149260640144
15700083  0.020915629342198372
9300084  0.020914336666464806
12000070  0.020904291421175003
16100084  0.02090383879840374
5100076  0.020901881158351898
15700084  0.020895861089229584
13200079  0.020891213789582253
18000079  0.02089027129113674
11300068  0.020870307460427284
3300080  0.020869731903076172
17700067  0.020868688821792603
3300084  0.020865503698587418
15400069  0.0208651814609766
17300084  0.02086503431200981
18600078  0.020861919969320297
3000072  0.02086075395345688
3000080  0.02085980400443077
6600073  0.020858237519860268
17700073  0.020856941118836403
3000084  0.020855603739619255
13500068  0.020854493603110313
12500080  0.020851586014032364
17000082  0.02084728330373764
16500070  0.02084602788090706
16300081  0.020844602957367897
16800079  0.02084352821111679
14200073  0.020840764045715332
11200070  0.020838608965277672
15500081  0.02083822526037693
12300084  0.02083718404173851
3300073  0.020836297422647476
17800068  0.02083207108080387
9300081  0.020830443128943443
15300080  0.020829036831855774
14000084  0.020827874541282654
16400074  0.020827345550060272
16400081  0.020825335755944252
5300068  0.020821327343583107
12900081  0.020818181335926056
15700076  0.020816922187805176
16500084  0.020816350355744362
3000075  0.02081245370209217
16100072  0.020811282098293304
15500078  0.02081097848713398
3300083  0.02081085368990898
18000080  0.02080853097140789
18600081  0.020808346569538116
16400069  0.020806413143873215
16500085  0.020805170759558678
6600077  0.02080085314810276
17600082  0.02079889178276062
18000083  0.020798658952116966
16800084  0.020797856152057648
16500074  0.02079726941883564
15700075  0.02079642005264759
3000083  0.020795002579689026
17800076  0.020793884992599487
11300085  0.02079257369041443
17900071  0.02079135738313198
9300067  0.020790010690689087
13500077  0.02078986167907715
9300077  0.02078920789062977
17300067  0.020788244903087616
18000078  0.020788224413990974
16100081  0.02078704535961151
13200067  0.020786914974451065
17600081  0.02078528143465519
3300081  0.020784305408596992
14100076  0.020784275606274605
17100069  0.020781859755516052
16100076  0.020780887454748154
18500067  0.020779777318239212
6600076  0.020779315382242203
17100068  0.020777981728315353
13200082  0.02077740989625454
12500076  0.02077542617917061
17300083  0.020775271579623222
12300070  0.02077522687613964
15700071  0.02077311836183071
12500072  0.020773040130734444
11300074  0.020772118121385574
14800081  0.020769840106368065
16800078  0.02076832205057144
16800070  0.020767085254192352
18600074  0.02076559141278267
15400075  0.02076142467558384
16300076  0.02075994201004505
3000068  0.020759737119078636
17800071  0.020756276324391365
11300081  0.020753823220729828
12900076  0.02075347490608692
14100077  0.020752768963575363
14200081  0.020752418786287308
15500068  0.020750854164361954
17100067  0.02075084112584591
16400071  0.020749788731336594
14000083  0.02074597217142582
5100072  0.020745037123560905
14800072  0.020743267610669136
13200080  0.020742397755384445
15300072  0.020740972831845284
9300072  0.02074020355939865
14800083  0.02073703147470951
12300074  0.020735429599881172
16500068  0.020735235884785652
3300076  0.020734762772917747
15400071  0.020733939483761787
14200068  0.020731402561068535
15400072  0.020727530121803284
15400082  0.02072729356586933
17800077  0.020727161318063736
11300084  0.020726189017295837
17100071  0.02072536200284958
15400066  0.02072487771511078
15500079  0.020723996683955193
14100078  0.020723000168800354
15200067  0.020722948014736176
13200077  0.020722541958093643
9300078  0.02072220668196678
3000079  0.020718656480312347
16100085  0.020718468353152275
17000083  0.02071695774793625
17300079  0.02071527950465679
17000072  0.020713573321700096
14800067  0.02071310393512249
15500067  0.020712213590741158
13200084  0.020710691809654236
13500073  0.020708993077278137
15400085  0.02070833183825016
15300077  0.02070821449160576
12900082  0.02070697210729122
3000078  0.020706510171294212
6500069  0.020706379786133766
18600072  0.02070576325058937
3300078  0.02070499025285244
13200069  0.02070312388241291
11300076  0.020702235400676727
10300067  0.02069794200360775
16400078  0.020693661645054817
11300073  0.020693082362413406
3000069  0.02069125697016716
17800072  0.020686907693743706
17000069  0.020686551928520203
18400067  0.02068648301064968
17500071  0.020685682073235512
9300068  0.02068507857620716
12900074  0.020681818947196007
5300069  0.020680833607912064
17700072  0.02067895047366619
14800082  0.020677674561738968
16500080  0.020676787942647934
13200073  0.02067548781633377
17100073  0.020675353705883026
18000076  0.02067488431930542
10300074  0.020673764869570732
14800077  0.02067316137254238
15400073  0.020671231672167778
17800069  0.020669706165790558
12500074  0.020664306357502937
16900068  0.020663846284151077
12500070  0.020663132891058922
18600073  0.020662741735577583
11300071  0.0206619706004858
17600068  0.02066192217171192
17600077  0.020661065354943275
3300072  0.02065899409353733
3300079  0.020658651366829872
12400069  0.02065601758658886
14800076  0.020655643194913864
16100068  0.020655538886785507
16500067  0.020653510466217995
6600068  0.020652776584029198
3300074  0.020652152597904205
17600072  0.020652102306485176
12500071  0.020650271326303482
15700079  0.02064349688589573
11300072  0.020641842857003212
12500073  0.020641028881072998
5300071  0.020638609305024147
13500075  0.020638292655348778
9300076  0.02063700556755066
3000073  0.020636895671486855
16400079  0.02063598856329918
3300069  0.020635945722460747
5100080  0.02063560299575329
9300085  0.020634744316339493
14000072  0.02063143067061901
18000081  0.020630115643143654
11200073  0.020629936829209328
3300082  0.02062971517443657
15300076  0.020629359409213066
16400077  0.020627513527870178
14000069  0.020625414326786995
14200077  0.020624807104468346
12900080  0.020621778443455696
14100071  0.020616699010133743
17000074  0.020616477355360985
16100077  0.020616453140974045
7600072  0.02061610110104084
12300078  0.020615948364138603
17000071  0.020615119487047195
18000073  0.020614473149180412
17300069  0.020614411681890488
15300068  0.0206143781542778
9300069  0.020613599568605423
12300082  0.0206134170293808
15500069  0.02060922048985958
13500069  0.020608415827155113
16800074  0.020607613027095795
7600070  0.020604941993951797
17000067  0.02059694565832615
9300082  0.020596899092197418
13000067  0.020595576614141464
14200069  0.020594272762537003
17600076  0.02059023268520832
14800071  0.020589251071214676
16300071  0.020587535575032234
16400067  0.02058590203523636
5100068  0.02058417536318302
3300070  0.02058366686105728
12900073  0.0205822866410017
18200078  0.02057560719549656
18600077  0.020574061200022697
13500071  0.020571691915392876
16300077  0.020571395754814148
17300075  0.020570697262883186
14000078  0.020570658147335052
16400070  0.020570049062371254
16500075  0.020568929612636566
13200081  0.02056645229458809
7600069  0.020566102117300034
16800082  0.020565001294016838
18000077  0.020558975636959076
10300071  0.02055397443473339
10300070  0.02055361494421959
15700067  0.02055272087454796
16500079  0.020547837018966675
14000067  0.020547399297356606
17000068  0.02054702490568161
17000073  0.020543556660413742
16300075  0.020542213693261147
15400068  0.020541226491332054
15500082  0.020540228113532066
17800078  0.02053908444941044
17600067  0.02053734101355076
16300074  0.02053241804242134
10300068  0.02053019404411316
17900070  0.020522266626358032
3300075  0.020521970465779305
16900071  0.020520877093076706
13200078  0.020517446100711823
9300071  0.020514702424407005
13200070  0.020512927323579788
16400085  0.02051147259771824
14000068  0.02050315961241722
15400067  0.02050189860165119
17300071  0.020497987046837807
17600071  0.020477930083870888
3300071  0.020463507622480392
16300068  0.020461348816752434
11200071  0.02043755352497101
17100070  0.020434126257896423
3700068  0.020426996052265167
10300072  0.020409660413861275
11500071  0.020396927371621132
17500744  0.014533906243741512
19902388  0.01451040431857109
17500741  0.01448904350399971
19400182  0.014488832093775272
17500427  0.0144735062494874
18700445  0.014466265216469765
19902380  0.014458578079938889
17500726  0.01445253100246191
18700642  0.014450282789766788
19901616  0.014448851346969604
19901647  0.014437372796237469
19901749  0.014434102922677994
19901822  0.01443170104175806
19901905  0.014430244453251362
19400192  0.014428873546421528
19800316  0.014425856061279774
19901673  0.014425517991185188
19902111  0.014423510991036892
19902163  0.014417329803109169
18700745  0.014417187310755253
19902028  0.014413618482649326
17500695  0.014408896677196026
17500446  0.014405633322894573
17500784  0.014405558817088604
19901947  0.01440121978521347
17500745  0.014399847015738487
17500749  0.01439845934510231
19500247  0.014392525888979435
18700805  0.014389948919415474
19800344  0.014388907700777054
19902095  0.01438701432198286
17500212  0.014384119771420956
19700255  0.014382349327206612
17500347  0.014382295310497284
19500257  0.014380105771124363
18700510  0.014378889463841915
17500746  0.014378287829458714
18700721  0.014378057792782784
18500406  0.014376415871083736
19901328  0.014375152066349983
19800351  0.014374449849128723
18700341  0.014369282871484756
17500295  0.014368519186973572
19901125  0.014367952011525631
17500516  0.014367641881108284
18700586  0.014367573894560337
17500184  0.014367296360433102
17500329  0.014364211820065975
17500389  0.014358230866491795
17500545  0.014357960782945156
19600223  0.014356166124343872
19600222  0.014355639927089214
19901705  0.014354897662997246
19500256  0.014354696497321129
18700793  0.014354534447193146
17500796  0.014353272505104542
19902147  0.014353245496749878
19901080  0.014351862482726574
17500473  0.014351059682667255
19901997  0.014350924640893936
19902132  0.014350824058055878
17500230  0.014350350946187973
18700769  0.01434912346303463
19901843  0.014348800294101238
19901212  0.014348503202199936
19500243  0.014347518794238567
19902216  0.014346304349601269
17500748  0.01434208545833826
17500323  0.014341538771986961
17500587  0.014340952038764954
19901704  0.01434092503041029
19901879  0.014340851455926895
19901112  0.014340023510158062
19600229  0.01433770451694727
17500334  0.014337071217596531
18700311  0.014336936175823212
19500286  0.014336679130792618
16500183  0.014336423948407173
19901804  0.014333903789520264
19400188  0.014332719147205353
18900182  0.014331107959151268
17500406  0.014331095851957798
17500806  0.014330940321087837
17500325  0.014329511672258377
17500662  0.014329162426292896
17500324  0.014325405471026897
18700757  0.014324750751256943
17500425  0.014324723742902279
18700432  0.014324326999485493
17500816  0.01432413887232542
18700523  0.014323816634714603
17500820  0.014323486015200615
17500500  0.01432283315807581
19400185  0.014322199858725071
17500829  0.014322091825306416
18700809  0.014321984723210335
17500696  0.01432149950414896
17500512  0.01432127133011818
17500437  0.014320827089250088
19901750  0.014320476911962032
17500456  0.0143157122656703
18700614  0.01431418489664793
19901769  0.014312643557786942
19901461  0.014311905018985271
18700330  0.01431167684495449
19400191  0.014311527833342552
19500258  0.01431120466440916
17500758  0.014310195110738277
17500702  0.014309214428067207
17500297  0.014308158308267593
17500751  0.01430813129991293
19500246  0.01430707611143589
17500534  0.014306758530437946
19901550  0.014305878430604935
18500310  0.014305440708994865
19902257  0.014303094707429409
17500617  0.014302409254014492
17500740  0.01430231612175703
19902297  0.014301037415862083
14800188  0.014295454137027264
18700547  0.01429372001439333
9300183  0.014293612912297249
19902196  0.014292839914560318
19400195  0.014291886240243912
17500671  0.01429079845547676
17500221  0.01429044734686613
17500639  0.01428999099880457
17500607  0.01428764034062624
18700655  0.014287170022726059
18700681  0.014286513440310955
19500244  0.014286432415246964
18700562  0.01428637932986021
9300184  0.014284727163612843
19800358  0.014284706674516201
19800330  0.014283456839621067
18700244  0.014282832853496075
17500388  0.01428279373794794
19500254  0.014282000251114368
18700497  0.014280409552156925
17500338  0.01427998673170805
19600230  0.014279866591095924
18700361  0.014279142022132874
19902179  0.014278712682425976
19500267  0.014277060516178608
18700668  0.014276335947215557
19800337  0.01427515596151352
19901351  0.01427452452480793
18700406  0.014273195527493954
19901768  0.014272801578044891
18500191  0.014272511936724186
17500296  0.01426912471652031
14800182  0.014268245548009872
19700247  0.014268185012042522
19400193  0.014267602935433388
17500330  0.014266669750213623
17500410  0.014265516772866249
19500287  0.014265469275414944
18500374  0.014264959841966629
18700372  0.014263257384300232
17500713  0.01426317635923624
19901495  0.014261527918279171
14800186  0.014261038042604923
17500333  0.01426038146018982
19600221  0.014257225207984447
17500286  0.014254812151193619
17500581  0.014254189096391201
18700599  0.014253955334424973
17500315  0.014253144152462482
19500251  0.014251422137022018
19400183  0.014250551350414753
18500398  0.014250229112803936
17500651  0.01424848847091198
19700239  0.014246733859181404
17500719  0.014246633276343346
17500780  0.014246211387217045
18700709  0.014244691468775272
19400187  0.014243841171264648
19600232  0.014241029508411884
18700733  0.014241015538573265
18700781  0.014238914474844933
19500261  0.014237468130886555
19902347  0.01423728745430708
18500209  0.014237027615308762
17500298  0.01423645205795765
19901378  0.01423591561615467
19500284  0.014234591275453568
19500216  0.014234216883778572
19600219  0.014234190806746483
19800317  0.014233875088393688
18700573  0.014233460649847984
17500311  0.01423228345811367
17500194  0.014232269488275051
17500396  0.014231568202376366
17500485  0.014231393113732338
17500239  0.014230490662157536
18500390  0.014229554682970047
19500250  0.014228062704205513
19400189  0.014227166771888733
18700484  0.014227086678147316
19800315  0.014224966987967491
19500245  0.014222131110727787
17500399  0.014221496880054474
19901275  0.014220688492059708
19901067  0.014217672869563103
18700471  0.014214625582098961
17500302  0.014213718473911285
17500698  0.014213363640010357
18500382  0.01421165931969881
19500268  0.01421025674790144
17500598  0.014209648594260216
17500360  0.01420874148607254
17500258  0.014208520762622356
19500288  0.014207638800144196
17500361  0.014204947277903557
17500560  0.014204626902937889
19500280  0.014204620383679867
17500754  0.014201302081346512
19901256  0.014197812415659428
17500424  0.014197270385921001
18700259  0.014197264797985554
17500366  0.014195796102285385
18700458  0.014195668511092663
19901069  0.01419506873935461
18500414  0.01419490110129118
17500321  0.014194721356034279
19400190  0.014194595627486706
18700391  0.01419293973594904
17500566  0.014192258939146996
17500573  0.014190657995641232
18700419  0.014190452173352242
17500675  0.014190338551998138
19600231  0.01418977789580822
19500253  0.014187930151820183
14800187  0.01418676320463419
19700238  0.014185069128870964
19500262  0.0141829838976264
19700240  0.01418279018253088
19800323  0.014181755483150482
18700694  0.014180882833898067
19600235  0.014180155470967293
16500187  0.014179709367454052
18700187  0.014178009703755379
17500628  0.014176550321280956
18700270  0.014175884425640106
19500283  0.014173245057463646
18700281  0.01417258009314537
19600217  0.014170088805258274
17500623  0.014166091568768024
19500266  0.014166039414703846
19500260  0.014164574444293976
19800365  0.01416412740945816
18700227  0.014163509011268616
18700627  0.014163068495690823
19600220  0.014161963015794754
17500412  0.01416048500686884
17500685  0.014159627258777618
19901293  0.014157623052597046
17500377  0.01415758952498436
17500416  0.014156279154121876
17500203  0.01415240578353405
19901246  0.014150571078062057
19500270  0.01414590235799551
17500739  0.01414517778903246
19600225  0.014142152853310108
19400186  0.014137765392661095
17500679  0.014135326258838177
19500271  0.014134601689875126
18700200  0.014128250069916248
19500277  0.014121690765023232
19902346  0.014121245592832565
19500265  0.014116971753537655
14800190  0.014115226455032825
19400196  0.014111137948930264
17500418  0.01410453300923109
19500263  0.014096762984991074
17500320  0.014092298224568367
19500278  0.014089244417846203
18700300  0.014081013388931751
19500264  0.014080815017223358
17500279  0.014032362028956413
