15500122  inf
15500123  inf
10200026  26.0
10200028  26.0
10200034  26.0
10200035  26.0
10200036  26.0
10200037  26.0
10200038  26.0
2200008  24.142857142857142
2200011  24.142857142857142
10200032  18.892857142857142
10300067  17.06451612903226
10300068  13.78125
6500041  9.0
6500042  9.0
6500044  9.0
10200030  9.0
6500023  4.8
6500064  3.5217391304347827
18700227  3.3684210526315788
4400013  3.24
4400016  3.24
6500048  3.24
6500049  3.24
6500051  3.24
15300040  2.9761904761904763
15300041  2.9761904761904763
15300042  2.9761904761904763
15300058  2.9761904761904763
15300065  2.9761904761904763
4400019  2.782608695652174
6500055  2.3333333333333335
12400069  2.3333333333333335
6500069  2.0416666666666665
15500035  1.905511811023622
6500054  1.8846153846153846
6500060  1.8846153846153846
15500107  1.717032967032967
15500121  1.5648148148148149
12400022  1.4820512820512821
12400023  1.4820512820512821
12400024  1.4820512820512821
12400025  1.4820512820512821
18700809  1.4222222222222223
18100060  1.3852459016393444
6500045  1.3846153846153846
4700014  1.3568075117370892
4700015  1.3568075117370892
4700016  1.3568075117370892
10100032  1.3473684210526315
10100033  1.3473684210526315
10100034  1.3473684210526315
12900044  1.3473684210526315
12900045  1.3473684210526315
12900046  1.3473684210526315
17300078  1.3359683794466404
17300079  1.3359683794466404
11700032  1.3280943025540275
11100024  1.3254901960784313
13000067  1.3254901960784313
4600039  1.3203125
17300071  1.3203125
13200050  1.3136363636363637
13200051  1.3136363636363637
12900032  1.3128205128205128
12900033  1.3128205128205128
5100018  1.308139534883721
9500030  1.299492385786802
10200047  1.2972972972972974
6600032  1.296
11300034  1.296
11300035  1.296
11300036  1.296
3000022  1.292929292929293
3000075  1.292929292929293
10200044  1.2857142857142858
17300083  1.2827324478178368
17300063  1.2803030303030303
16500070  1.2787610619469028
15500110  1.2703252032520325
11500019  1.2687224669603525
11500020  1.2687224669603525
11500021  1.2687224669603525
3000072  1.2673267326732673
15500106  1.2575452716297786
3000068  1.2549019607843137
9500034  1.2549019607843137
13200049  1.251082251082251
16500065  1.251082251082251
16500066  1.251082251082251
15500103  1.25
15500104  1.25
15500105  1.25
6500017  1.2475049900199602
6500018  1.2475049900199602
3000064  1.2427184466019416
15500060  1.2351778656126482
6500015  1.2303149606299213
6500022  1.2303149606299213
15500098  1.220703125
15500099  1.220703125
15500101  1.220703125
9500017  1.2190476190476192
9500018  1.2190476190476192
9500019  1.2190476190476192
11400028  1.2190476190476192
11400029  1.2190476190476192
8700017  1.2142857142857142
8700018  1.2142857142857142
8700019  1.2142857142857142
11600042  1.2142857142857142
11600043  1.2142857142857142
13200080  1.2142857142857142
13200081  1.2142857142857142
13200082  1.2142857142857142
3300042  1.198581560283688
3700038  1.198581560283688
4600018  1.198581560283688
4600022  1.198581560283688
12000046  1.1797235023041475
13200079  1.1747967479674797
11400024  1.1689497716894977
4500013  1.168284789644013
6500035  1.16580310880829
14100090  1.1635111876075732
13200103  1.158371040723982
3300013  1.1555555555555554
3300014  1.1555555555555554
3300058  1.1555555555555554
3300059  1.1555555555555554
3300060  1.1555555555555554
3300061  1.1555555555555554
3300062  1.1555555555555554
3300063  1.1555555555555554
3300064  1.1555555555555554
3300065  1.1555555555555554
3300069  1.1555555555555554
3300070  1.1555555555555554
3300071  1.1555555555555554
3300072  1.1555555555555554
3300073  1.1555555555555554
3300074  1.1555555555555554
3300075  1.1555555555555554
3300076  1.1555555555555554
3300078  1.1555555555555554
3300079  1.1555555555555554
3300080  1.1555555555555554
3300081  1.1555555555555554
3300082  1.1555555555555554
3300083  1.1555555555555554
3300084  1.1555555555555554
3300085  1.1555555555555554
3300086  1.1555555555555554
16500080  1.147982062780269
19901616  1.147982062780269
13200045  1.1418918918918919
13200046  1.1418918918918919
16300098  1.1418918918918919
16300105  1.1418918918918919
16300106  1.1418918918918919
3000101  1.1399662731871838
16300097  1.1399662731871838
15500052  1.138433515482696
3000093  1.1361344537815126
3000094  1.1361344537815126
13200085  1.124792013311148
13200087  1.124792013311148
14200081  1.124792013311148
10800031  1.1228070175438596
10800032  1.1228070175438596
10800033  1.1228070175438596
10800035  1.1228070175438596
10800036  1.1228070175438596
16500079  1.1228070175438596
4500024  1.098901098901099
6500026  1.092896174863388
3700026  1.0798722044728435
16300091  1.0781499202551834
16300093  1.0781499202551834
3700042  1.0747217806041336
13600029  1.0679304897314377
13600030  1.0679304897314377
13600031  1.0679304897314377
15300037  1.0679304897314377
15300038  1.0679304897314377
15300039  1.0679304897314377
15300048  1.0679304897314377
15300055  1.0679304897314377
5100014  1.0645669291338582
6600028  1.0645669291338582
6600029  1.0645669291338582
11300030  1.0645669291338582
11300031  1.0645669291338582
11400019  1.0645669291338582
11400020  1.0645669291338582
11400021  1.0645669291338582
16300086  1.0645669291338582
16300087  1.0645669291338582
16300088  1.0645669291338582
11300054  1.05625
13200077  1.05625
13200078  1.05625
12000038  1.0494186046511629
13200040  1.0432098765432098
13200041  1.0432098765432098
13200042  1.0432098765432098
11600020  1.039568345323741
11600024  1.039568345323741
11600025  1.039568345323741
11600026  1.039568345323741
13200061  1.039568345323741
13200063  1.039568345323741
13200064  1.039568345323741
13200067  1.039568345323741
13200069  1.039568345323741
13200070  1.039568345323741
12900041  1.0384024577572966
16300068  1.0368098159509203
16300071  1.0368098159509203
16300063  1.033639143730887
6600040  1.0304878048780488
16300061  1.0304878048780488
11300053  1.0289193302891932
3700016  1.0242424242424242
3700017  1.0242424242424242
3700018  1.0242424242424242
3700019  1.0242424242424242
10800048  1.0227272727272727
10800049  1.0227272727272727
3700012  1.0226928895612708
10100024  1.0196078431372548
10100026  1.0196078431372548
10100027  1.0196078431372548
10100038  1.0196078431372548
1600012  1.0180722891566265
10100023  1.0180722891566265
10100031  1.0180722891566265
12900040  1.0180722891566265
3000037  1.017605633802817
1600009  1.0165413533834586
3000011  1.0165413533834586
3000013  1.0165413533834586
12000021  1.0165413533834586
12000022  1.0165413533834586
12000023  1.0165413533834586
16300052  1.0165413533834586
13200099  1.0134932533733134
15500048  1.0119760479041917
6600044  1.0104895104895104
6600045  1.0104895104895104
6600068  1.008955223880597
3000033  1.0069686411149825
11300063  1.0034722222222223
11300064  1.0034722222222223
11300065  1.0034722222222223
3000029  1.0
6600052  1.0
6600053  1.0
3000025  0.993127147766323
17300109  0.9865771812080537
17300111  0.9865771812080537
17300113  0.9865771812080537
17300115  0.9865771812080537
17300119  0.9865771812080537
17300103  0.984375
17300105  0.984375
17300107  0.984375
17300089  0.98
17300091  0.98
17300093  0.98
17300095  0.98
17300097  0.98
17300099  0.98
17300101  0.98
17300087  0.9778270509977827
11300093  0.9763513513513513
11300094  0.9763513513513513
13200058  0.9763513513513513
13200059  0.9763513513513513
13200060  0.9763513513513513
10800024  0.9689922480620154
10800025  0.9689922480620154
10800026  0.9689922480620154
10800027  0.9689922480620154
3000021  0.9665551839464883
10200042  0.9481065918653576
10200043  0.9481065918653576
10200050  0.9481065918653576
15500033  0.9481065918653576
15500030  0.9337016574585635
15500031  0.9337016574585635
15500032  0.9337016574585635
15500037  0.9337016574585635
3000016  0.9233226837060703
3000017  0.9233226837060703
8100018  0.9070294784580499
8100019  0.9070294784580499
8100022  0.9070294784580499
8100023  0.9070294784580499
8100027  0.9070294784580499
8100032  0.9070294784580499
8100033  0.9070294784580499
15400048  0.9070294784580499
15400068  0.9070294784580499
15400069  0.9070294784580499
15400071  0.9070294784580499
15400075  0.9070294784580499
15400082  0.9070294784580499
15400085  0.9070294784580499
18200125  0.9049773755656109
18200126  0.9049773755656109
18200128  0.9049773755656109
18200132  0.9049773755656109
18200138  0.9049773755656109
18200141  0.9049773755656109
5000014  0.8968609865470852
5000015  0.8968609865470852
5000016  0.8968609865470852
5000017  0.8968609865470852
5000020  0.8968609865470852
5000021  0.8968609865470852
5000023  0.8968609865470852
5000029  0.8968609865470852
5000030  0.8968609865470852
5000031  0.8968609865470852
2500017  0.8945233265720081
2500019  0.8945233265720081
2500022  0.8945233265720081
2500023  0.8945233265720081
10200022  0.8941798941798942
12500071  0.8869179600886918
13500035  0.8869179600886918
15400043  0.8849557522123894
15400047  0.8849557522123894
15400066  0.8849557522123894
15400067  0.8849557522123894
18200123  0.8849557522123894
18200124  0.8849557522123894
9700023  0.8733624454148472
14800071  0.8733624454148472
14800072  0.8733624454148472
10700018  0.8722580645161291
10700019  0.8722580645161291
10700021  0.8722580645161291
10700022  0.8722580645161291
10700023  0.8722580645161291
10700024  0.8722580645161291
6500030  0.8695652173913043
12000041  0.8376068376068376
6500025  0.8048289738430584
8800017  0.8
1500023  0.7990543735224587
1800008  0.7990543735224587
2300012  0.7990543735224587
2400017  0.7990543735224587
8800021  0.7990543735224587
6900015  0.7793017456359103
6900017  0.7793017456359103
6900018  0.7793017456359103
6900019  0.7793017456359103
6900020  0.7793017456359103
6900021  0.7793017456359103
6900029  0.7793017456359103
19901378  0.771689497716895
7600039  0.7681818181818182
2500011  0.7668711656441718
2500029  0.7668711656441718
2500030  0.7668711656441718
2500031  0.7668711656441718
2500009  0.7659313725490197
12500063  0.7590132827324478
15600031  0.7590132827324478
15600032  0.7590132827324478
15600033  0.7590132827324478
15600036  0.7590132827324478
15600051  0.7590132827324478
15600055  0.7590132827324478
15700067  0.7590132827324478
15700135  0.7590132827324478
15700136  0.7590132827324478
15700137  0.7590132827324478
16200045  0.7590132827324478
6600048  0.757847533632287
6600049  0.757847533632287
11300068  0.757847533632287
11300071  0.757847533632287
11300076  0.757847533632287
1100013  0.756152125279642
1200014  0.756152125279642
6600072  0.7502774694783574
6600073  0.7502774694783574
12300033  0.7502774694783574
12300035  0.7502774694783574
12300036  0.7502774694783574
12300040  0.7502774694783574
14200077  0.7502774694783574
16500059  0.7502774694783574
16500060  0.7502774694783574
16500061  0.7502774694783574
10800018  0.7494456762749445
10800021  0.7494456762749445
11300113  0.7494456762749445
11300116  0.7494456762749445
11300117  0.7494456762749445
17400053  0.7494456762749445
1100005  0.7486157253599114
1100010  0.7486157253599114
4300013  0.7486157253599114
4300016  0.7486157253599114
4300017  0.7486157253599114
4300018  0.7486157253599114
4300020  0.7486157253599114
7600072  0.7486157253599114
9700018  0.7486157253599114
9700019  0.7486157253599114
9700025  0.7486157253599114
10100018  0.7486157253599114
11200024  0.7486157253599114
11200028  0.7486157253599114
11200030  0.7486157253599114
11200031  0.7486157253599114
11200032  0.7486157253599114
11200040  0.7486157253599114
11200044  0.7486157253599114
11200049  0.7486157253599114
11200053  0.7486157253599114
11200055  0.7486157253599114
11200059  0.7486157253599114
11200063  0.7486157253599114
11200064  0.7486157253599114
11200066  0.7486157253599114
12300031  0.7486157253599114
13200027  0.7486157253599114
13200029  0.7486157253599114
13200034  0.7486157253599114
13200035  0.7486157253599114
13200036  0.7486157253599114
13200037  0.7486157253599114
13200137  0.7486157253599114
13600024  0.7486157253599114
13600025  0.7486157253599114
13600026  0.7486157253599114
14200040  0.7486157253599114
14200041  0.7486157253599114
14200042  0.7486157253599114
14200043  0.7486157253599114
14200044  0.7486157253599114
14200045  0.7486157253599114
14200046  0.7486157253599114
14200047  0.7486157253599114
14200048  0.7486157253599114
14200049  0.7486157253599114
14200050  0.7486157253599114
14200051  0.7486157253599114
14200052  0.7486157253599114
14200055  0.7486157253599114
14200059  0.7486157253599114
14200060  0.7486157253599114
14200064  0.7486157253599114
14200068  0.7486157253599114
14200069  0.7486157253599114
14200073  0.7486157253599114
14200089  0.7486157253599114
14200090  0.7486157253599114
14200102  0.7486157253599114
14200106  0.7486157253599114
14200114  0.7486157253599114
14800112  0.7486157253599114
14800161  0.7486157253599114
14800175  0.7486157253599114
14800178  0.7486157253599114
14800179  0.7486157253599114
14800180  0.7486157253599114
14800181  0.7486157253599114
14800182  0.7486157253599114
14800186  0.7486157253599114
14800187  0.7486157253599114
14800190  0.7486157253599114
15300030  0.7486157253599114
15300031  0.7486157253599114
15300032  0.7486157253599114
15300033  0.7486157253599114
16300039  0.7486157253599114
16300040  0.7486157253599114
16300044  0.7486157253599114
16300045  0.7486157253599114
16300046  0.7486157253599114
16300047  0.7486157253599114
16300048  0.7486157253599114
16300049  0.7486157253599114
16500058  0.7486157253599114
1100007  0.7477876106194691
1200006  0.7477876106194691
1200011  0.7477876106194691
7600066  0.7477876106194691
7600069  0.7477876106194691
13000063  0.7477876106194691
13200023  0.7477876106194691
14200098  0.7477876106194691
14800108  0.7477876106194691
14800174  0.7477876106194691
7600059  0.7469613259668508
14200094  0.7469613259668508
14800169  0.7469613259668508
7600015  0.7461368653421634
7600017  0.7461368653421634
7600020  0.7461368653421634
7600023  0.7461368653421634
7600026  0.7461368653421634
7600030  0.7461368653421634
7600035  0.7461368653421634
7600038  0.7461368653421634
12300027  0.7461368653421634
14800063  0.7461368653421634
14800067  0.7461368653421634
14800165  0.7461368653421634
14800167  0.7461368653421634
14800168  0.7461368653421634
16500052  0.7461368653421634
16500057  0.7461368653421634
14200026  0.7453142227122381
14200031  0.7453142227122381
14200032  0.7453142227122381
14200037  0.7453142227122381
14800027  0.7453142227122381
14800081  0.7453142227122381
14800082  0.7453142227122381
14800085  0.7453142227122381
19902380  0.7453142227122381
2000008  0.7444933920704846
2000009  0.7444933920704846
2000014  0.7444933920704846
2000019  0.7444933920704846
2000024  0.7444933920704846
18700100  0.7396061269146609
19901069  0.7396061269146609
19901080  0.7396061269146609
19901112  0.7396061269146609
19901125  0.7396061269146609
19901212  0.7396061269146609
19901246  0.7396061269146609
4900014  0.7387978142076502
4900017  0.7387978142076502
4900018  0.7387978142076502
11100019  0.7387978142076502
14100026  0.7387978142076502
14100034  0.7387978142076502
14100043  0.7387978142076502
14100052  0.7387978142076502
14100062  0.7387978142076502
14100071  0.7387978142076502
14100076  0.7387978142076502
14100077  0.7387978142076502
14100078  0.7387978142076502
15800033  0.7387978142076502
16000036  0.7387978142076502
16000040  0.7387978142076502
16000055  0.7387978142076502
16500041  0.7387978142076502
16500043  0.7387978142076502
16500044  0.7387978142076502
16500045  0.7387978142076502
16900043  0.7387978142076502
16900163  0.7387978142076502
17100048  0.7387978142076502
17100051  0.7387978142076502
4600013  0.7363834422657952
17300053  0.7363834422657952
17300056  0.7363834422657952
17300057  0.7363834422657952
13600035  0.7352941176470589
6600021  0.7331887201735358
6600022  0.7331887201735358
6600024  0.7331887201735358
11300019  0.7331887201735358
11300021  0.7331887201735358
11300022  0.7331887201735358
11300026  0.7331887201735358
11300081  0.7331887201735358
11300083  0.7331887201735358
11300089  0.7331887201735358
11300090  0.7331887201735358
11300109  0.7331887201735358
12900022  0.7331887201735358
12900026  0.7331887201735358
12900112  0.7331887201735358
12900117  0.7331887201735358
13000047  0.7331887201735358
13000048  0.7331887201735358
1500033  0.7316017316017316
2400027  0.7316017316017316
6600015  0.7316017316017316
6600018  0.7316017316017316
12300022  0.7316017316017316
12300024  0.7316017316017316
17500054  0.7316017316017316
3100021  0.7301401869158879
3100022  0.7301401869158879
3100025  0.7301401869158879
5200020  0.7301401869158879
5300014  0.7301401869158879
5300020  0.7301401869158879
5300041  0.7301401869158879
5300042  0.7301401869158879
5300044  0.7301401869158879
5300046  0.7301401869158879
8100016  0.7301401869158879
8200016  0.7301401869158879
8200018  0.7301401869158879
8200019  0.7301401869158879
8200020  0.7301401869158879
8400016  0.7301401869158879
8400017  0.7301401869158879
8400018  0.7301401869158879
8500016  0.7301401869158879
8900017  0.7301401869158879
8900020  0.7301401869158879
8900026  0.7301401869158879
9600017  0.7301401869158879
11700039  0.7301401869158879
12500022  0.7301401869158879
12500032  0.7301401869158879
12500033  0.7301401869158879
12500034  0.7301401869158879
12500035  0.7301401869158879
12500047  0.7301401869158879
12500048  0.7301401869158879
12500056  0.7301401869158879
12500057  0.7301401869158879
12500066  0.7301401869158879
12800022  0.7301401869158879
13000055  0.7301401869158879
13500023  0.7301401869158879
13500024  0.7301401869158879
13500025  0.7301401869158879
13500055  0.7301401869158879
13500056  0.7301401869158879
13500057  0.7301401869158879
13500060  0.7301401869158879
13500061  0.7301401869158879
13500062  0.7301401869158879
13500063  0.7301401869158879
13500065  0.7301401869158879
13500068  0.7301401869158879
13500069  0.7301401869158879
13500071  0.7301401869158879
13500073  0.7301401869158879
13500075  0.7301401869158879
13500077  0.7301401869158879
13500090  0.7301401869158879
13500091  0.7301401869158879
13500092  0.7301401869158879
13500094  0.7301401869158879
13500095  0.7301401869158879
13500096  0.7301401869158879
13500097  0.7301401869158879
13500100  0.7301401869158879
13500101  0.7301401869158879
13800048  0.7301401869158879
15000028  0.7301401869158879
15200029  0.7301401869158879
15200030  0.7301401869158879
15200031  0.7301401869158879
15200040  0.7301401869158879
15200041  0.7301401869158879
15200049  0.7301401869158879
15200050  0.7301401869158879
15200051  0.7301401869158879
15200058  0.7301401869158879
15400030  0.7301401869158879
15400032  0.7301401869158879
15400033  0.7301401869158879
15400034  0.7301401869158879
15400035  0.7301401869158879
15400036  0.7301401869158879
15400058  0.7301401869158879
15400059  0.7301401869158879
15400062  0.7301401869158879
15400063  0.7301401869158879
15400079  0.7301401869158879
15700034  0.7301401869158879
15700037  0.7301401869158879
15700124  0.7301401869158879
15700132  0.7301401869158879
15700133  0.7301401869158879
15700134  0.7301401869158879
15700138  0.7301401869158879
15700146  0.7301401869158879
15700150  0.7301401869158879
15700151  0.7301401869158879
15700152  0.7301401869158879
15700156  0.7301401869158879
16200038  0.7301401869158879
16200041  0.7301401869158879
16400040  0.7301401869158879
16400048  0.7301401869158879
16400049  0.7301401869158879
16400074  0.7301401869158879
16700042  0.7301401869158879
17600055  0.7301401869158879
17600056  0.7301401869158879
17600058  0.7301401869158879
17600059  0.7301401869158879
17600065  0.7301401869158879
17600066  0.7301401869158879
17600067  0.7301401869158879
17600068  0.7301401869158879
17600071  0.7301401869158879
17600072  0.7301401869158879
17600076  0.7301401869158879
17600077  0.7301401869158879
17600081  0.7301401869158879
17600082  0.7301401869158879
17600086  0.7301401869158879
17600087  0.7301401869158879
17600091  0.7301401869158879
17600095  0.7301401869158879
18000060  0.7301401869158879
18000062  0.7301401869158879
18200090  0.7301401869158879
18200094  0.7301401869158879
18200095  0.7301401869158879
18200098  0.7301401869158879
18200101  0.7301401869158879
18200102  0.7301401869158879
18200103  0.7301401869158879
18200108  0.7301401869158879
18200109  0.7301401869158879
18200112  0.7301401869158879
18200114  0.7301401869158879
18200117  0.7301401869158879
18300064  0.7301401869158879
12500059  0.7300380228136882
12500061  0.7300380228136882
12500062  0.7300380228136882
12500070  0.7300380228136882
12500080  0.7300380228136882
15200052  0.7300380228136882
15400064  0.7300380228136882
15400065  0.7300380228136882
16400050  0.7300380228136882
18200115  0.7300380228136882
18200121  0.7300380228136882
18200122  0.7300380228136882
18200135  0.7300380228136882
15700032  0.7292882147024504
13000040  0.728448275862069
17800068  0.728448275862069
17800072  0.728448275862069
17800075  0.728448275862069
11700020  0.7276641550053822
13000022  0.7276641550053822
13000029  0.7276641550053822
13000031  0.7276641550053822
13000032  0.7276641550053822
13000034  0.7276641550053822
13000037  0.7276641550053822
13000038  0.7276641550053822
13000039  0.7276641550053822
17800056  0.7276641550053822
1000005  0.7268817204301076
1500007  0.7268817204301076
1500009  0.7268817204301076
1500012  0.7268817204301076
1500015  0.7268817204301076
2300009  0.7268817204301076
2400011  0.7268817204301076
2800016  0.7268817204301076
2800017  0.7268817204301076
2800020  0.7268817204301076
5600014  0.7268817204301076
5600015  0.7268817204301076
5600016  0.7268817204301076
5600019  0.7268817204301076
5600039  0.7268817204301076
7800016  0.7268817204301076
7800017  0.7268817204301076
7800018  0.7268817204301076
7800024  0.7268817204301076
7800025  0.7268817204301076
7800033  0.7268817204301076
7800046  0.7268817204301076
7800047  0.7268817204301076
7800052  0.7268817204301076
7800055  0.7268817204301076
7800058  0.7268817204301076
7800059  0.7268817204301076
7800064  0.7268817204301076
3100014  0.7192174913693901
3100017  0.7192174913693901
4500037  0.6956521739130435
12400032  0.6914285714285714
18900154  0.6578947368421053
19500253  0.6410256410256411
19500254  0.6410256410256411
19500280  0.6410256410256411
19500287  0.6410256410256411
19500288  0.6410256410256411
18700406  0.5925925925925926
18500191  0.5681818181818182
18900132  0.5681818181818182
18900133  0.5681818181818182
18900134  0.5681818181818182
13000026  0.539119804400978
6600060  0.5378048780487805
6600061  0.5378048780487805
11300103  0.5378048780487805
11300104  0.5378048780487805
11300105  0.5378048780487805
11300106  0.5378048780487805
12900123  0.5378048780487805
12900124  0.5378048780487805
3300053  0.5364238410596026
6600064  0.532608695652174
6600065  0.532608695652174
11300049  0.527511961722488
11300050  0.527511961722488
14300036  0.47761194029850745
19901256  0.4688995215311005
19500250  0.45454545454545453
19500251  0.45454545454545453
19500270  0.45454545454545453
19500271  0.45454545454545453
19500277  0.45454545454545453
19500283  0.45454545454545453
19500284  0.45454545454545453
19500286  0.45454545454545453
13400045  0.44755244755244755
2900014  0.43859649122807015
13100043  0.43537414965986393
13100025  0.43243243243243246
13100026  0.43243243243243246
14300038  0.43243243243243246
13100040  0.4155844155844156
11000024  0.41379310344827586
13100022  0.4129032258064516
13100028  0.4129032258064516
13100029  0.4129032258064516
13100030  0.4129032258064516
13100031  0.4129032258064516
13100034  0.4129032258064516
13100036  0.4129032258064516
13100037  0.4129032258064516
19500216  0.4032258064516129
19500243  0.4032258064516129
19500244  0.4032258064516129
19500245  0.4032258064516129
19500246  0.4032258064516129
19500247  0.4032258064516129
19600217  0.4032258064516129
11000019  0.37894736842105264
11000020  0.37894736842105264
11000021  0.37894736842105264
2900013  0.37453183520599254
11500024  0.37453183520599254
12300074  0.3630653266331658
9700020  0.36162361623616235
9700021  0.36162361623616235
9700032  0.36162361623616235
9700033  0.36162361623616235
9700038  0.36162361623616235
4500040  0.34972677595628415
14300035  0.34782608695652173
12300066  0.34688346883468835
13400023  0.32989690721649484
13400024  0.32989690721649484
13400032  0.3282051282051282
13400034  0.3282051282051282
14300034  0.3248730964467005
13400026  0.32160804020100503
13400027  0.32160804020100503
13400028  0.32160804020100503
13400029  0.32160804020100503
9300020  0.27586206896551724
13600033  0.2648648648648649
3900015  0.24806201550387597
3900021  0.24615384615384617
19902111  0.23357664233576642
12100028  0.23272727272727273
13200084  0.23148148148148148
17400055  0.2288135593220339
3600012  0.21621621621621623
3600018  0.21621621621621623
3600019  0.21621621621621623
3600022  0.21621621621621623
3600023  0.21621621621621623
3600026  0.21621621621621623
3600032  0.21621621621621623
3600033  0.21621621621621623
3600036  0.21621621621621623
3600039  0.21621621621621623
8600017  0.21621621621621623
8600018  0.21621621621621623
8600019  0.21621621621621623
8600022  0.21621621621621623
8600023  0.21621621621621623
8600027  0.21621621621621623
8600028  0.21621621621621623
9100017  0.21621621621621623
9100018  0.21621621621621623
9100019  0.21621621621621623
9100023  0.21621621621621623
9100025  0.21621621621621623
9100028  0.21621621621621623
9100029  0.21621621621621623
12200022  0.21621621621621623
12200023  0.21621621621621623
12200031  0.21621621621621623
12200035  0.21621621621621623
12200037  0.21621621621621623
12200038  0.21621621621621623
12200041  0.21621621621621623
12200045  0.21621621621621623
12200046  0.21621621621621623
14600027  0.21621621621621623
14600028  0.21621621621621623
17700056  0.21621621621621623
17700057  0.21621621621621623
17700058  0.21621621621621623
17700062  0.21621621621621623
17700063  0.21621621621621623
17700067  0.21621621621621623
17700072  0.21621621621621623
17700073  0.21621621621621623
3200017  0.21428571428571427
3900012  0.21333333333333335
16500160  0.21333333333333335
16500161  0.21333333333333335
19902346  0.21333333333333335
19902347  0.21333333333333335
10800040  0.2125984251968504
10800041  0.2125984251968504
10800042  0.2125984251968504
10800044  0.2125984251968504
13200121  0.2125984251968504
3200016  0.20876288659793815
3200019  0.20876288659793815
4500038  0.20512820512820512
19000145  0.19814241486068113
9400022  0.1956521739130435
3200014  0.19518072289156627
3200015  0.19518072289156627
3200020  0.19518072289156627
2700025  0.1951219512195122
14300026  0.1951219512195122
14300027  0.1951219512195122
14300030  0.1951219512195122
14300031  0.1951219512195122
12100032  0.19161676646706588
12100043  0.191044776119403
16300075  0.191044776119403
16300132  0.191044776119403
6700025  0.19047619047619047
16300074  0.19047619047619047
16300128  0.19047619047619047
12100039  0.18991097922848665
12100040  0.18991097922848665
6100021  0.1893491124260355
11300057  0.1893491124260355
11300058  0.1893491124260355
11300059  0.1893491124260355
19000140  0.18823529411764706
19000141  0.18823529411764706
19000142  0.18823529411764706
17300084  0.1865671641791045
15500044  0.18604651162790697
16500089  0.1855072463768116
16500090  0.1855072463768116
6600036  0.18497109826589594
6600037  0.18497109826589594
6100015  0.1839080459770115
6100016  0.1839080459770115
6100017  0.1839080459770115
6100018  0.1839080459770115
11300040  0.1839080459770115
11300041  0.1839080459770115
11300042  0.1839080459770115
11300043  0.1839080459770115
6700015  0.18181818181818182
6700016  0.18181818181818182
6700017  0.18181818181818182
6700018  0.18181818181818182
12100024  0.18028169014084508
12100025  0.18028169014084508
12100021  0.1792717086834734
12100022  0.1792717086834734
12100023  0.1792717086834734
12100036  0.1792717086834734
16500086  0.1787709497206704
16500084  0.17827298050139276
19600219  0.16666666666666666
19600220  0.16666666666666666
19600225  0.16666666666666666
9300017  0.16120906801007556
9300149  0.16120906801007556
6500065  0.16
10300070  0.16
10300071  0.16
10300072  0.16
10300074  0.16
3300032  0.1592356687898089
3300029  0.15822784810126583
3300030  0.15822784810126583
12000039  0.15822784810126583
19901647  0.15337423312883436
12300070  0.14835164835164835
12500076  0.14835164835164835
12500072  0.1396551724137931
12500086  0.1396551724137931
9400017  0.11688311688311688
9400019  0.11688311688311688
7700022  0.1111111111111111
7700023  0.1111111111111111
7700037  0.10810810810810811
7700016  0.10526315789473684
7700017  0.10526315789473684
7700018  0.10526315789473684
7700019  0.10526315789473684
13600046  0.10526315789473684
16300111  0.10526315789473684
16500155  0.10526315789473684
16500156  0.10526315789473684
19901804  0.10526315789473684
13200091  0.10256410256410256
13200092  0.10256410256410256
15300072  0.10256410256410256
2900020  0.09876543209876543
2900017  0.09815950920245399
2900041  0.09815950920245399
2900015  0.0963855421686747
16500154  0.09523809523809523
18700200  0.09523809523809523
19901673  0.08653846153846154
3700034  0.0778816199376947
18700270  0.06557377049180328
3000084  0.058823529411764705
4500032  0.057971014492753624
3000018  0.0547945205479452
16300058  0.05063291139240506
16300059  0.05063291139240506
13200112  0.05
13200113  0.05
3000083  0.04819277108433735
6500027  0.046632124352331605
16300054  0.046511627906976744
13200107  0.045454545454545456
13200108  0.045454545454545456
13200109  0.045454545454545456
13200110  0.045454545454545456
3000078  0.0449438202247191
3000079  0.0449438202247191
10500034  0.0449438202247191
10500018  0.044444444444444446
10500020  0.044444444444444446
10500021  0.044444444444444446
10500022  0.044444444444444446
18900182  0.038461538461538464
15500113  0.037383177570093455
5500031  0.037037037037037035
5100076  0.03571428571428571
4700033  0.034482758620689655
5500023  0.034482758620689655
5500024  0.034482758620689655
11400037  0.034482758620689655
11400038  0.034482758620689655
16500074  0.034482758620689655
16500075  0.034482758620689655
19901550  0.034482758620689655
5100072  0.03225806451612903
13200129  0.03225806451612903
5500019  0.027777777777777776
5500020  0.027777777777777776
3000030  0.02702702702702703
3000055  0.02702702702702703
18700244  0.02631578947368421
3000052  0.02564102564102564
5500014  0.02564102564102564
12000070  0.02564102564102564
14800093  0.02564102564102564
14800094  0.02564102564102564
11400043  0.022222222222222223
16500168  0.022222222222222223
16500169  0.022222222222222223
16500170  0.022222222222222223
18700523  0.022222222222222223
4500056  0.02
10500028  0.015873015873015872
10500029  0.015873015873015872
10500030  0.015873015873015872
17000069  0.015873015873015872
17000116  0.015873015873015872
10500025  0.015625
17000061  0.015625
17000062  0.015625
17000068  0.015625
17000110  0.015625
17000113  0.015625
17000067  0.015384615384615385
17000104  0.015384615384615385
17000107  0.015384615384615385
17000066  0.015151515151515152
17000098  0.015151515151515152
17000101  0.015151515151515152
17000095  0.014925373134328358
17000082  0.014285714285714285
17000083  0.014285714285714285
17000090  0.014285714285714285
17000071  0.013513513513513514
17000072  0.013513513513513514
17000073  0.013513513513513514
17000074  0.013513513513513514
6900024  0.01282051282051282
17000064  0.01282051282051282
17000065  0.01282051282051282
10200023  0.011857707509881422
15500040  0.01020408163265306
15500041  0.01020408163265306
16800062  0.00980392156862745
4100013  0.009685230024213076
4100016  0.009685230024213076
4100017  0.009685230024213076
12300057  0.008333333333333333
12300058  0.008333333333333333
12300056  0.008247422680412371
12300052  0.00823045267489712
16800043  0.007462686567164179
16800044  0.007462686567164179
16800045  0.007462686567164179
16800046  0.007462686567164179
16800047  0.007462686567164179
16800048  0.007462686567164179
16800049  0.007462686567164179
16800050  0.007462686567164179
16800051  0.007462686567164179
14700027  0.006134969325153374
14700028  0.006134969325153374
14700029  0.006134969325153374
14700030  0.006134969325153374
14700036  0.006134969325153374
14700037  0.006134969325153374
14700038  0.006134969325153374
16500144  0.006134969325153374
19902028  0.006134969325153374
16500137  0.006024096385542169
16500138  0.006024096385542169
16500140  0.006024096385542169
16500134  0.005952380952380952
14000026  0.005917159763313609
14000027  0.005917159763313609
14000028  0.005917159763313609
14000029  0.005917159763313609
14000030  0.005917159763313609
14000031  0.005917159763313609
14000032  0.005917159763313609
14000033  0.005917159763313609
14000034  0.005917159763313609
14000053  0.005917159763313609
2600010  0.005208333333333333
2600012  0.005208333333333333
3400011  0.005208333333333333
3400013  0.005208333333333333
16300094  0.004016064257028112
11600031  0.003968253968253968
11600032  0.003968253968253968
15500127  0.0030211480362537764
15500128  0.0030211480362537764
4100021  0.0025380710659898475
4100020  0.0024691358024691358
13000059  0.0024691358024691358
15500126  0.002188183807439825
15500150  0.002188183807439825
1000007  0.0
1100011  0.0
1300007  0.0
1300009  0.0
1300010  0.0
1300011  0.0
1300012  0.0
1300013  0.0
1300014  0.0
1300017  0.0
1400007  0.0
1400009  0.0
1400012  0.0
1400016  0.0
1600007  0.0
1700007  0.0
1700008  0.0
1800010  0.0
1800011  0.0
1800012  0.0
1800013  0.0
1800014  0.0
1800015  0.0
1900008  0.0
1900011  0.0
1900012  0.0
1900016  0.0
1900017  0.0
1900019  0.0
1900020  0.0
2100008  0.0
2100009  0.0
2400009  0.0
2500020  0.0
2600015  0.0
2600016  0.0
2600017  0.0
2600019  0.0
2600020  0.0
2600024  0.0
2600025  0.0
2700010  0.0
2700013  0.0
2700017  0.0
2700021  0.0
2700029  0.0
2700033  0.0
2700037  0.0
2800010  0.0
2800018  0.0
2900010  0.0
2900016  0.0
2900018  0.0
2900025  0.0
2900030  0.0
2900034  0.0
2900035  0.0
2900037  0.0
3000026  0.0
3000034  0.0
3000035  0.0
3000040  0.0
3000042  0.0
3000043  0.0
3000044  0.0
3000049  0.0
3000053  0.0
3000058  0.0
3000059  0.0
3000061  0.0
3000065  0.0
3000069  0.0
3000073  0.0
3000080  0.0
3000087  0.0
3000088  0.0
3000090  0.0
3000095  0.0
3100011  0.0
3100015  0.0
3100023  0.0
3100024  0.0
3200011  0.0
3200023  0.0
3300011  0.0
3400016  0.0
3400020  0.0
3400021  0.0
3500011  0.0
3500014  0.0
3500015  0.0
3500017  0.0
3500021  0.0
3500022  0.0
3500023  0.0
3500024  0.0
3500025  0.0
3500027  0.0
3500028  0.0
3500029  0.0
3500030  0.0
3600020  0.0
3600021  0.0
3600034  0.0
3600035  0.0
3600040  0.0
3600041  0.0
3600042  0.0
3600043  0.0
3700022  0.0
3700030  0.0
3700046  0.0
3700055  0.0
3700056  0.0
3700058  0.0
3700059  0.0
3700060  0.0
3700062  0.0
3700068  0.0
3800012  0.0
3800017  0.0
3900016  0.0
3900017  0.0
3900018  0.0
3900022  0.0
3900023  0.0
3900026  0.0
3900028  0.0
3900029  0.0
3900030  0.0
3900031  0.0
4000013  0.0
4000014  0.0
4100023  0.0
4100024  0.0
4100025  0.0
4200013  0.0
4200014  0.0
4200015  0.0
4200019  0.0
4200020  0.0
4200024  0.0
4200025  0.0
4200026  0.0
4200027  0.0
4200029  0.0
4500016  0.0
4500020  0.0
4500028  0.0
4500044  0.0
4500048  0.0
4500052  0.0
4600028  0.0
4600034  0.0
4700019  0.0
4700020  0.0
4700024  0.0
4700028  0.0
4700029  0.0
4800014  0.0
4800015  0.0
4900021  0.0
4900022  0.0
4900023  0.0
4900026  0.0
4900030  0.0
4900031  0.0
4900034  0.0
5000024  0.0
5000025  0.0
5000026  0.0
5000027  0.0
5100022  0.0
5100023  0.0
5100025  0.0
5100027  0.0
5100028  0.0
5100030  0.0
5100034  0.0
5100038  0.0
5100039  0.0
5100041  0.0
5100042  0.0
5100043  0.0
5100044  0.0
5100046  0.0
5100049  0.0
5100053  0.0
5100057  0.0
5100058  0.0
5100060  0.0
5100061  0.0
5100062  0.0
5100063  0.0
5100065  0.0
5100068  0.0
5100080  0.0
5200014  0.0
5200016  0.0
5200024  0.0
5200028  0.0
5200029  0.0
5200031  0.0
5300068  0.0
5300069  0.0
5300071  0.0
5300089  0.0
5400014  0.0
5400015  0.0
5400018  0.0
5400019  0.0
5500027  0.0
5600020  0.0
5600022  0.0
5600023  0.0
5600024  0.0
5600029  0.0
5600032  0.0
5600033  0.0
5600034  0.0
5600036  0.0
5700014  0.0
5700023  0.0
5700024  0.0
5700025  0.0
5700026  0.0
5700027  0.0
5700028  0.0
5700030  0.0
5700033  0.0
5800014  0.0
5800015  0.0
5900015  0.0
5900016  0.0
6000015  0.0
6000016  0.0
6100025  0.0
6200015  0.0
6200016  0.0
6200019  0.0
6200020  0.0
6300015  0.0
6300016  0.0
6400015  0.0
6400016  0.0
6500037  0.0
6500057  0.0
6500061  0.0
6600056  0.0
6600076  0.0
6600077  0.0
6700021  0.0
6700022  0.0
6800015  0.0
6800016  0.0
6900030  0.0
6900031  0.0
7000015  0.0
7000016  0.0
7100015  0.0
7100021  0.0
7100022  0.0
7100025  0.0
7100026  0.0
7100027  0.0
7100028  0.0
7100032  0.0
7100034  0.0
7100035  0.0
7100036  0.0
7100041  0.0
7100042  0.0
7100043  0.0
7100048  0.0
7200015  0.0
7200016  0.0
7300015  0.0
7300016  0.0
7400015  0.0
7400016  0.0
7500015  0.0
7500016  0.0
7600021  0.0
7600027  0.0
7600031  0.0
7600032  0.0
7600034  0.0
7600041  0.0
7600042  0.0
7600044  0.0
7600047  0.0
7600048  0.0
7600050  0.0
7600051  0.0
7600053  0.0
7600064  0.0
7600070  0.0
7700027  0.0
7700028  0.0
7700032  0.0
7700033  0.0
7800026  0.0
7800034  0.0
7800035  0.0
7800048  0.0
7800053  0.0
7800054  0.0
7800060  0.0
7800061  0.0
7800062  0.0
7800065  0.0
7800066  0.0
7900016  0.0
7900017  0.0
7900021  0.0
8000016  0.0
8000017  0.0
8000018  0.0
8000019  0.0
8000020  0.0
8000028  0.0
8000037  0.0
8000046  0.0
8000055  0.0
8100020  0.0
8100025  0.0
8100028  0.0
8200023  0.0
8200024  0.0
8200025  0.0
8200026  0.0
8200027  0.0
8200029  0.0
8200030  0.0
8200032  0.0
8300016  0.0
8300017  0.0
8300021  0.0
8400021  0.0
8400022  0.0
8400023  0.0
8400024  0.0
8400026  0.0
8400028  0.0
8500019  0.0
8600030  0.0
8600032  0.0
8600033  0.0
8600034  0.0
8600041  0.0
8600042  0.0
8600043  0.0
8700022  0.0
8800031  0.0
8800033  0.0
8800034  0.0
8800035  0.0
8800036  0.0
8800037  0.0
8800039  0.0
8800040  0.0
8800041  0.0
8800046  0.0
8800047  0.0
8800049  0.0
8800052  0.0
8800053  0.0
8800054  0.0
8800055  0.0
9000017  0.0
9000020  0.0
9000021  0.0
9000022  0.0
9000026  0.0
9000027  0.0
9000028  0.0
9000032  0.0
9000033  0.0
9000034  0.0
9000035  0.0
9000036  0.0
9000038  0.0
9000040  0.0
9000041  0.0
9000042  0.0
9100026  0.0
9100027  0.0
9200017  0.0
9200020  0.0
9200021  0.0
9300024  0.0
9300025  0.0
9300044  0.0
9300045  0.0
9300047  0.0
9300048  0.0
9300050  0.0
9300055  0.0
9300056  0.0
9300057  0.0
9300058  0.0
9300059  0.0
9300060  0.0
9300062  0.0
9300063  0.0
9300067  0.0
9300068  0.0
9300069  0.0
9300071  0.0
9300072  0.0
9300076  0.0
9300077  0.0
9300078  0.0
9300079  0.0
9300081  0.0
9300082  0.0
9300084  0.0
9300085  0.0
9300087  0.0
9300089  0.0
9300093  0.0
9300097  0.0
9300098  0.0
9300099  0.0
9300100  0.0
9300102  0.0
9300103  0.0
9300107  0.0
9300108  0.0
9300110  0.0
9300111  0.0
9300116  0.0
9300118  0.0
9300119  0.0
9300121  0.0
9300126  0.0
9300127  0.0
9300128  0.0
9300129  0.0
9300131  0.0
9300133  0.0
9300134  0.0
9300176  0.0
9300177  0.0
9300178  0.0
9300179  0.0
9300181  0.0
9300183  0.0
9300184  0.0
9400026  0.0
9400027  0.0
9500022  0.0
9500026  0.0
9500039  0.0
9600019  0.0
9600020  0.0
9600021  0.0
9600025  0.0
9600026  0.0
9700027  0.0
9700028  0.0
9700029  0.0
9700035  0.0
9700042  0.0
9700047  0.0
9800018  0.0
9800019  0.0
9800020  0.0
9800021  0.0
9800022  0.0
9800025  0.0
9800029  0.0
9800033  0.0
9900018  0.0
9900020  0.0
9900022  0.0
9900023  0.0
9900024  0.0
9900027  0.0
10000018  0.0
10000022  0.0
10000025  0.0
10000026  0.0
10000029  0.0
10000033  0.0
10000034  0.0
10000035  0.0
10000039  0.0
10000043  0.0
10000044  0.0
10000047  0.0
10000048  0.0
10000049  0.0
10000050  0.0
10000051  0.0
10000053  0.0
10000058  0.0
10000062  0.0
10100035  0.0
10200018  0.0
10200045  0.0
10300018  0.0
10300019  0.0
10300022  0.0
10300023  0.0
10300024  0.0
10300025  0.0
10300026  0.0
10300027  0.0
10300028  0.0
10300029  0.0
10300030  0.0
10300031  0.0
10300032  0.0
10300033  0.0
10300034  0.0
10300035  0.0
10300036  0.0
10300037  0.0
10300038  0.0
10300039  0.0
10300040  0.0
10300041  0.0
10300042  0.0
10300044  0.0
10300048  0.0
10300049  0.0
10300051  0.0
10300053  0.0
10300056  0.0
10300057  0.0
10300058  0.0
10300059  0.0
10300060  0.0
10300063  0.0
10300064  0.0
10400018  0.0
10400022  0.0
10400023  0.0
10400024  0.0
10400026  0.0
10400029  0.0
10400030  0.0
10400032  0.0
10400033  0.0
10400035  0.0
10500026  0.0
10600018  0.0
10600019  0.0
10700028  0.0
10700029  0.0
10700030  0.0
10700032  0.0
10800050  0.0
10900019  0.0
10900020  0.0
10900021  0.0
10900024  0.0
10900028  0.0
10900029  0.0
11000028  0.0
11000029  0.0
11200019  0.0
11200020  0.0
11200021  0.0
11200056  0.0
11200070  0.0
11200071  0.0
11200073  0.0
11300072  0.0
11300073  0.0
11300074  0.0
11300084  0.0
11300085  0.0
11300086  0.0
11300097  0.0
11300114  0.0
11300120  0.0
11300121  0.0
11400025  0.0
11400033  0.0
11400047  0.0
11500028  0.0
11500029  0.0
11500032  0.0
11500036  0.0
11500037  0.0
11500038  0.0
11500039  0.0
11500041  0.0
11500046  0.0
11500051  0.0
11500052  0.0
11500054  0.0
11500055  0.0
11500060  0.0
11500064  0.0
11500071  0.0
11600033  0.0
11600034  0.0
11600038  0.0
11600039  0.0
11600046  0.0
11600051  0.0
11700027  0.0
11700046  0.0
11700053  0.0
11800020  0.0
11800021  0.0
11800023  0.0
11800024  0.0
11800025  0.0
11800026  0.0
11800030  0.0
11800034  0.0
11800039  0.0
11900021  0.0
11900022  0.0
11900023  0.0
11900024  0.0
11900026  0.0
11900027  0.0
11900028  0.0
11900031  0.0
11900035  0.0
12000026  0.0
12000027  0.0
12000028  0.0
12000029  0.0
12000030  0.0
12000034  0.0
12000050  0.0
12000054  0.0
12000058  0.0
12000062  0.0
12000066  0.0
12100037  0.0
12100041  0.0
12300037  0.0
12300044  0.0
12300045  0.0
12300046  0.0
12300048  0.0
12300049  0.0
12300053  0.0
12300060  0.0
12300078  0.0
12300082  0.0
12300084  0.0
12300085  0.0
12300087  0.0
12300090  0.0
12400029  0.0
12400036  0.0
12400037  0.0
12400040  0.0
12400045  0.0
12400049  0.0
12400050  0.0
12400052  0.0
12400057  0.0
12400062  0.0
12400063  0.0
12400065  0.0
12500073  0.0
12500074  0.0
12600022  0.0
12700022  0.0
12700023  0.0
12700024  0.0
12700025  0.0
12700028  0.0
12700029  0.0
12700030  0.0
12700031  0.0
12800024  0.0
12800025  0.0
12900053  0.0
12900054  0.0
12900055  0.0
12900056  0.0
12900063  0.0
12900064  0.0
12900065  0.0
12900066  0.0
12900073  0.0
12900074  0.0
12900075  0.0
12900076  0.0
12900080  0.0
12900081  0.0
12900082  0.0
12900085  0.0
12900086  0.0
12900087  0.0
12900088  0.0
12900090  0.0
12900094  0.0
12900095  0.0
12900096  0.0
12900098  0.0
12900101  0.0
12900102  0.0
12900103  0.0
12900104  0.0
12900106  0.0
12900113  0.0
12900114  0.0
12900115  0.0
13000042  0.0
13000051  0.0
13100038  0.0
13100039  0.0
13100041  0.0
13100042  0.0
13100044  0.0
13100045  0.0
13100048  0.0
13100049  0.0
13200054  0.0
13200055  0.0
13200065  0.0
13200073  0.0
13200095  0.0
13200096  0.0
13200117  0.0
13200125  0.0
13200133  0.0
13300023  0.0
13300026  0.0
13300027  0.0
13300029  0.0
13300030  0.0
13300031  0.0
13300032  0.0
13300035  0.0
13300037  0.0
13300039  0.0
13300040  0.0
13300041  0.0
13300042  0.0
13300043  0.0
13300044  0.0
13300047  0.0
13300048  0.0
13400035  0.0
13400036  0.0
13400037  0.0
13400038  0.0
13400039  0.0
13400040  0.0
13400041  0.0
13400042  0.0
13600042  0.0
13600050  0.0
13600051  0.0
13600054  0.0
13700024  0.0
13700026  0.0
13800025  0.0
13800036  0.0
13800054  0.0
13900025  0.0
13900026  0.0
13900028  0.0
13900029  0.0
13900030  0.0
13900031  0.0
13900034  0.0
13900036  0.0
13900037  0.0
13900040  0.0
13900041  0.0
13900049  0.0
13900050  0.0
13900051  0.0
13900052  0.0
13900053  0.0
13900056  0.0
13900057  0.0
13900058  0.0
13900059  0.0
13900062  0.0
13900063  0.0
13900065  0.0
14000037  0.0
14000041  0.0
14000045  0.0
14000049  0.0
14000057  0.0
14000062  0.0
14000063  0.0
14000064  0.0
14000067  0.0
14000068  0.0
14000069  0.0
14000072  0.0
14000078  0.0
14000083  0.0
14000084  0.0
14000085  0.0
14000086  0.0
14000087  0.0
14000088  0.0
14000089  0.0
14000090  0.0
14000091  0.0
14000092  0.0
14000093  0.0
14000094  0.0
14000095  0.0
14000096  0.0
14000097  0.0
14000098  0.0
14000099  0.0
14000100  0.0
14000101  0.0
14000102  0.0
14000103  0.0
14000104  0.0
14000105  0.0
14000106  0.0
14000107  0.0
14100086  0.0
14200085  0.0
14200110  0.0
14300028  0.0
14300039  0.0
14300040  0.0
14300043  0.0
14300044  0.0
14300046  0.0
14300047  0.0
14300048  0.0
14300050  0.0
14300051  0.0
14300052  0.0
14300056  0.0
14400026  0.0
14400027  0.0
14400028  0.0
14400030  0.0
14400031  0.0
14400034  0.0
14400035  0.0
14400037  0.0
14400038  0.0
14400040  0.0
14400041  0.0
14400044  0.0
14400045  0.0
14400047  0.0
14400048  0.0
14400050  0.0
14400051  0.0
14400054  0.0
14400055  0.0
14400059  0.0
14500027  0.0
14500030  0.0
14500031  0.0
14500033  0.0
14500034  0.0
14500035  0.0
14500036  0.0
14700033  0.0
14700041  0.0
14700045  0.0
14700046  0.0
14700047  0.0
14700048  0.0
14700050  0.0
14700054  0.0
14700058  0.0
14700059  0.0
14700062  0.0
14700063  0.0
14800034  0.0
14800038  0.0
14800039  0.0
14800043  0.0
14800044  0.0
14800047  0.0
14800048  0.0
14800049  0.0
14800050  0.0
14800051  0.0
14800054  0.0
14800055  0.0
14800059  0.0
14800076  0.0
14800077  0.0
14800083  0.0
14800089  0.0
14800098  0.0
14800099  0.0
14800103  0.0
14800104  0.0
14800116  0.0
14800120  0.0
14800121  0.0
14800123  0.0
14800127  0.0
14800128  0.0
14800130  0.0
14800131  0.0
14800132  0.0
14800134  0.0
14800136  0.0
14800140  0.0
14800141  0.0
14800142  0.0
14800144  0.0
14800145  0.0
14800149  0.0
14800153  0.0
14800157  0.0
14800188  0.0
14900028  0.0
14900029  0.0
14900030  0.0
14900031  0.0
14900035  0.0
14900036  0.0
14900040  0.0
14900042  0.0
14900043  0.0
14900044  0.0
14900047  0.0
15000032  0.0
15000035  0.0
15000037  0.0
15000038  0.0
15000041  0.0
15000043  0.0
15000050  0.0
15000051  0.0
15000052  0.0
15000055  0.0
15100029  0.0
15100030  0.0
15100031  0.0
15100034  0.0
15100035  0.0
15100036  0.0
15100039  0.0
15100041  0.0
15100042  0.0
15100043  0.0
15100046  0.0
15200053  0.0
15200054  0.0
15200062  0.0
15200063  0.0
15200064  0.0
15200067  0.0
15300050  0.0
15300051  0.0
15300052  0.0
15300053  0.0
15300054  0.0
15300060  0.0
15300061  0.0
15300062  0.0
15300063  0.0
15300064  0.0
15300068  0.0
15300076  0.0
15300077  0.0
15300080  0.0
15400050  0.0
15400072  0.0
15400073  0.0
15400083  0.0
15500056  0.0
15500067  0.0
15500068  0.0
15500069  0.0
15500078  0.0
15500079  0.0
15500081  0.0
15500082  0.0
15500083  0.0
15500084  0.0
15500086  0.0
15500087  0.0
15500090  0.0
15500092  0.0
15500108  0.0
15500117  0.0
15500129  0.0
15500153  0.0
15500154  0.0
15500155  0.0
15500157  0.0
15500161  0.0
15500168  0.0
15500170  0.0
15500171  0.0
15500172  0.0
15500174  0.0
15600041  0.0
15600042  0.0
15600044  0.0
15600046  0.0
15600059  0.0
15600060  0.0
15600066  0.0
15700055  0.0
15700059  0.0
15700063  0.0
15700071  0.0
15700075  0.0
15700076  0.0
15700079  0.0
15700083  0.0
15700084  0.0
15700086  0.0
15700087  0.0
15700091  0.0
15700095  0.0
15700099  0.0
15700100  0.0
15700101  0.0
15700102  0.0
15700105  0.0
15700110  0.0
15700112  0.0
15700116  0.0
15700120  0.0
15700128  0.0
15700142  0.0
15700153  0.0
15700154  0.0
15800037  0.0
15800038  0.0
15800040  0.0
15900035  0.0
16000043  0.0
16000044  0.0
16000045  0.0
16000047  0.0
16000048  0.0
16000049  0.0
16000050  0.0
16000052  0.0
16100036  0.0
16100037  0.0
16100038  0.0
16100041  0.0
16100042  0.0
16100047  0.0
16100053  0.0
16100057  0.0
16100061  0.0
16100065  0.0
16100066  0.0
16100068  0.0
16100072  0.0
16100076  0.0
16100077  0.0
16100081  0.0
16100084  0.0
16100085  0.0
16100086  0.0
16100088  0.0
16100089  0.0
16100092  0.0
16100096  0.0
16100098  0.0
16100099  0.0
16100102  0.0
16100103  0.0
16100105  0.0
16100106  0.0
16100108  0.0
16200049  0.0
16200050  0.0
16300076  0.0
16300077  0.0
16300081  0.0
16300095  0.0
16300115  0.0
16300120  0.0
16300121  0.0
16300124  0.0
16300129  0.0
16400043  0.0
16400051  0.0
16400052  0.0
16400055  0.0
16400056  0.0
16400057  0.0
16400060  0.0
16400061  0.0
16400062  0.0
16400067  0.0
16400069  0.0
16400070  0.0
16400071  0.0
16400077  0.0
16400078  0.0
16400079  0.0
16400081  0.0
16400085  0.0
16400088  0.0
16400089  0.0
16400090  0.0
16400092  0.0
16400093  0.0
16400094  0.0
16400095  0.0
16400096  0.0
16400100  0.0
16400107  0.0
16400108  0.0
16400109  0.0
16400110  0.0
16400112  0.0
16400113  0.0
16400114  0.0
16400117  0.0
16400123  0.0
16400124  0.0
16400125  0.0
16400128  0.0
16500048  0.0
16500053  0.0
16500067  0.0
16500068  0.0
16500085  0.0
16500087  0.0
16500094  0.0
16500095  0.0
16500096  0.0
16500098  0.0
16500099  0.0
16500101  0.0
16500104  0.0
16500105  0.0
16500106  0.0
16500108  0.0
16500109  0.0
16500111  0.0
16500112  0.0
16500113  0.0
16500114  0.0
16500115  0.0
16500116  0.0
16500118  0.0
16500121  0.0
16500122  0.0
16500123  0.0
16500124  0.0
16500125  0.0
16500128  0.0
16500129  0.0
16500131  0.0
16500135  0.0
16500139  0.0
16500141  0.0
16500148  0.0
16500149  0.0
16500150  0.0
16500174  0.0
16500175  0.0
16500176  0.0
16500177  0.0
16500178  0.0
16500179  0.0
16500181  0.0
16500183  0.0
16500187  0.0
16600041  0.0
16600043  0.0
16700045  0.0
16700046  0.0
16700047  0.0
16700051  0.0
16700052  0.0
16700054  0.0
16700055  0.0
16700056  0.0
16700057  0.0
16700058  0.0
16700061  0.0
16800054  0.0
16800058  0.0
16800066  0.0
16800070  0.0
16800074  0.0
16800078  0.0
16800079  0.0
16800082  0.0
16800084  0.0
16800088  0.0
16800093  0.0
16800097  0.0
16800101  0.0
16800105  0.0
16800109  0.0
16800113  0.0
16800114  0.0
16800116  0.0
16800120  0.0
16800121  0.0
16800124  0.0
16800128  0.0
16800129  0.0
16800132  0.0
16800136  0.0
16800137  0.0
16900048  0.0
16900051  0.0
16900052  0.0
16900053  0.0
16900056  0.0
16900060  0.0
16900061  0.0
16900064  0.0
16900065  0.0
16900066  0.0
16900068  0.0
16900071  0.0
16900089  0.0
16900090  0.0
16900097  0.0
16900101  0.0
16900106  0.0
16900110  0.0
16900114  0.0
16900115  0.0
16900119  0.0
16900120  0.0
16900156  0.0
16900160  0.0
17000046  0.0
17000047  0.0
17000086  0.0
17000087  0.0
17000088  0.0
17000096  0.0
17000102  0.0
17000108  0.0
17000114  0.0
17000119  0.0
17000120  0.0
17000121  0.0
17000124  0.0
17100057  0.0
17100058  0.0
17100059  0.0
17100062  0.0
17100063  0.0
17100067  0.0
17100068  0.0
17100069  0.0
17100070  0.0
17100071  0.0
17100073  0.0
17200052  0.0
17300064  0.0
17300065  0.0
17300066  0.0
17300067  0.0
17300069  0.0
17300075  0.0
17300088  0.0
17300090  0.0
17300092  0.0
17300094  0.0
17300096  0.0
17300098  0.0
17300100  0.0
17300102  0.0
17300104  0.0
17300106  0.0
17300108  0.0
17300110  0.0
17300112  0.0
17300114  0.0
17300116  0.0
17500057  0.0
17500064  0.0
17500071  0.0
17500089  0.0
17500102  0.0
17500117  0.0
17500130  0.0
17500134  0.0
17500145  0.0
17500157  0.0
17500165  0.0
17500174  0.0
17500184  0.0
17500194  0.0
17500203  0.0
17500212  0.0
17500221  0.0
17500230  0.0
17500239  0.0
17500258  0.0
17500279  0.0
17500286  0.0
17500295  0.0
17500296  0.0
17500297  0.0
17500298  0.0
17500302  0.0
17500311  0.0
17500315  0.0
17500320  0.0
17500321  0.0
17500323  0.0
17500324  0.0
17500325  0.0
17500329  0.0
17500330  0.0
17500333  0.0
17500334  0.0
17500338  0.0
17500347  0.0
17500360  0.0
17500361  0.0
17500366  0.0
17500377  0.0
17500388  0.0
17500389  0.0
17500396  0.0
17500399  0.0
17500406  0.0
17500410  0.0
17500412  0.0
17500416  0.0
17500418  0.0
17500424  0.0
17500425  0.0
17500427  0.0
17500437  0.0
17500446  0.0
17500456  0.0
17500473  0.0
17500485  0.0
17500500  0.0
17500512  0.0
17500516  0.0
17500534  0.0
17500545  0.0
17500560  0.0
17500566  0.0
17500573  0.0
17500581  0.0
17500587  0.0
17500598  0.0
17500607  0.0
17500617  0.0
17500623  0.0
17500628  0.0
17500639  0.0
17500651  0.0
17500662  0.0
17500671  0.0
17500675  0.0
17500679  0.0
17500685  0.0
17500695  0.0
17500696  0.0
17500698  0.0
17500702  0.0
17500713  0.0
17500719  0.0
17500726  0.0
17500739  0.0
17500740  0.0
17500741  0.0
17500744  0.0
17500745  0.0
17500746  0.0
17500748  0.0
17500749  0.0
17500751  0.0
17500754  0.0
17500758  0.0
17500780  0.0
17500784  0.0
17500796  0.0
17500806  0.0
17500816  0.0
17500820  0.0
17500829  0.0
17600062  0.0
17600063  0.0
17600092  0.0
17600093  0.0
17600094  0.0
17800069  0.0
17800071  0.0
17800076  0.0
17800077  0.0
17800078  0.0
17800079  0.0
17900059  0.0
17900060  0.0
17900061  0.0
17900062  0.0
17900065  0.0
17900066  0.0
17900070  0.0
17900071  0.0
18000073  0.0
18000076  0.0
18000077  0.0
18000078  0.0
18000079  0.0
18000080  0.0
18000081  0.0
18000083  0.0
18000087  0.0
18000089  0.0
18000090  0.0
18000091  0.0
18000092  0.0
18000093  0.0
18000095  0.0
18000096  0.0
18000097  0.0
18000102  0.0
18000103  0.0
18000105  0.0
18000107  0.0
18000108  0.0
18000112  0.0
18000113  0.0
18000114  0.0
18000115  0.0
18000116  0.0
18000117  0.0
18000118  0.0
18000120  0.0
18000121  0.0
18000125  0.0
18000126  0.0
18000128  0.0
18100089  0.0
18100090  0.0
18100091  0.0
18200064  0.0
18200078  0.0
18200091  0.0
18200129  0.0
18200130  0.0
18200139  0.0
18300066  0.0
18400066  0.0
18400067  0.0
18500067  0.0
18500209  0.0
18500310  0.0
18500374  0.0
18500382  0.0
18500390  0.0
18500398  0.0
18500406  0.0
18500414  0.0
18600072  0.0
18600073  0.0
18600074  0.0
18600077  0.0
18600078  0.0
18600079  0.0
18600081  0.0
18600085  0.0
18600086  0.0
18600087  0.0
18600088  0.0
18700098  0.0
18700110  0.0
18700121  0.0
18700132  0.0
18700143  0.0
18700154  0.0
18700165  0.0
18700176  0.0
18700187  0.0
18700259  0.0
18700281  0.0
18700300  0.0
18700311  0.0
18700330  0.0
18700341  0.0
18700361  0.0
18700372  0.0
18700391  0.0
18700419  0.0
18700432  0.0
18700445  0.0
18700458  0.0
18700471  0.0
18700484  0.0
18700497  0.0
18700510  0.0
18700547  0.0
18700562  0.0
18700573  0.0
18700586  0.0
18700599  0.0
18700614  0.0
18700627  0.0
18700642  0.0
18700655  0.0
18700668  0.0
18700681  0.0
18700694  0.0
18700709  0.0
18700721  0.0
18700733  0.0
18700745  0.0
18700757  0.0
18700769  0.0
18700781  0.0
18700793  0.0
18700805  0.0
18800128  0.0
18800129  0.0
18800130  0.0
18800134  0.0
18800137  0.0
18900140  0.0
18900147  0.0
18900161  0.0
18900168  0.0
18900174  0.0
18900178  0.0
19100146  0.0
19100147  0.0
19100148  0.0
19100150  0.0
19200152  0.0
19200153  0.0
19200154  0.0
19200157  0.0
19300164  0.0
19300165  0.0
19400169  0.0
19400170  0.0
19400171  0.0
19400172  0.0
19400175  0.0
19400176  0.0
19400178  0.0
19400179  0.0
19400181  0.0
19400182  0.0
19400183  0.0
19400185  0.0
19400186  0.0
19400187  0.0
19400188  0.0
19400189  0.0
19400190  0.0
19400191  0.0
19400192  0.0
19400193  0.0
19400195  0.0
19400196  0.0
19500256  0.0
19500257  0.0
19500258  0.0
19500260  0.0
19500261  0.0
19500262  0.0
19500263  0.0
19500264  0.0
19500265  0.0
19500266  0.0
19500267  0.0
19500268  0.0
19500278  0.0
19600221  0.0
19600222  0.0
19600223  0.0
19600229  0.0
19600230  0.0
19600231  0.0
19600232  0.0
19600235  0.0
19700238  0.0
19700239  0.0
19700240  0.0
19700247  0.0
19700255  0.0
19800315  0.0
19800316  0.0
19800317  0.0
19800323  0.0
19800330  0.0
19800337  0.0
19800344  0.0
19800351  0.0
19800358  0.0
19800365  0.0
19901067  0.0
19901275  0.0
19901293  0.0
19901328  0.0
19901351  0.0
19901461  0.0
19901495  0.0
19901704  0.0
19901705  0.0
19901749  0.0
19901750  0.0
19901768  0.0
19901769  0.0
19901822  0.0
19901843  0.0
19901879  0.0
19901905  0.0
19901947  0.0
19901997  0.0
19902095  0.0
19902132  0.0
19902147  0.0
19902163  0.0
19902179  0.0
19902196  0.0
19902216  0.0
19902257  0.0
19902297  0.0
19902388  0.0
