16100038  0.3202976584434509
14900030  0.3199708163738251
5300089  0.3196812868118286
13200065  0.3195226490497589
10400035  0.3194270133972168
16100065  0.3193836212158203
8100020  0.3189208507537842
18000089  0.31885960698127747
14000104  0.31884902715682983
19901328  0.31873899698257446
5100025  0.31873568892478943
13200110  0.3187063932418823
14400030  0.31864845752716064
4000014  0.31860893964767456
14800128  0.31848740577697754
9200017  0.3184244632720947
18700547  0.31842198967933655
8700022  0.31841546297073364
17300106  0.3183584213256836
14000083  0.3183194100856781
16100085  0.3182879090309143
15000041  0.31825199723243713
12400037  0.31816285848617554
16800101  0.3181595206260681
10500030  0.31815579533576965
17300114  0.3180050551891327
17500719  0.31795787811279297
7000015  0.31795454025268555
9300059  0.31793656945228577
8600019  0.3178960978984833
12000062  0.3178788721561432
7600021  0.31779295206069946
17500806  0.3177740275859833
13300047  0.31772226095199585
12900055  0.31766435503959656
18900147  0.31765905022621155
10000053  0.317644864320755
16500124  0.31762200593948364
13900065  0.3175726532936096
12900095  0.31756627559661865
16200049  0.3175629675388336
17600092  0.3175467252731323
14400028  0.3175366520881653
3000080  0.3175310492515564
16700055  0.31752437353134155
19500280  0.3174581527709961
15400072  0.3174426257610321
9300183  0.31743869185447693
6200015  0.3174254894256592
7600032  0.317411333322525
17300066  0.31740227341651917
17500389  0.31734025478363037
9300099  0.31733953952789307
19902095  0.3173221945762634
17500685  0.3173186182975769
14000107  0.3173094689846039
18700458  0.31730204820632935
15500092  0.3172673285007477
14800038  0.3172539174556732
14800131  0.3172425925731659
5300068  0.3172014355659485
14800055  0.31719890236854553
18000125  0.3171767294406891
4100023  0.3171590268611908
12400022  0.3171393871307373
1600007  0.3171328008174896
15300050  0.3171224594116211
16900071  0.3171151280403137
9400027  0.31710541248321533
17500399  0.3170931041240692
15700116  0.31708991527557373
10300067  0.31702715158462524
4200027  0.3170155882835388
14700038  0.3169820308685303
12900064  0.316976398229599
16400088  0.3169688284397125
17500298  0.31696847081184387
9300126  0.31695446372032166
16800082  0.3169492483139038
17100067  0.31694352626800537
3000022  0.3169431686401367
9900020  0.31694093346595764
9300133  0.31693196296691895
17500302  0.3168925940990448
17700062  0.3168911337852478
3600019  0.3168776035308838
14600028  0.316871702671051
10300026  0.31685566902160645
12900075  0.316850483417511
8200024  0.3168494999408722
6200019  0.31682848930358887
10900020  0.3168071508407593
15000035  0.3167833089828491
14800044  0.3167683780193329
18100091  0.3167582154273987
4700016  0.3167465627193451
16400125  0.3167230188846588
14000049  0.31672170758247375
18600087  0.31671473383903503
3600032  0.3167143762111664
17500512  0.31665700674057007
13200109  0.3166523277759552
19400190  0.31664928793907166
15300053  0.31662267446517944
15300061  0.31661391258239746
11900031  0.3166113793849945
5100038  0.31660833954811096
7800060  0.3165997862815857
14700062  0.3165966868400574
15200067  0.3165890574455261
12300049  0.31657037138938904
10300041  0.31656572222709656
17500566  0.3165445625782013
8600018  0.3165408670902252
8600030  0.31654059886932373
12500073  0.31653961539268494
12000066  0.31652212142944336
16300121  0.31652191281318665
9300102  0.3165191411972046
16400061  0.31651416420936584
14800083  0.31650665402412415
18700586  0.3165060877799988
10200034  0.3164914846420288
14600027  0.31647181510925293
3900023  0.3164694905281067
16300077  0.3164641261100769
18700757  0.3164622485637665
9300179  0.3164559602737427
14000045  0.316446453332901
15700087  0.31644207239151
16500085  0.31643638014793396
15300058  0.31642237305641174
12300053  0.3163966238498688
11300074  0.3163435161113739
19902346  0.3163272738456726
13400034  0.3163208067417145
13900053  0.316308856010437
18400066  0.3163050711154938
19901905  0.3162975609302521
12000038  0.31628087162971497
5100041  0.3162620961666107
19100148  0.31625840067863464
16300058  0.3162568509578705
2900041  0.3162504732608795
11800025  0.3162347376346588
16400051  0.3162340521812439
18000116  0.31622177362442017
19500267  0.3162217438220978
11200020  0.31620338559150696
12900086  0.31618866324424744
9400026  0.31618377566337585
13000042  0.31616947054862976
12400069  0.31616613268852234
3900029  0.3161158263683319
11500038  0.31611549854278564
8600033  0.31610578298568726
14800050  0.3160955011844635
13400026  0.3160940706729889
3500021  0.3160729706287384
6300016  0.3160729706287384
18500209  0.31607264280319214
16400094  0.3160625100135803
13200079  0.31604117155075073
9500019  0.3160255551338196
17500057  0.31602030992507935
3000026  0.31600508093833923
16500068  0.3159678280353546
14800153  0.31596487760543823
18900134  0.3159632384777069
12900081  0.31594300270080566
19500256  0.315929651260376
7300015  0.3159202039241791
10300071  0.3159199357032776
3300064  0.31590405106544495
17500338  0.3159020245075226
17500071  0.3158988356590271
15700120  0.315897673368454
17500194  0.3158933222293854
16900114  0.31588345766067505
13100038  0.31587842106819153
1300011  0.3158719539642334
10700030  0.3158678412437439
16700046  0.31586477160453796
16400056  0.3158613443374634
14800051  0.3158494234085083
3400013  0.31584328413009644
1300007  0.3158334195613861
15500101  0.31582996249198914
14000101  0.31582531332969666
15500129  0.31582412123680115
16500095  0.31581658124923706
16500129  0.3158136308193207
12100036  0.31581011414527893
10500034  0.31580275297164917
11500037  0.3157983422279358
19901822  0.3157922327518463
15300042  0.31578728556632996
6200016  0.31577154994010925
10500018  0.3157712519168854
12400025  0.31576982140541077
5500024  0.3157595694065094
19901550  0.3157549798488617
19800351  0.3157537579536438
9100017  0.31574952602386475
18700132  0.31574660539627075
17500746  0.3157404661178589
13900049  0.315738320350647
10300035  0.31573641300201416
18200129  0.3157304525375366
12400062  0.31571683287620544
15500168  0.31571438908576965
3500029  0.315701425075531
15500068  0.31569820642471313
16400096  0.3156977891921997
16100086  0.3156963288784027
17300075  0.31569015979766846
14800089  0.3156844973564148
12400032  0.31567883491516113
13100026  0.31567785143852234
12900080  0.31567510962486267
3300032  0.3156580924987793
4900031  0.315655380487442
12400049  0.31565529108047485
11800023  0.3156551718711853
5600024  0.31565460562705994
11300093  0.31564638018608093
15000051  0.31564298272132874
5700023  0.3156372010707855
13600051  0.3156280517578125
6200020  0.3156232535839081
10800050  0.3156227171421051
16500187  0.31560057401657104
5700024  0.3155958950519562
17500102  0.31558847427368164
18000108  0.31558769941329956
16100047  0.31558576226234436
15500155  0.31558287143707275
11500046  0.31558024883270264
19902216  0.31557485461235046
18700809  0.31556907296180725
19902388  0.3155626654624939
6500044  0.31555551290512085
9000034  0.31554731726646423
10300039  0.31554681062698364
12600022  0.3155413568019867
18600086  0.31553980708122253
14400031  0.3155364692211151
8200023  0.31553229689598083
5500020  0.3155153691768646
14800049  0.3155144155025482
16400062  0.3155088424682617
16300054  0.3155072331428528
16500183  0.3155052959918976
15200064  0.3155045211315155
16500154  0.3154850900173187
6600036  0.31548506021499634
19901067  0.3154826760292053
3200011  0.3154667019844055
16100088  0.3154657483100891
14700058  0.3154650628566742
17700072  0.3154650330543518
3600043  0.3154558539390564
8500019  0.31545373797416687
14300034  0.3154480755329132
17300116  0.3154454231262207
12700023  0.31544527411460876
13200107  0.31543734669685364
19500253  0.3154219388961792
13300035  0.31540676951408386
15500078  0.3153998553752899
9000036  0.31539931893348694
18500382  0.3153959810733795
14800123  0.3153931796550751
13100030  0.31539255380630493
11300057  0.31538715958595276
12800025  0.3153758943080902
13100041  0.3153693377971649
8800047  0.31536388397216797
18700121  0.31536149978637695
10800040  0.3153475522994995
16800137  0.31534308195114136
14900040  0.31534290313720703
17500758  0.3153347074985504
7700022  0.3153318166732788
9300093  0.3153296709060669
18700709  0.3153197467327118
3600039  0.3153162896633148
16900061  0.31531330943107605
11400028  0.3153051733970642
6600045  0.31530261039733887
17300112  0.31529712677001953
11900023  0.31529417634010315
4500044  0.31529101729393005
16500114  0.31528234481811523
13600054  0.31527796387672424
11400024  0.31527575850486755
4700020  0.3152751922607422
17900070  0.31527507305145264
14800093  0.3152708113193512
17500560  0.315266877412796
17800079  0.31526660919189453
4100024  0.31526240706443787
3600042  0.31525900959968567
18000126  0.31525057554244995
19200152  0.31524986028671265
17500425  0.31524857878685
4500028  0.3152467608451843
10200037  0.3152461051940918
16900110  0.3152354657649994
2900037  0.3152347505092621
16500098  0.31523144245147705
16400052  0.3152177631855011
4200019  0.31521156430244446
10000034  0.31520870327949524
10300038  0.3152076005935669
11800020  0.3152066469192505
3000101  0.315203994512558
14900043  0.31519633531570435
16100076  0.31519076228141785
12900076  0.3151896893978119
7100048  0.31518957018852234
17500330  0.3151850998401642
3000018  0.3151777982711792
17800076  0.3151750862598419
9400022  0.31517085433006287
10000044  0.3151668608188629
15600036  0.31516560912132263
13400028  0.31516289710998535
9300127  0.3151613175868988
16300111  0.3151606023311615
7700018  0.31515809893608093
14100086  0.3151572048664093
17500726  0.3151427209377289
16100089  0.31514182686805725
8100025  0.3151400089263916
19500278  0.31513598561286926
18800129  0.31513512134552
6500035  0.3151293992996216
18600074  0.31511861085891724
12400036  0.3151153326034546
6500054  0.3151130676269531
6400015  0.3151114881038666
19901495  0.31510740518569946
3900016  0.3151061236858368
17300100  0.31510207056999207
10800035  0.31509897112846375
14300051  0.3150971233844757
11500055  0.31509414315223694
17900065  0.31508931517601013
14000097  0.3150845766067505
12400023  0.3150809705257416
15700091  0.31507912278175354
17500473  0.315077543258667
8200025  0.31507718563079834
4900034  0.31507277488708496
19500245  0.3150627017021179
9000033  0.3150614798069
10200032  0.31506121158599854
9100026  0.31505367159843445
3300030  0.31505170464515686
18700471  0.3150487542152405
2600017  0.3150486648082733
16800128  0.3150475323200226
16300129  0.31504228711128235
13100029  0.3150411546230316
18700781  0.31503596901893616
5000025  0.3150312006473541
8400028  0.31503111124038696
7600051  0.3150281310081482
14800103  0.3150234520435333
19500261  0.3150205910205841
9500026  0.3150158226490021
12400050  0.3150119483470917
17500713  0.31500813364982605
9300020  0.3150057792663574
3600034  0.31499776244163513
14800116  0.31498831510543823
12300084  0.31498706340789795
13100039  0.31498661637306213
19500284  0.3149603307247162
19300165  0.3149597942829132
17900066  0.3149569630622864
18700419  0.3149566650390625
7600064  0.3149566352367401
14800054  0.31495651602745056
16500101  0.3149554431438446
2700029  0.3149549961090088
19400191  0.31495165824890137
10900028  0.31494879722595215
16900156  0.3149482309818268
16100103  0.3149472773075104
3700046  0.31494614481925964
7600070  0.31494271755218506
15500123  0.3149402141571045
12100022  0.31493768095970154
14000041  0.31493258476257324
9300071  0.3149314522743225
18400067  0.3149302899837494
6500037  0.31492772698402405
18200091  0.3149256110191345
9100028  0.3149165213108063
12900102  0.3149149417877197
17900060  0.3149069845676422
13200133  0.31490668654441833
3600035  0.31489822268486023
19700255  0.31489700078964233
13900025  0.3148910403251648
3000068  0.3148897588253021
6500057  0.31488174200057983
2900034  0.314879447221756
16500160  0.3148782253265381
11400033  0.3148723542690277
16500090  0.31486979126930237
16700045  0.3148631453514099
18000112  0.31486135721206665
18900178  0.31485170125961304
9300089  0.31485047936439514
17500323  0.3148460388183594
10300063  0.3148449659347534
2500020  0.3148406445980072
12100039  0.3148389458656311
5100049  0.3148362934589386
13400036  0.31483176350593567
17800071  0.31482717394828796
16800078  0.31482699513435364
16300081  0.3148256540298462
3400011  0.3148247003555298
11500054  0.31482377648353577
5500023  0.31481072306632996
10300031  0.3148072063922882
17500639  0.31480610370635986
16800074  0.3148020803928375
15000050  0.3148007392883301
5300071  0.31479164958000183
13200051  0.31479135155677795
8800040  0.31479114294052124
17500279  0.3147827386856079
3000073  0.3147801458835602
18700681  0.3147777318954468
15500171  0.31477659940719604
13200129  0.3147752583026886
10800049  0.3147725462913513
16100108  0.3147716820240021
16400043  0.3147716224193573
9300110  0.31476739048957825
16000044  0.314767062664032
6900030  0.314766526222229
16700054  0.3147607147693634
14800048  0.31476062536239624
16500175  0.3147605359554291
10200026  0.31475651264190674
15700101  0.31475621461868286
11500019  0.3147534132003784
2900017  0.3147507905960083
15700084  0.31474781036376953
18000077  0.31474700570106506
2100008  0.3147434890270233
13400040  0.31474193930625916
11200071  0.31474143266677856
17500418  0.31474044919013977
17000088  0.3147403299808502
14000105  0.31473952531814575
13800054  0.31472280621528625
17500534  0.31472206115722656
18300066  0.31472012400627136
9700020  0.3147193193435669
19500246  0.3147192597389221
18100090  0.31471914052963257
16800114  0.3147173523902893
15700079  0.31471186876296997
7100027  0.31471097469329834
3000065  0.3147088587284088
11400038  0.3147056996822357
17500628  0.31470268964767456
15500090  0.314700186252594
17500320  0.3146999776363373
17800077  0.31469812989234924
19400189  0.3146958649158478
18700330  0.31468886137008667
16500170  0.3146866261959076
17500334  0.3146829307079315
16500109  0.3146735727787018
3000069  0.31467026472091675
19600222  0.3146694004535675
7800026  0.3146655559539795
15300064  0.3146609663963318
15200053  0.3146573305130005
17700067  0.3146536350250244
3000084  0.31465351581573486
6000016  0.3146530091762543
16500118  0.3146507740020752
14400026  0.31464290618896484
7600042  0.3146387040615082
10800036  0.3146342933177948
16500179  0.31463342905044556
14000090  0.3146322965621948
16500131  0.3146292269229889
9900027  0.3146108090877533
17800069  0.3146040737628937
9300119  0.3146027624607086
16400123  0.31459948420524597
3000088  0.3145979344844818
4500038  0.31459683179855347
8100033  0.31459617614746094
15300062  0.31459563970565796
19400187  0.314590185880661
14200110  0.31458914279937744
14800059  0.31458771228790283
13400027  0.31458333134651184
16800062  0.3145808279514313
3600012  0.3145739734172821
9700028  0.3145735263824463
15500084  0.31457042694091797
16800047  0.31456929445266724
14000063  0.3145676851272583
19800358  0.3145633637905121
5100028  0.31456124782562256
16500149  0.31456103920936584
15700063  0.31455662846565247
14400038  0.3145562410354614
2700033  0.3145555257797241
10000058  0.31455090641975403
18000105  0.31454941630363464
18700484  0.3145492970943451
6500069  0.3145442306995392
12000027  0.3145322799682617
11400047  0.31453171372413635
18700627  0.31452980637550354
19800344  0.31452980637550354
5600036  0.31452807784080505
5600033  0.3145201504230499
5700026  0.3145139217376709
5400018  0.3145137131214142
10800032  0.3145131766796112
15700154  0.31451085209846497
17500184  0.31451019644737244
19500270  0.31450334191322327
16500104  0.3144982159137726
7600027  0.31449687480926514
10200030  0.31449487805366516
12500074  0.3144947290420532
10900024  0.31449395418167114
9600021  0.3144910931587219
12900046  0.3144892752170563
5500027  0.31448739767074585
18700614  0.31448739767074585
17500239  0.31447818875312805
16500174  0.31447717547416687
19901804  0.3144732415676117
8800036  0.3144717514514923
5200016  0.31446373462677
10400032  0.31446194648742676
13200061  0.314458429813385
19100147  0.3144523501396179
2600020  0.31445103883743286
9300084  0.3144490420818329
16700047  0.31444793939590454
5100062  0.31444278359413147
9300085  0.31443968415260315
19800337  0.3144381642341614
11500051  0.31443408131599426
9800033  0.31443125009536743
17100068  0.314424991607666
2600024  0.31442371010780334
18000087  0.31442180275917053
3700026  0.3144136965274811
11300084  0.31441277265548706
11600032  0.31441110372543335
18000121  0.3144100606441498
6500042  0.3144080638885498
19100146  0.314395934343338
12900106  0.3143954575061798
16100096  0.31439268589019775
17300104  0.3143905997276306
5100027  0.31438878178596497
18700187  0.3143848478794098
17500360  0.31438443064689636
3700022  0.3143840730190277
17000102  0.314383327960968
16100053  0.3143787086009979
14900029  0.31437817215919495
14700030  0.3143765926361084
18000102  0.31437405943870544
15300076  0.31437334418296814
13000051  0.31436482071876526
17300099  0.314364492893219
19600219  0.31436222791671753
12900113  0.3143603205680847
16500141  0.31435972452163696
14000037  0.31435877084732056
17400055  0.3143574595451355
11600031  0.3143554627895355
7900021  0.3143543303012848
8600022  0.31435278058052063
15700095  0.3143501281738281
13200069  0.31434959173202515
18700341  0.31434696912765503
16900089  0.3143428862094879
10300022  0.31434205174446106
12300045  0.31433939933776855
15500060  0.31433752179145813
16800079  0.3143354654312134
11800026  0.3143281638622284
19901256  0.31432220339775085
12300060  0.3143199384212494
4700033  0.3143191933631897
9200020  0.3143159747123718
14800034  0.31431320309638977
12400063  0.3143116235733032
2800010  0.3143013119697571
10000026  0.3143010437488556
14800071  0.31429457664489746
19901293  0.31429344415664673
5100080  0.3142929971218109
12900087  0.31429243087768555
16000052  0.31429120898246765
13900056  0.3142906427383423
13900040  0.31428804993629456
17300079  0.31428611278533936
11600039  0.3142841160297394
19902163  0.3142840266227722
16900052  0.3142837584018707
16000048  0.3142782747745514
11800039  0.3142766058444977
18600088  0.3142753541469574
19500266  0.31427428126335144
15300041  0.3142739236354828
13200077  0.31426841020584106
10300037  0.31426501274108887
17500117  0.3142603933811188
7700023  0.3142593204975128
6400016  0.3142569959163666
17700063  0.3142542839050293
17500573  0.3142522871494293
13100048  0.31425076723098755
14900028  0.3142489194869995
13900063  0.3142443299293518
7900016  0.31423988938331604
9300082  0.3142388164997101
11900035  0.31423869729042053
9300060  0.3142380714416504
2700037  0.31423577666282654
13200117  0.3142333924770355
19901351  0.31422489881515503
5100057  0.3142201006412506
12900104  0.3142158091068268
17500361  0.31421369314193726
17500702  0.314212828874588
17500607  0.31420421600341797
17300096  0.3142033517360687
3700059  0.3142017424106598
18600072  0.3141980767250061
14000093  0.3141978681087494
18700361  0.31419724225997925
11900027  0.31419119238853455
11200021  0.3141896426677704
15500056  0.31418946385383606
17500406  0.3141891360282898
19700247  0.3141869604587555
14700036  0.31418389081954956
13400037  0.31418338418006897
16500121  0.3141818642616272
9000022  0.3141806721687317
17500174  0.3141804039478302
19600217  0.3141787052154541
17500089  0.31417587399482727
9300184  0.3141739070415497
14000092  0.3141724169254303
17500321  0.31417039036750793
16500053  0.3141697645187378
18700281  0.3141634464263916
9000035  0.31416332721710205
17500739  0.31414148211479187
16400100  0.31414127349853516
17500296  0.3141324520111084
19600231  0.31412473320961
8800039  0.31411978602409363
17500587  0.3141151964664459
3200023  0.31411486864089966
17500695  0.31411242485046387
14400051  0.3141111433506012
19901704  0.3141089379787445
18000117  0.31410565972328186
8200027  0.31409740447998047
14400048  0.31409576535224915
18700510  0.3140943646430969
5400019  0.31409043073654175
9000041  0.3140891492366791
3000055  0.31408461928367615
13900057  0.31408125162124634
4200025  0.3140762150287628
6000015  0.3140738308429718
3500027  0.3140714466571808
17500134  0.314067542552948
14800144  0.31406283378601074
4900022  0.3140622079372406
16800084  0.3140547275543213
17500416  0.31405216455459595
12300070  0.3140483796596527
17300069  0.31404760479927063
3300011  0.3140408992767334
12100028  0.31403812766075134
2700021  0.31403788924217224
14500027  0.31403547525405884
12900065  0.31403324007987976
15600060  0.31403160095214844
1400016  0.3140239715576172
19500288  0.3140224814414978
17000114  0.31401970982551575
14400035  0.3140179216861725
3500023  0.3140128254890442
6700015  0.3140101432800293
18700694  0.31400635838508606
17500744  0.31400570273399353
11300097  0.31400343775749207
9600019  0.31400179862976074
9000021  0.3139991760253906
11500036  0.3139986991882324
9700033  0.31399813294410706
9600026  0.3139905035495758
14000028  0.3139897286891937
14800120  0.31398946046829224
4400013  0.31398144364356995
14300046  0.3139752745628357
7300016  0.31397342681884766
3000061  0.3139726519584656
16400079  0.31397250294685364
9300072  0.31397125124931335
3700030  0.3139682114124298
11300085  0.3139660954475403
16100098  0.3139638602733612
13100028  0.31396248936653137
16900064  0.31396016478538513
7800054  0.3139600157737732
3100015  0.3139455318450928
9300058  0.31394529342651367
11900028  0.31394335627555847
14400027  0.3139429986476898
15300060  0.313942551612854
15500079  0.31393757462501526
17900061  0.3139375150203705
18000114  0.3139338195323944
16300120  0.3139316439628601
7400015  0.31392112374305725
17300115  0.3139195442199707
13300039  0.31391942501068115
17700056  0.3139190375804901
8800049  0.3139176070690155
3300071  0.31391265988349915
17600093  0.3139107823371887
17300067  0.3139079511165619
15500161  0.3138987123966217
6600077  0.31389838457107544
15500069  0.313896507024765
18700244  0.31389427185058594
11300035  0.3138931691646576
8900020  0.31388381123542786
14700050  0.3138834834098816
18900182  0.31388330459594727
18900168  0.3138808012008667
9300045  0.31387859582901
18000091  0.3138771653175354
7700027  0.31387242674827576
7700032  0.31386798620224
7600044  0.3138667643070221
14000034  0.3138658106327057
15300080  0.31386375427246094
16100099  0.31386300921440125
15300052  0.3138622045516968
14800132  0.31386154890060425
16000050  0.313859760761261
16800049  0.31385764479637146
13200125  0.3138565421104431
19500216  0.3138497769832611
16400093  0.31384599208831787
14800043  0.3138452470302582
18200078  0.31384503841400146
13900030  0.31384462118148804
3500022  0.3138441741466522
5100042  0.3138408064842224
5500031  0.31383997201919556
18600079  0.3138376474380493
11800024  0.31383273005485535
17500366  0.31383028626441956
17500671  0.3138183653354645
17500347  0.31381428241729736
13200081  0.31381070613861084
11500064  0.313803106546402
12700030  0.3138017952442169
17500829  0.3137977719306946
14700054  0.31379714608192444
3000030  0.3137969672679901
8100028  0.31379562616348267
11600026  0.3137955367565155
12900096  0.31379497051239014
14000096  0.3137841522693634
13700024  0.3137775957584381
12900053  0.3137759864330292
19902297  0.3137759566307068
14800099  0.31377455592155457
11500041  0.3137708604335785
12100021  0.3137699365615845
7400016  0.3137681186199188
3100023  0.3137592375278473
11300086  0.313755065202713
16400055  0.3137541115283966
16900119  0.31375399231910706
7800035  0.31374746561050415
9200021  0.313738614320755
3000021  0.3137381970882416
10100034  0.31373754143714905
17100071  0.31373730301856995
2600025  0.3137352466583252
13100043  0.313729465007782
11700053  0.3137279450893402
18000120  0.31372472643852234
13200058  0.31371867656707764
5900016  0.3137168884277344
17300088  0.313705712556839
1300012  0.31370478868484497
17000062  0.3137032687664032
3000040  0.31370219588279724
14400040  0.31370070576667786
16500123  0.31370070576667786
14000099  0.313698410987854
8100027  0.31369417905807495
12500071  0.3136884570121765
4200029  0.3136877417564392
11200056  0.3136863708496094
12000070  0.31368011236190796
16800070  0.31367453932762146
5100058  0.3136736750602722
16400085  0.3136735260486603
19500277  0.3136671781539917
13100040  0.3136667311191559
13200082  0.3136661946773529
5000027  0.3136468529701233
12900103  0.3136466443538666
18800130  0.3136464059352875
18000081  0.31364452838897705
14800104  0.3136417269706726
7700017  0.31364160776138306
10000039  0.3136374056339264
1000007  0.3136363625526428
15300051  0.31363457441329956
16100057  0.3136345446109772
13400039  0.3136330842971802
12500061  0.3136327862739563
11300059  0.31362947821617126
17300063  0.313620924949646
9300098  0.3136191964149475
16900056  0.3136177957057953
16100077  0.313617080450058
10900019  0.31361663341522217
16400077  0.3136143386363983
2200008  0.313614159822464
4500037  0.3136095404624939
11000021  0.31360915303230286
16800043  0.3136090040206909
8400024  0.3136043846607208
16100106  0.3136015832424164
17500297  0.31359657645225525
18700300  0.31359654664993286
4200020  0.31359174847602844
8800052  0.3135913610458374
14300047  0.3135892152786255
14400054  0.3135886490345001
19600229  0.3135865032672882
19200154  0.31358572840690613
14000064  0.31358546018600464
12300044  0.3135826885700226
18500390  0.31358224153518677
17900059  0.3135816156864166
1300010  0.31357890367507935
16800048  0.3135770559310913
19901749  0.31357675790786743
18700259  0.3135755658149719
15500108  0.3135747015476227
16500105  0.3135715126991272
4900026  0.31356921792030334
16500161  0.31356674432754517
12000021  0.313564270734787
15000037  0.3135624825954437
9300048  0.31355875730514526
6500060  0.3135552704334259
9300116  0.3135545253753662
8600042  0.31355324387550354
14300031  0.31355178356170654
14000033  0.313551664352417
14800141  0.3135514557361603
12200046  0.31354478001594543
2900010  0.313541442155838
16800058  0.3135400414466858
14400045  0.31353798508644104
16900160  0.31353458762168884
16500096  0.313533216714859
18100089  0.31353235244750977
10300048  0.3135310411453247
11300036  0.3135293424129486
10100032  0.31352874636650085
10300058  0.3135260045528412
17300089  0.3135228157043457
10300074  0.3135215938091278
18700793  0.3135189414024353
15500041  0.31351199746131897
3500030  0.313510537147522
13300026  0.3135097026824951
15000055  0.31350111961364746
3000044  0.3134991228580475
11600025  0.31349876523017883
5200024  0.3134949207305908
15500170  0.3134925663471222
16800132  0.31348761916160583
6600053  0.31348714232444763
13300048  0.3134860396385193
4700014  0.3134796619415283
3000049  0.31347885727882385
7100015  0.3134785294532776
17500651  0.31347689032554626
13200059  0.3134755492210388
14500033  0.31347161531448364
9800021  0.313468873500824
11800034  0.31346434354782104
18700769  0.31346073746681213
9500034  0.31346046924591064
14300038  0.3134559690952301
18100060  0.31345173716545105
19901947  0.3134460151195526
16700061  0.3134458363056183
14900044  0.31344446539878845
10400022  0.3134424388408661
18700165  0.31343743205070496
16400124  0.31343531608581543
12200035  0.3134351670742035
1300014  0.3134348392486572
16200050  0.3134295642375946
15500153  0.31342828273773193
10300060  0.31341472268104553
9000026  0.3134123384952545
9300078  0.31341058015823364
4700019  0.31340956687927246
9300056  0.31340882182121277
15700037  0.31340813636779785
9300121  0.31340640783309937
3700060  0.3133978843688965
7100034  0.31339362263679504
17300093  0.3133928179740906
15400083  0.3133898675441742
18700270  0.31338468194007874
9700038  0.3133833110332489
13900031  0.31337878108024597
6900031  0.31337684392929077
19600220  0.31337660551071167
16800051  0.31337645649909973
16800105  0.3133758306503296
10400026  0.31337428092956543
12200023  0.3133707344532013
7100032  0.31336691975593567
19902147  0.31336647272109985
19500271  0.31336134672164917
19100150  0.3133608400821686
9000042  0.313357412815094
4800015  0.31334686279296875
11300034  0.3133462071418762
17000082  0.31334084272384644
18200094  0.3133390545845032
10300068  0.3133372664451599
9300057  0.313333660364151
6500065  0.31333333253860474
9100023  0.3133320212364197
9300181  0.31333187222480774
15400071  0.31333109736442566
5400015  0.31332820653915405
9300047  0.3133224844932556
10300034  0.31332024931907654
6500041  0.31331968307495117
9700042  0.3133193850517273
9700032  0.31331852078437805
16500155  0.3133184611797333
17300119  0.31331703066825867
9000027  0.31331557035446167
11900024  0.31331494450569153
17500311  0.3133128583431244
3600026  0.31331193447113037
5200028  0.31330761313438416
14800094  0.3133062422275543
16900053  0.3133012652397156
12200045  0.3132990896701813
12200037  0.3132980167865753
16500108  0.31329432129859924
16400128  0.3132933974266052
14300040  0.31329235434532166
14800149  0.3132893741130829
16500148  0.31328919529914856
18700445  0.31328633427619934
19700240  0.313286155462265
17500324  0.3132837414741516
15400066  0.3132805824279785
16500169  0.3132801949977875
16100042  0.3132798969745636
11400029  0.31327882409095764
11500071  0.3132694959640503
16500067  0.31326714158058167
10200018  0.31325915455818176
15500157  0.3132583200931549
16800044  0.3132524788379669
19800365  0.3132522404193878
10800031  0.31325194239616394
7800065  0.31325098872184753
14800130  0.31324851512908936
16900068  0.31324630975723267
15400030  0.31324440240859985
18600085  0.31324437260627747
17500388  0.313243567943573
14800076  0.3132408857345581
19901616  0.31324008107185364
15300072  0.3132390081882477
18500067  0.31323888897895813
19600230  0.31323614716529846
1800013  0.3132326900959015
2100009  0.31323209404945374
15100030  0.31322672963142395
5100018  0.3132258653640747
11300121  0.3132247030735016
4100020  0.3132169246673584
16500074  0.3132169246673584
12000050  0.31321507692337036
3500024  0.31321263313293457
1800014  0.31320661306381226
15300065  0.31320589780807495
6500049  0.3132038712501526
11600033  0.31320005655288696
9000017  0.3131997883319855
7800061  0.3131963908672333
11300120  0.3131963908672333
19901461  0.3131956458091736
13900036  0.313179612159729
3200019  0.3131757378578186
6500026  0.31317001581192017
12900041  0.31316956877708435
14000084  0.3131661117076874
12900044  0.31316477060317993
16500139  0.3131624162197113
17500754  0.31316208839416504
3000053  0.31315866112709045
19700239  0.31315702199935913
18500398  0.3131521940231323
7600047  0.3131510615348816
2700010  0.3131469786167145
11400043  0.31314417719841003
17500500  0.3131431043148041
1600009  0.31314098834991455
9300067  0.3131376802921295
16500087  0.3131366968154907
17100057  0.31313556432724
11200070  0.31313464045524597
2600010  0.31313344836235046
19902179  0.3131326735019684
17300111  0.31313034892082214
15700055  0.31313014030456543
17300087  0.31312867999076843
19500265  0.31312769651412964
9500039  0.31312739849090576
13900037  0.3131266236305237
10200043  0.3131258487701416
7100042  0.31312403082847595
11400037  0.31311166286468506
2600019  0.3131104111671448
12700022  0.3130986988544464
19400179  0.313098281621933
17500696  0.3130982220172882
17500295  0.31309786438941956
11700027  0.31309691071510315
17500581  0.3130946755409241
15500081  0.3130895495414734
14500036  0.3130837678909302
18000107  0.3130832016468048
13900029  0.31308120489120483
19400192  0.3130790889263153
3000083  0.31307631731033325
19600225  0.31307363510131836
10300023  0.3130732476711273
12800024  0.3130698502063751
13200087  0.3130662739276886
19800316  0.3130614459514618
16800066  0.31305819749832153
2900030  0.3130543828010559
14300048  0.3130494952201843
10800048  0.31304895877838135
18700642  0.31304657459259033
3300013  0.31304386258125305
10300029  0.3130410611629486
17100058  0.3130391240119934
3000042  0.31303444504737854
7700016  0.3130275309085846
17500315  0.31302452087402344
3000058  0.31302204728126526
3000035  0.31302106380462646
17500412  0.31302106380462646
17000121  0.31301891803741455
17500485  0.3130173087120056
14000072  0.31301286816596985
16700057  0.31301113963127136
15500086  0.31301090121269226
14900042  0.31300824880599976
4500020  0.31300821900367737
10100033  0.31300726532936096
6500051  0.31300675868988037
11600042  0.3130064904689789
13900034  0.3130049705505371
1300009  0.3130042552947998
16400117  0.31300410628318787
11300064  0.31300345063209534
5300069  0.3129907548427582
17500145  0.31299036741256714
15700100  0.31298795342445374
10000035  0.3129842281341553
10500020  0.31298360228538513
1100011  0.3129817545413971
4700024  0.3129813075065613
15600046  0.31298112869262695
19600235  0.31298014521598816
10300030  0.31297916173934937
18700154  0.31297916173934937
4200013  0.31297892332077026
6500061  0.31297606229782104
15600066  0.312971830368042
12900073  0.31296470761299133
7800053  0.3129643201828003
14200040  0.31296417117118835
19600221  0.312961220741272
15600059  0.31295180320739746
2900013  0.3129492700099945
11300072  0.3129487633705139
16800054  0.3129481375217438
18900132  0.3129462003707886
16800088  0.312945693731308
13200049  0.3129437267780304
19400188  0.3129400610923767
5600022  0.3129390776157379
13200091  0.31293848156929016
16500079  0.3129372000694275
12000023  0.3129335045814514
15700102  0.31293341517448425
3400021  0.3129304051399231
16800121  0.3129277527332306
14800098  0.3129253387451172
14400059  0.31292521953582764
4200015  0.3129241466522217
18500406  0.31292352080345154
6500022  0.3129233717918396
17500064  0.31291818618774414
16300115  0.31291595101356506
13900050  0.3129158020019531
16100084  0.3129151165485382
10300056  0.3129149377346039
2900014  0.3129112124443054
5100061  0.31291094422340393
17000108  0.31290945410728455
13200060  0.3129046559333801
14000062  0.31290119886398315
13400045  0.3129009008407593
19500257  0.312897652387619
17500780  0.31289711594581604
15600055  0.31289657950401306
17500662  0.31289592385292053
16400069  0.3128933012485504
14000100  0.31289181113243103
16300061  0.312887966632843
10000051  0.31288063526153564
5700027  0.31287962198257446
19500243  0.312878280878067
13100037  0.31287041306495667
13900051  0.3128677308559418
3000064  0.3128632605075836
19200157  0.31285974383354187
16400067  0.3128545880317688
19500268  0.3128505051136017
19300164  0.3128453493118286
11600038  0.3128373920917511
5500014  0.31283125281333923
7100021  0.3128300905227661
16100037  0.3128260374069214
10400024  0.3128235340118408
9300108  0.3128228783607483
15300054  0.31282201409339905
1200006  0.3128177523612976
16400057  0.31281578540802
15400068  0.31280896067619324
16500168  0.3128078579902649
16400090  0.31280773878097534
17300105  0.3128047585487366
16500134  0.3127997815608978
11500052  0.3127959072589874
7900017  0.3127940595149994
11300041  0.31278884410858154
3700038  0.3127818703651428
3100017  0.3127817213535309
16900106  0.3127799332141876
18200126  0.31277942657470703
14000078  0.31277209520339966
3000087  0.31277188658714294
18700391  0.3127700388431549
13200035  0.31276974081993103
18000073  0.31276899576187134
13200080  0.3127683401107788
15400062  0.3127588629722595
13400035  0.31275859475135803
10800025  0.3127478361129761
10300059  0.31274768710136414
18800134  0.3127444088459015
16800129  0.3127410113811493
10300036  0.312740683555603
10300042  0.3127381205558777
17500424  0.31273266673088074
16900060  0.3127295970916748
16300076  0.3127271831035614
14900036  0.31272053718566895
11500020  0.3127191364765167
15500083  0.31271877884864807
12900094  0.31271520256996155
18000096  0.3127150535583496
14000087  0.3127104640007019
13200054  0.3127032220363617
13300044  0.3127025067806244
6800016  0.3126983344554901
17500751  0.312698096036911
3000037  0.31269755959510803
9700027  0.3126957416534424
14700037  0.3126935064792633
17500623  0.3126906752586365
10600018  0.3126853108406067
17300092  0.3126847743988037
15300063  0.31268468499183655
8400016  0.31268200278282166
3600021  0.3126731216907501
17100073  0.3126724064350128
13100036  0.3126719295978546
16700056  0.31266823410987854
8600034  0.31266674399375916
9500018  0.312664657831192
3300053  0.31265804171562195
10600019  0.31265705823898315
9400019  0.31265416741371155
1300013  0.3126489222049713
18200125  0.3126468062400818
7600031  0.3126451075077057
13900059  0.312643826007843
5100060  0.31264355778694153
9300100  0.3126390874385834
9300024  0.31263598799705505
18000115  0.3126310706138611
10000043  0.3126308023929596
16100061  0.3126305639743805
17500230  0.3126298785209656
17500157  0.31261998414993286
16500115  0.31261903047561646
7100026  0.3126167058944702
18200128  0.3126141130924225
18000090  0.3126137852668762
6600068  0.31261324882507324
14700063  0.31260502338409424
9300076  0.3126029968261719
16800046  0.312599241733551
17500796  0.3125980794429779
18700432  0.312593936920166
16500075  0.31259340047836304
15500105  0.3125879466533661
11600020  0.3125858008861542
1900011  0.3125857412815094
14200052  0.31258565187454224
3300014  0.31258058547973633
17500748  0.31257665157318115
14500031  0.31257227063179016
12900082  0.31257152557373047
4500024  0.31257137656211853
16500144  0.31256768107414246
11500021  0.31256675720214844
14300039  0.31256502866744995
14200068  0.31256258487701416
14700027  0.3125566244125366
8600027  0.31254318356513977
9800029  0.31254157423973083
14700028  0.3125378489494324
14000086  0.3125373125076294
14300050  0.3125360310077667
12700029  0.31253504753112793
16800109  0.31253403425216675
1900008  0.31253305077552795
16400095  0.31252607703208923
12700031  0.31252387166023254
9800018  0.3125208020210266
16400092  0.31251901388168335
11900022  0.3125176429748535
10300064  0.31251123547554016
3000078  0.312509149312973
18700655  0.31250816583633423
16700052  0.3125040829181671
6600076  0.31250137090682983
19500251  0.31250137090682983
14500030  0.31249868869781494
5800015  0.3124944269657135
12100041  0.31249338388442993
17700057  0.31249237060546875
12200031  0.3124903440475464
16300128  0.312486857175827
16500112  0.3124852478504181
8300017  0.312481552362442
19901997  0.31248024106025696
16800045  0.3124788701534271
11600024  0.31247779726982117
9100027  0.31247758865356445
8200032  0.3124764859676361
12200041  0.31247544288635254
11700046  0.31247320771217346
15400063  0.3124730885028839
10200028  0.3124721646308899
5100034  0.3124692738056183
8800046  0.3124677240848541
17600094  0.3124537169933319
19000142  0.3124527931213379
14800190  0.3124519884586334
15700086  0.3124519884586334
9300063  0.31244876980781555
10000048  0.3124430477619171
17500212  0.31244078278541565
12500076  0.3124397397041321
8300016  0.31243178248405457
17500377  0.31243157386779785
13200113  0.3124310076236725
13700026  0.3124295473098755
5100068  0.31242936849594116
16100072  0.3124293386936188
12400024  0.3124292194843292
14500034  0.31242337822914124
15200063  0.31242141127586365
16100036  0.3124203085899353
6100018  0.3124191462993622
5600032  0.3124191164970398
13800036  0.31241822242736816
19500262  0.31241777539253235
18700599  0.3124134838581085
5900015  0.3124094605445862
4500048  0.3124055862426758
8800037  0.3124042749404907
9600020  0.3124019205570221
15700153  0.3123990297317505
16400089  0.3123989403247833
14800157  0.3123977780342102
13900026  0.3123960494995117
11000029  0.3123951256275177
18700733  0.3123939633369446
3500011  0.31239011883735657
18000078  0.3123888671398163
19600232  0.3123875856399536
10900029  0.31238603591918945
14000032  0.3123849630355835
6600037  0.3123813569545746
16100041  0.31238093972206116
15100036  0.3123752176761627
8600041  0.3123745024204254
7600066  0.31237292289733887
5100063  0.3123714327812195
19901750  0.3123684227466583
18800137  0.3123680651187897
12300082  0.3123640716075897
13200112  0.312363862991333
8600043  0.31236374378204346
5000026  0.31236258149147034
3000059  0.31235796213150024
18000093  0.31235387921333313
3000072  0.3123528063297272
14800077  0.3123481571674347
12000054  0.3123430907726288
19902196  0.31234070658683777
19500263  0.3123335540294647
17500396  0.3123311996459961
13200103  0.3123311400413513
15300077  0.3123295307159424
13200067  0.31232738494873047
11500060  0.3123263418674469
13200055  0.312321275472641
10400029  0.31231775879859924
14400041  0.31231704354286194
13300030  0.31231269240379333
3700058  0.31231144070625305
14400037  0.31231018900871277
18000080  0.3123045563697815
7700028  0.3123041093349457
11000020  0.3123009502887726
3300072  0.3122981786727905
1900016  0.31229767203330994
18200124  0.3122907280921936
16400081  0.3122899830341339
4500032  0.31228819489479065
17500741  0.31228750944137573
2400009  0.31228262186050415
1800011  0.31228217482566833
10000018  0.31227922439575195
17500456  0.3122783899307251
14300035  0.3122779428958893
8600032  0.31227535009384155
13000063  0.3122752606868744
13600033  0.3122677206993103
13200085  0.31226232647895813
9300111  0.3122599124908447
5600034  0.31225791573524475
16800113  0.31225329637527466
3900028  0.3122451603412628
18000092  0.3122440278530121
5100046  0.3122393786907196
5300020  0.31223729252815247
12900088  0.3122328817844391
16900051  0.31223177909851074
2600016  0.3122301399707794
19800330  0.31223002076148987
14200037  0.31222760677337646
19400186  0.3122251331806183
15500087  0.3122250437736511
9300017  0.3122248351573944
5800014  0.3122222125530243
13600026  0.3122200667858124
16500135  0.31221461296081543
17500598  0.31221210956573486
19000140  0.3122102916240692
15300040  0.31220871210098267
19000141  0.3122069537639618
8000046  0.3122063875198364
17500437  0.31220561265945435
17200052  0.31220513582229614
18700143  0.31219935417175293
14300044  0.3121963441371918
13100022  0.3121943473815918
13300029  0.3121926486492157
3000043  0.31219127774238586
15900035  0.31218767166137695
1400009  0.3121863901615143
15400079  0.31218221783638
14000068  0.31218209862709045
3900022  0.31218186020851135
3300029  0.3121761977672577
15100039  0.31217318773269653
15400043  0.31216830015182495
17500427  0.31216681003570557
9800019  0.31216543912887573
19500247  0.31216350197792053
16500106  0.31216105818748474
3500017  0.3121528923511505
16500066  0.3121516704559326
6500048  0.312150239944458
5100022  0.3121449053287506
19901768  0.31214427947998047
9700047  0.31213992834091187
11300053  0.3121381998062134
13600050  0.3121378421783447
19600223  0.3121365010738373
12000034  0.3121349811553955
3900012  0.31213194131851196
13300040  0.3121296763420105
12000046  0.31212738156318665
13200084  0.3121255040168762
10300053  0.3121247887611389
11900021  0.312123566865921
15500030  0.3121226131916046
10200045  0.3121223449707031
13900058  0.31212225556373596
2200011  0.3121173083782196
16300059  0.31211715936660767
8800054  0.3121129870414734
14000026  0.31211015582084656
10300025  0.31210821866989136
18200108  0.31210803985595703
15700105  0.3121052086353302
8800053  0.3120966851711273
6300015  0.31209588050842285
1900017  0.31208840012550354
12900066  0.31208696961402893
14000098  0.31208619475364685
8100023  0.3120853304862976
11100024  0.3120841085910797
5000031  0.31208306550979614
14700045  0.3120810389518738
15700142  0.31208059191703796
9300081  0.31207993626594543
8200030  0.3120785057544708
11500028  0.31207504868507385
16300071  0.3120722770690918
11300103  0.31206831336021423
18700176  0.31206247210502625
19901879  0.3120609223842621
11800021  0.31205934286117554
18500374  0.3120526969432831
14800175  0.3120522201061249
17500749  0.31205064058303833
18700497  0.31204935908317566
2600015  0.31204861402511597
12500063  0.31204575300216675
15600051  0.31204572319984436
9800025  0.3120429515838623
14500035  0.31204187870025635
4700015  0.31203994154930115
15400032  0.31203556060791016
19901843  0.3120335042476654
1700007  0.31203266978263855
18900154  0.3120315670967102
6600029  0.3120311200618744
10300018  0.3120294213294983
2900015  0.31202390789985657
15500044  0.31202155351638794
11600051  0.31201934814453125
15400064  0.31201422214508057
18700200  0.31201282143592834
11200019  0.3120112121105194
16500045  0.3120107650756836
18900161  0.31200888752937317
14000030  0.3120088279247284
3300086  0.31200793385505676
18600077  0.312007874250412
3100011  0.312007337808609
15600033  0.3120046555995941
10300040  0.31200075149536133
18000079  0.31199952960014343
17500258  0.31199905276298523
3400020  0.3119971454143524
9800022  0.3119925856590271
15700112  0.31199222803115845
11900026  0.31198549270629883
4700028  0.3119828402996063
15100031  0.3119826316833496
7800066  0.3119804263114929
8400022  0.31197986006736755
15500117  0.3119698464870453
5100065  0.31195953488349915
17900071  0.31195685267448425
16100068  0.3119566738605499
14000031  0.3119559586048126
16500048  0.3119499683380127
13200073  0.3119409680366516
17500740  0.31193459033966064
15200050  0.31193408370018005
3600041  0.31193187832832336
13400042  0.3119300305843353
15700099  0.31192880868911743
17300078  0.31192436814308167
6700022  0.31191352009773254
13400024  0.3119101822376251
19500250  0.3119073212146759
6500055  0.3119039237499237
8400021  0.3118949830532074
15300032  0.3118942379951477
12900085  0.31189167499542236
13200050  0.31188878417015076
5700014  0.3118843138217926
19500258  0.31187841296195984
8400018  0.3118762671947479
4000013  0.31187453866004944
17100070  0.3118695616722107
9000038  0.31186917424201965
16600041  0.3118686378002167
16500052  0.3118644654750824
13600030  0.3118581771850586
13300032  0.31185561418533325
16100081  0.311854749917984
3000029  0.3118543326854706
10500029  0.31185412406921387
5200029  0.3118414878845215
14200089  0.3118411600589752
3700056  0.31184032559394836
3600036  0.311839759349823
15000043  0.31183961033821106
13400041  0.3118373155593872
17000096  0.31182992458343506
14800047  0.3118208050727844
18700406  0.31181883811950684
17500446  0.31181830167770386
16500113  0.31181779503822327
19500283  0.31181761622428894
12300090  0.3118151128292084
12300085  0.3118118941783905
18700745  0.31181102991104126
1300017  0.3118078112602234
14200085  0.3118065595626831
9300068  0.3118058145046234
19800323  0.31180548667907715
10800042  0.3118053078651428
12000030  0.3118021488189697
11200073  0.31179600954055786
4200024  0.31179121136665344
5100044  0.3117902874946594
3300080  0.3117854595184326
9100018  0.3117847740650177
10000049  0.31178024411201477
16300095  0.31177958846092224
18000118  0.31177306175231934
14400047  0.31177112460136414
15400069  0.311769962310791
14300028  0.31176498532295227
10400023  0.3117644488811493
10200047  0.3117627799510956
4900030  0.3117623031139374
2900018  0.3117607533931732
13800025  0.3117579221725464
1400012  0.31175705790519714
17300094  0.31175610423088074
12400065  0.3117530345916748
14300036  0.3117523193359375
1900019  0.311750590801239
13200096  0.31174278259277344
15400048  0.3117409944534302
15500098  0.3117395341396332
15200054  0.3117327392101288
14000053  0.31172287464141846
17500325  0.31172147393226624
12900032  0.3117210566997528
17300110  0.3117205798625946
3000034  0.31171780824661255
6800015  0.3117145001888275
18700573  0.3117118775844574
16500140  0.31171169877052307
12300056  0.31171056628227234
19700238  0.31170880794525146
19400183  0.31170493364334106
11400020  0.3117048442363739
17300102  0.3117043375968933
12300033  0.31170159578323364
9400017  0.3117002248764038
14800112  0.3116985261440277
15700067  0.31169554591178894
12100037  0.31169480085372925
16300088  0.31169408559799194
16300132  0.31169235706329346
18000103  0.3116873800754547
4600028  0.31168273091316223
18700098  0.3116826117038727
9300107  0.3116821050643921
11300043  0.31168001890182495
3900015  0.3116750121116638
6500023  0.3116748034954071
19400175  0.3116745352745056
14000089  0.3116735517978668
16400112  0.3116723299026489
16400078  0.31167158484458923
14700048  0.31166958808898926
15500035  0.31166887283325195
16900097  0.3116653561592102
10100024  0.31165841221809387
12900124  0.3116554617881775
15600031  0.31165269017219543
14200069  0.3116452693939209
14300052  0.3116430342197418
7800048  0.3116426169872284
11300114  0.3116411864757538
16500060  0.31163832545280457
16900065  0.3116357624530792
13100025  0.31163135170936584
17500286  0.3116230368614197
16500084  0.31162089109420776
16500116  0.3116181790828705
15500113  0.31161603331565857
19500244  0.31161049008369446
14700029  0.3116091191768646
16500089  0.3116072416305542
8200029  0.3116052448749542
3700018  0.31160080432891846
7800062  0.3115993142127991
12400052  0.31159883737564087
10000025  0.31159406900405884
12000058  0.3115931749343872
16900048  0.31159281730651855
8200026  0.3115914463996887
15100043  0.3115912675857544
3000079  0.31158962845802307
16000045  0.311587929725647
17500617  0.3115874230861664
16500086  0.31158211827278137
6600044  0.31158024072647095
5100072  0.31157657504081726
7100025  0.3115713894367218
19500254  0.3115704357624054
14700033  0.31156960129737854
11300058  0.3115624487400055
5100043  0.3115558326244354
19800317  0.31154802441596985
14400034  0.31154048442840576
8300021  0.31153884530067444
4500013  0.31153494119644165
3900030  0.31153297424316406
17600072  0.31152963638305664
4700029  0.3115279972553253
17500333  0.31152665615081787
14000027  0.3115256130695343
3300083  0.31152281165122986
13500096  0.3115214705467224
3300078  0.3115212023258209
16500156  0.3115195333957672
14000103  0.31151676177978516
13400032  0.3115082085132599
12300066  0.3115077316761017
10300019  0.3115074932575226
8000055  0.31150737404823303
10300027  0.31150490045547485
7600053  0.311503529548645
10800024  0.31149521470069885
14000069  0.31149041652679443
6600048  0.3114885687828064
14000088  0.3114863634109497
17100063  0.3114863634109497
3300069  0.31148162484169006
12900026  0.31147947907447815
9100019  0.3114781975746155
15700146  0.3114701807498932
2900020  0.3114664554595947
19500260  0.3114612400531769
15300037  0.3114584684371948
15600044  0.3114583194255829
12900114  0.3114560842514038
10500021  0.31145575642585754
13500023  0.3114478290081024
17300064  0.3114463686943054
18800128  0.3114417493343353
7500016  0.3114415109157562
9700035  0.31143903732299805
16300087  0.3114382326602936
3800017  0.31143784523010254
10500026  0.3114376962184906
2700017  0.31143423914909363
5600029  0.3114333152770996
10300049  0.31143131852149963
10300044  0.31143125891685486
16500150  0.3114294111728668
16500137  0.31142938137054443
1100010  0.31142815947532654
19901705  0.31142500042915344
9500030  0.3114241361618042
3500015  0.3114239573478699
15500067  0.31142163276672363
6600052  0.3114183247089386
17900062  0.31141629815101624
7700019  0.3114158511161804
2800018  0.3114144206047058
13300037  0.311410129070282
11000019  0.31140682101249695
10300033  0.3114040195941925
14000029  0.31140393018722534
16400070  0.3114025592803955
3300084  0.31139513850212097
8100019  0.31139329075813293
13300042  0.31139230728149414
15400047  0.31139054894447327
7100041  0.31138846278190613
10200038  0.3113841712474823
10900021  0.31138351559638977
5100030  0.3113820552825928
16900115  0.3113795518875122
16500058  0.31137555837631226
9300077  0.3113720715045929
15500122  0.3113720715045929
16500094  0.3113706707954407
3900017  0.3113706111907959
12100040  0.3113674223423004
17300098  0.3113657236099243
5200014  0.31136536598205566
14200060  0.3113594055175781
13400023  0.3113580644130707
12700025  0.31135621666908264
16800050  0.31135037541389465
13200121  0.31134793162345886
2900035  0.3113381862640381
15500174  0.31133612990379333
13900028  0.31133347749710083
1800015  0.31132978200912476
3000017  0.3113286793231964
17500816  0.3113175630569458
16200041  0.311312198638916
18200132  0.3113098740577698
18700562  0.31130173802375793
19901673  0.31130021810531616
2900025  0.3112941086292267
3000016  0.31128954887390137
15300039  0.31128767132759094
17400053  0.31128695607185364
12900101  0.31128010153770447
8600028  0.311277836561203
10800041  0.311274915933609
13300041  0.3112734258174896
14400055  0.31127306818962097
15500033  0.3112714886665344
17500820  0.3112669289112091
5700030  0.31126394867897034
16500177  0.311262845993042
3000090  0.31126245856285095
10700018  0.31126201152801514
17500545  0.3112618923187256
17500130  0.31126073002815247
16400049  0.31125640869140625
19500264  0.3112543821334839
9700029  0.31124502420425415
17300101  0.3112437129020691
3500028  0.3112422823905945
5700033  0.3112412691116333
1700008  0.3112379014492035
10100031  0.3112364709377289
8100016  0.31123366951942444
13000026  0.31123119592666626
15700075  0.31122782826423645
18900140  0.31122085452079773
15700032  0.31122061610221863
15700076  0.3112201392650604
13300031  0.31121930480003357
14000102  0.311219185590744
12400057  0.31121912598609924
5600020  0.31121665239334106
19902028  0.31120458245277405
16400113  0.3112044334411621
4800014  0.31120291352272034
16800097  0.31120291352272034
15500126  0.31120261549949646
4900023  0.3112011253833771
19500287  0.31119728088378906
16900090  0.3111943006515503
16500176  0.31118887662887573
16400108  0.3111877143383026
3900031  0.31118473410606384
14700041  0.3111834228038788
14200106  0.31118035316467285
4600018  0.31117838621139526
16100102  0.31117427349090576
14800167  0.31117165088653564
18500414  0.31116941571235657
18200064  0.31116437911987305
9100025  0.3111613094806671
17500745  0.31115099787712097
5100053  0.3111423850059509
12900115  0.31113773584365845
16800093  0.31113749742507935
16300075  0.3111354112625122
10000022  0.31112027168273926
3600022  0.3111202120780945
14000106  0.31112006306648254
16300039  0.3111121952533722
13200108  0.3111072778701782
18900133  0.3111058473587036
9600025  0.3111029863357544
14700046  0.3110964596271515
9300097  0.3110942542552948
12900054  0.3110937178134918
17500698  0.31108996272087097
11200063  0.3110836148262024
9300087  0.3110768496990204
19902347  0.3110768496990204
7800034  0.3110736906528473
10300028  0.31106507778167725
12300046  0.31106114387512207
3600020  0.31106048822402954
12000026  0.3110603988170624
18600073  0.31105875968933105
14800140  0.3110552430152893
8400023  0.31105324625968933
10500028  0.3110501766204834
8600023  0.3110426366329193
16300124  0.31103411316871643
15800038  0.3110331892967224
8600017  0.3110322058200836
13000067  0.3110198676586151
16200045  0.31101712584495544
7100043  0.31100985407829285
3300059  0.31100937724113464
17600059  0.31100887060165405
12200038  0.3110058009624481
12000022  0.31100568175315857
13600035  0.3109998106956482
13900041  0.3109915256500244
16500125  0.31099069118499756
17300090  0.31098994612693787
12300037  0.3109886050224304
14800181  0.3109857141971588
18000097  0.3109845519065857
6500027  0.31098100543022156
10800033  0.31097841262817383
4200014  0.31097695231437683
18200138  0.31097328662872314
11800030  0.3109705150127411
3700017  0.3109670877456665
14200045  0.31096646189689636
10200044  0.3109663128852844
16100092  0.3109625279903412
17600077  0.31096208095550537
15500040  0.3109619617462158
19500286  0.310960978269577
13300027  0.3109590709209442
18700110  0.31095635890960693
15400073  0.3109540343284607
9300134  0.3109482526779175
16300094  0.310945987701416
5100014  0.3109450340270996
11500024  0.31094396114349365
5100023  0.3109426498413086
13600029  0.3109396994113922
4500016  0.31093236804008484
18000095  0.3109308183193207
10400030  0.3109271824359894
15700059  0.31092342734336853
10700023  0.3109215795993805
14200094  0.3109191358089447
15000038  0.3109091818332672
16500070  0.31090471148490906
12500062  0.3109016418457031
1400007  0.31090155243873596
3000095  0.3109009563922882
16400110  0.31090047955513
8700019  0.3109002411365509
19902132  0.3109000325202942
12300058  0.3108902871608734
15400085  0.31088918447494507
17600056  0.3108777403831482
14000085  0.3108770251274109
15300055  0.3108765780925751
8800035  0.31087183952331543
17100062  0.3108680844306946
14900035  0.31086695194244385
14300026  0.3108662962913513
16500128  0.3108615577220917
18200122  0.31085404753685
17500165  0.31085145473480225
4500052  0.3108512759208679
18600081  0.31085097789764404
18700805  0.3108498454093933
9300103  0.31084901094436646
7200015  0.31084731221199036
17100059  0.3108423352241516
11300030  0.31083571910858154
17500679  0.310835063457489
14200051  0.3108295798301697
16300091  0.3108280301094055
14800178  0.3108275830745697
18700721  0.3108244836330414
16500122  0.31082290410995483
6700018  0.31081873178482056
15700083  0.3108152747154236
12300087  0.31081342697143555
15500121  0.31080421805381775
10200050  0.3107946217060089
3600033  0.3107932507991791
10300070  0.31079283356666565
13200137  0.31078866124153137
8800034  0.3107845187187195
9500022  0.31078222393989563
11200028  0.3107816278934479
18700311  0.31077778339385986
9300025  0.3107777535915375
6100025  0.3107704520225525
16000049  0.3107697665691376
5200020  0.3107674717903137
19200153  0.3107658326625824
6600032  0.3107638657093048
16600043  0.3107602894306183
3200014  0.31075671315193176
17000110  0.310752809047699
18900174  0.3107510805130005
13900062  0.31075093150138855
16500181  0.31074970960617065
15700137  0.3107474148273468
11200059  0.3107461929321289
3300085  0.3107413351535797
15500104  0.3107377588748932
5600023  0.31073740124702454
7100022  0.3107297718524933
15300048  0.3107203245162964
12400040  0.31071338057518005
17600066  0.31071221828460693
18000128  0.31071165204048157
4300017  0.31070998311042786
16800124  0.3107072412967682
17600087  0.31070443987846375
14800145  0.3107030689716339
10700032  0.31070056557655334
8100032  0.3107004761695862
14900031  0.3106899559497833
17000116  0.31068992614746094
9900024  0.31068408489227295
8200019  0.3106796145439148
6500030  0.31067949533462524
15400067  0.31067752838134766
3300058  0.31067395210266113
19400182  0.31067177653312683
15500127  0.31067103147506714
11300049  0.3106696605682373
18000113  0.3106614947319031
13500101  0.31065934896469116
7700037  0.31065845489501953
9300131  0.31065744161605835
18200101  0.3106570839881897
11600046  0.3106551170349121
10400033  0.31064093112945557
17600063  0.3106398284435272
12900098  0.3106326162815094
9000028  0.3106319010257721
11300083  0.3106195032596588
12500056  0.3106165826320648
12700028  0.3106028735637665
14800169  0.3105964660644531
19400178  0.31059640645980835
9300118  0.3105878233909607
9300128  0.31058692932128906
9300079  0.3105858266353607
14200041  0.31058362126350403
15500099  0.3105810880661011
9300176  0.3105800747871399
18700227  0.3105759620666504
15500128  0.31056177616119385
14200098  0.3105580508708954
17700073  0.31055572628974915
3800012  0.3105456233024597
11300031  0.3105434477329254
3000094  0.31052905321121216
14000067  0.3105248808860779
17300091  0.31052276492118835
13100034  0.31052038073539734
13500092  0.31051990389823914
17300083  0.3105197548866272
14800082  0.3105129897594452
18000083  0.3105098009109497
14800174  0.31050795316696167
14300056  0.3104948103427887
17500675  0.31048858165740967
14800072  0.3104841113090515
12300048  0.3104743957519531
18500191  0.31047171354293823
14000057  0.31047096848487854
15100029  0.3104690611362457
13200095  0.3104672133922577
17300071  0.31046435236930847
16300063  0.3104613423347473
13600046  0.3104604184627533
10700029  0.3104572296142578
3300063  0.3104526996612549
16500065  0.3104519546031952
3000033  0.3104510009288788
17500410  0.3104456663131714
18500310  0.31044235825538635
19400193  0.3104364573955536
16500059  0.31043437123298645
17700058  0.3104342520236969
16300044  0.3104320764541626
17600071  0.3104310929775238
12900033  0.31042584776878357
19000145  0.31041958928108215
7600034  0.3104041516780853
16800116  0.31039974093437195
16000047  0.31039959192276
18200098  0.3103979825973511
14800063  0.3103957772254944
16900101  0.31039392948150635
3100024  0.31038764119148254
6100017  0.31038373708724976
6700021  0.3103806972503662
9300069  0.3103793263435364
11500032  0.3103787302970886
13200092  0.3103778064250946
12300057  0.31037765741348267
9300177  0.31037694215774536
10000047  0.31037336587905884
9300044  0.3103683888912201
3300076  0.3103674054145813
1800010  0.310359925031662
14000094  0.31035876274108887
7100028  0.31035786867141724
16800136  0.31035763025283813
8700018  0.31034988164901733
10300032  0.3103385269641876
16300068  0.3103335201740265
11000024  0.31032323837280273
15500031  0.3103170692920685
15400082  0.31031569838523865
3300062  0.31031545996665955
9300050  0.3103148639202118
11500039  0.3103131949901581
13600042  0.3103126883506775
16800120  0.3103078007698059
3600040  0.3103060722351074
17600062  0.3103049695491791
11300094  0.31030258536338806
18600078  0.3102983236312866
16400109  0.31029728055000305
4100025  0.3102971613407135
12900056  0.31029626727104187
17000069  0.3102943003177643
17600086  0.3102884888648987
4500056  0.31028759479522705
11300090  0.31028667092323303
17600076  0.31028446555137634
9800020  0.31028205156326294
16000043  0.3102787137031555
11300076  0.3102773129940033
2000014  0.3102768063545227
12400029  0.31027457118034363
16500099  0.31026405096054077
17500221  0.3102623522281647
9700021  0.31025394797325134
10300072  0.310250848531723
5100076  0.31024885177612305
9100029  0.3102424144744873
17500329  0.3102395534515381
17500054  0.3102373778820038
18700372  0.3102370500564575
10800044  0.3102304935455322
14200081  0.3102303743362427
10200022  0.31022968888282776
13500061  0.31022563576698303
13500065  0.31022533774375916
11300050  0.3102239668369293
19901647  0.31021371483802795
16700051  0.31021347641944885
10700028  0.31020843982696533
19902257  0.3102055788040161
4600039  0.31019720435142517
14800180  0.31019431352615356
16400107  0.3101939558982849
19800315  0.31018975377082825
3900018  0.3101891279220581
11300026  0.3101887106895447
13500091  0.3101874887943268
13500024  0.31018632650375366
13200063  0.3101861774921417
8700017  0.3101702332496643
3100025  0.31016805768013
10400018  0.31016531586647034
16400040  0.3101571202278137
12000029  0.3101543188095093
12100025  0.3101518750190735
13400029  0.3101499676704407
17000087  0.3101463317871094
4900018  0.3101387619972229
2700013  0.3101387023925781
18200123  0.3101307451725006
14300030  0.3101300299167633
19901275  0.310124933719635
7600050  0.31012481451034546
2000008  0.31010901927948
15200052  0.31010493636131287
15700071  0.3101009130477905
18700523  0.3100997507572174
14800136  0.31009748578071594
9900018  0.31009653210639954
14800142  0.3100923001766205
5000024  0.31009146571159363
15700128  0.31009048223495483
3900026  0.31008511781692505
4600034  0.3100830614566803
11000028  0.31007862091064453
9700018  0.3100754916667938
12500072  0.3100711405277252
6700025  0.3100586533546448
13000048  0.31004783511161804
13900052  0.3100419342517853
15500106  0.310040682554245
14800188  0.310036301612854
14000095  0.31003448367118835
16300046  0.3100341856479645
7100036  0.3100340664386749
7700033  0.3100334703922272
12900040  0.3100333511829376
5300014  0.3100331425666809
7600072  0.31002798676490784
14800187  0.3100219964981079
18200139  0.3100213408470154
15700138  0.3100178837776184
12100024  0.31001517176628113
14400044  0.3100062608718872
5200031  0.3100059926509857
17300097  0.30999884009361267
18700100  0.30999770760536194
13200023  0.30999067425727844
15700135  0.3099898397922516
10100035  0.3099891245365143
3100022  0.3099868595600128
4900021  0.30998387932777405
5400014  0.3099817931652069
19901769  0.30997586250305176
8200020  0.3099753260612488
7200016  0.30997234582901
11400025  0.3099702000617981
9900022  0.3099597990512848
9000020  0.3099515736103058
15500110  0.3099489212036133
14900047  0.3099434971809387
12500059  0.30993542075157166
15700150  0.30993348360061646
3700034  0.30993011593818665
11200066  0.3099255859851837
10500022  0.30991649627685547
15700110  0.309906005859375
12900022  0.30989789962768555
17600081  0.309897243976593
8200016  0.30989399552345276
9700025  0.3098927140235901
14200047  0.30988582968711853
15300068  0.30988332629203796
12200022  0.3098773658275604
16300106  0.3098732829093933
15500103  0.3098725974559784
16100105  0.30986836552619934
11300042  0.30986732244491577
16400060  0.3098672330379486
16100066  0.3098564147949219
16500138  0.30985552072525024
15100046  0.3098456561565399
3000075  0.3098428249359131
13500063  0.3098334074020386
8800055  0.30983206629753113
6600021  0.3098258078098297
10000062  0.3098192811012268
14200042  0.3098169267177582
15500032  0.3098084032535553
4600022  0.30980727076530457
15700136  0.30980533361434937
16400071  0.3098050355911255
7600017  0.30980443954467773
8000019  0.3098022937774658
7600041  0.30979716777801514
12500070  0.30979251861572266
3000011  0.3097922205924988
3300061  0.3097895383834839
10300057  0.3097752332687378
6600056  0.30977246165275574
15800037  0.3097519278526306
6100016  0.3097476661205292
16500111  0.30974292755126953
15000052  0.3097373843193054
12900045  0.30973491072654724
3300065  0.3097248375415802
6600040  0.3097248077392578
12300036  0.3097245693206787
2600012  0.3097202181816101
10200036  0.30971935391426086
7600048  0.30971765518188477
14800081  0.30971699953079224
19902111  0.3097110092639923
10800027  0.30970820784568787
11300089  0.3097035586833954
10300051  0.30969876050949097
14700047  0.30969759821891785
17300108  0.30969586968421936
11300065  0.30968204140663147
15600041  0.3096774220466614
15600032  0.3096763789653778
12500033  0.3096759617328644
13100045  0.30966755747795105
14800127  0.3096443712711334
15500082  0.30964195728302
3600023  0.3096393644809723
19901212  0.30963608622550964
16500041  0.30962276458740234
3600018  0.3096219301223755
14800179  0.3096178472042084
11300040  0.30961301922798157
7600020  0.3096073865890503
17300109  0.3096041679382324
10000029  0.3096003532409668
16900120  0.30959030985832214
7600069  0.3095860779285431
16400114  0.30958375334739685
10000050  0.3095835745334625
7600023  0.30957746505737305
15500172  0.309569776058197
10500025  0.30956143140792847
15600042  0.30956095457077026
9300129  0.3095548748970032
10000033  0.3095502555370331
3300070  0.30953970551490784
18000076  0.30953291058540344
3700012  0.3095266819000244
11600043  0.30952325463294983
17600095  0.3095192611217499
13200064  0.3095138669013977
12100043  0.3095055818557739
5300042  0.3095042407512665
2000024  0.30950164794921875
13200036  0.309497594833374
15500150  0.3094857633113861
6500015  0.3094770908355713
12700024  0.3094711899757385
13500069  0.30946964025497437
11300068  0.309467077255249
15200062  0.30946552753448486
19400181  0.30946457386016846
13500055  0.3094615340232849
8100022  0.309451162815094
11300071  0.30943065881729126
9000032  0.3094293177127838
13300043  0.3094237744808197
6700017  0.3094196617603302
10100038  0.3094182014465332
3200015  0.30941668152809143
3700055  0.30941322445869446
11200032  0.30940040946006775
15500107  0.309397429227829
3700068  0.30939650535583496
18200114  0.30939438939094543
10800018  0.3093869984149933
10100027  0.30938398838043213
3000052  0.3093728721141815
3000025  0.30936577916145325
14800121  0.30936381220817566
14400050  0.3093573749065399
1500023  0.3093424439430237
12000041  0.3093380331993103
6600064  0.30932721495628357
15500037  0.30932676792144775
16500057  0.30931028723716736
13200070  0.309305340051651
13400038  0.30929651856422424
1800012  0.3092956840991974
17000098  0.3092947006225586
10800026  0.3092936873435974
5100039  0.3092819154262543
12900112  0.3092799782752991
15400075  0.30927878618240356
5000029  0.30927202105522156
13200046  0.3092714846134186
13300023  0.3092655837535858
8800033  0.3092626929283142
2000009  0.3092624843120575
17100069  0.3092571794986725
12000028  0.30924972891807556
8400026  0.309245228767395
11400019  0.30924516916275024
2900016  0.3092389702796936
15200049  0.3092382550239563
11600034  0.3092353045940399
15500154  0.309232622385025
15100034  0.3092319071292877
3100021  0.30922940373420715
8900026  0.3092276155948639
17300103  0.30922073125839233
6600028  0.3092156648635864
10800021  0.30920371413230896
9300062  0.3091936409473419
3300079  0.3091808259487152
10100018  0.3091789484024048
9700019  0.30917611718177795
13100031  0.30915722250938416
16700058  0.3091546297073364
7500015  0.3091488778591156
6500064  0.30914703011512756
3000093  0.3091456890106201
14000091  0.3091442286968231
15100035  0.30913883447647095
17500784  0.309129536151886
13200029  0.3091232180595398
8800041  0.3091212213039398
10100023  0.3091184198856354
12500032  0.3091147541999817
13200040  0.3091067969799042
18000060  0.3091021776199341
6600022  0.30909836292266846
13200037  0.30908268690109253
11300063  0.3090703785419464
7000016  0.3090682625770569
5000015  0.3090638220310211
3400016  0.30906128883361816
9300178  0.3090599477291107
18200115  0.30905234813690186
16300086  0.3090512156486511
3500014  0.3090510964393616
4400019  0.3090450167655945
12500086  0.30903586745262146
18000062  0.3090257942676544
9300055  0.3090246021747589
12900063  0.30901914834976196
16300074  0.3090059161186218
3700042  0.30900514125823975
12900074  0.3090050220489502
16500080  0.3089900016784668
15700152  0.30898240208625793
10300024  0.30897414684295654
18200130  0.30896738171577454
17300113  0.3089582324028015
3700062  0.3089320659637451
13100049  0.30892935395240784
16300097  0.3089269995689392
14200055  0.308925986289978
11200049  0.3089243173599243
15400033  0.30891117453575134
19902380  0.3089098036289215
13500073  0.3089085817337036
11200055  0.30890733003616333
17000061  0.30889779329299927
12300074  0.30888521671295166
15500048  0.30888256430625916
16700042  0.3088817298412323
3700016  0.3088761568069458
15400036  0.30885961651802063
14200050  0.30885955691337585
13200099  0.3088498115539551
4300020  0.30884572863578796
17500203  0.30884045362472534
7100035  0.3088398575782776
9500017  0.3088359236717224
8200018  0.3088216185569763
13500060  0.3088183104991913
2500017  0.30881810188293457
11300113  0.30881398916244507
12500080  0.30881139636039734
14200064  0.3088107109069824
10700022  0.30879729986190796
6100021  0.3087911009788513
17300065  0.3087911009788513
14200048  0.3087819516658783
12900117  0.30877190828323364
14200026  0.3087693750858307
15400059  0.3087497651576996
19400196  0.3087480664253235
16500061  0.30874624848365784
3700019  0.30874231457710266
17600067  0.3087363839149475
13200078  0.30873245000839233
17800078  0.3087254762649536
8000016  0.308712899684906
9600017  0.30870968103408813
6500018  0.30869799852371216
17000086  0.30869466066360474
2700025  0.3086842894554138
12100023  0.30867913365364075
12100032  0.30867257714271545
6600015  0.3086709678173065
14800027  0.3086581826210022
10100026  0.3086458444595337
1900020  0.30862942337989807
7600026  0.30861759185791016
11300105  0.30860310792922974
5700028  0.3085906207561493
15300038  0.30858397483825684
6500017  0.3085815906524658
6600049  0.30857834219932556
17000066  0.3085765838623047
4400016  0.3085762858390808
17000083  0.3085761070251465
15100042  0.3085753321647644
17000104  0.3085649907588959
9700023  0.30856382846832275
18200112  0.30856043100357056
6700016  0.3085513710975647
14200032  0.30854690074920654
15700133  0.3085342049598694
12300040  0.3085297644138336
13200027  0.30852949619293213
11300073  0.3085052967071533
14700059  0.3085031509399414
10200042  0.3084963858127594
14800165  0.308488667011261
4500040  0.30848589539527893
12300078  0.30848434567451477
13200041  0.30846449732780457
18200117  0.308462530374527
12900123  0.30846071243286133
15700151  0.30845314264297485
2000019  0.3084522783756256
15200051  0.308450311422348
15800040  0.30844995379447937
3300060  0.3084374666213989
6500025  0.30841752886772156
1200014  0.308414489030838
14800085  0.30841296911239624
13500057  0.3084125220775604
3300042  0.30841130018234253
12000039  0.30839428305625916
3200017  0.30838537216186523
17500516  0.308366596698761
11200053  0.30835822224617004
19901112  0.3083561062812805
5000016  0.3083506226539612
13100042  0.30833858251571655
4900014  0.3083204925060272
14200090  0.30831581354141235
14800134  0.3083060383796692
17000120  0.3082973062992096
17000107  0.30829325318336487
9300149  0.3082926273345947
14200044  0.30828508734703064
13100044  0.3082689642906189
12300035  0.3082583248615265
13800048  0.308255672454834
19901080  0.3082416355609894
5500019  0.3082413971424103
10200023  0.3082302510738373
13200042  0.3082241117954254
6600072  0.3082132935523987
14200043  0.30821216106414795
8000037  0.3082108795642853
8000018  0.308207631111145
12500066  0.3081935942173004
15200031  0.30818867683410645
16300098  0.30818673968315125
7600059  0.3081865608692169
18700668  0.30818483233451843
15200041  0.30818212032318115
3300081  0.30816975235939026
8900017  0.30815911293029785
15700034  0.30815520882606506
18200141  0.308147668838501
11200030  0.30813002586364746
15200029  0.30810415744781494
8800031  0.30810096859931946
12400045  0.30809929966926575
7600038  0.3080776333808899
14800039  0.3080770671367645
1200011  0.3080703616142273
12500035  0.3080672025680542
14100090  0.3080618381500244
13200034  0.30805009603500366
12300031  0.3080437183380127
19400185  0.3080238103866577
16400048  0.3080207109451294
11200024  0.3080204129219055
18200135  0.3080163300037384
13500035  0.3080115020275116
5000017  0.30801141262054443
15300033  0.3080013692378998
13200045  0.3079853653907776
6100015  0.3079839050769806
6600073  0.30798205733299255
3900021  0.3079686462879181
14800067  0.3079679310321808
6600060  0.3079652190208435
15700134  0.3079601228237152
10700019  0.30794236063957214
11200064  0.30793362855911255
10200035  0.30793052911758423
15000032  0.30791985988616943
14200114  0.30791762471199036
4200026  0.307902991771698
16300105  0.30790188908576965
18200090  0.3078981339931488
16500178  0.3078842759132385
12800022  0.3078787624835968
14200046  0.3078595995903015
11300104  0.30785226821899414
13500100  0.30780935287475586
13500062  0.3077923655509949
8100018  0.30778634548187256
11500029  0.307785302400589
1600012  0.3077852725982666
15000028  0.30777087807655334
8000028  0.30777063965797424
9000040  0.307766318321228
7600015  0.30776455998420715
14800182  0.3077639937400818
16300047  0.30776193737983704
11300022  0.30775320529937744
16900066  0.30775097012519836
13500094  0.3077470064163208
17000068  0.3077446222305298
15400050  0.30774399638175964
17600091  0.3077286183834076
13500090  0.3077015280723572
6600065  0.30769532918930054
17000119  0.30769315361976624
14300027  0.30767929553985596
4100013  0.30767008662223816
6500045  0.3076692819595337
13500056  0.3076520264148712
5300044  0.30765074491500854
13500025  0.30764341354370117
9900023  0.3076421022415161
4100017  0.30764085054397583
1500033  0.30763036012649536
14800186  0.30760273337364197
16300048  0.3075788915157318
16900043  0.3075582981109619
7600030  0.3075438141822815
15400065  0.30752697587013245
11400021  0.30751878023147583
17300095  0.3075052499771118
17000124  0.30749383568763733
8400017  0.3074880540370941
5300046  0.30748626589775085
16300049  0.307484894990921
11300109  0.3074643909931183
15700124  0.3074624836444855
18200121  0.3074606955051422
14200073  0.3074566125869751
16000055  0.3074420988559723
6600024  0.3074367642402649
16900163  0.3074367344379425
4300018  0.30743494629859924
5000023  0.30742326378822327
4300013  0.30741527676582336
3300074  0.3074088394641876
13500075  0.30740436911582947
3300075  0.3073985278606415
11700039  0.3073802888393402
3300082  0.3073767423629761
11300106  0.3073714077472687
17100051  0.30737030506134033
1100005  0.30736106634140015
16300045  0.30734339356422424
15100041  0.307329922914505
12300027  0.3073257803916931
2400027  0.3073204755783081
12500047  0.30731162428855896
13000055  0.30731067061424255
3100014  0.30729031562805176
18200103  0.30728569626808167
15200058  0.30725234746932983
13000059  0.30723655223846436
12500048  0.3071904182434082
5000021  0.3071868121623993
11300054  0.30716121196746826
17800075  0.30713629722595215
12500022  0.307119220495224
12900090  0.307110458612442
12300052  0.3071015477180481
1900012  0.307097464799881
13600024  0.3070926368236542
13500071  0.3070802092552185
3500025  0.30704715847969055
14200059  0.3070359230041504
7600035  0.3070307672023773
17600058  0.3070051372051239
11300021  0.3069722056388855
15700132  0.3069719076156616
14200049  0.30696597695350647
16400050  0.3069625198841095
17600055  0.3069581389427185
19901125  0.30693942308425903
16300052  0.3069264888763428
2400011  0.30692315101623535
5000020  0.3069193661212921
5700025  0.30686888098716736
15200030  0.3068646192550659
11300117  0.3068622052669525
1100007  0.3068436086177826
7800033  0.3068416714668274
4100016  0.30683910846710205
8800021  0.3068314790725708
11700020  0.3068119287490845
3200020  0.30678504705429077
17000095  0.30678054690361023
16200038  0.3067733943462372
10700021  0.3067623972892761
11700032  0.30670639872550964
18200102  0.30668625235557556
14200102  0.3066798448562622
14300043  0.30667808651924133
17300107  0.3066542148590088
15400058  0.30665141344070435
19901069  0.3066364526748657
6600061  0.3066363036632538
16000040  0.30662500858306885
13600031  0.3066209554672241
5300041  0.30662062764167786
17000113  0.30661284923553467
4300016  0.306608110666275
15200040  0.306606650352478
15500052  0.30659544467926025
14800161  0.30659219622612
13000032  0.3065878450870514
10700024  0.306582510471344
13000038  0.3065812289714813
3300073  0.3065705895423889
15300030  0.30656394362449646
3200016  0.30655136704444885
12300024  0.3065487742424011
2500022  0.3065401613712311
2300012  0.3065364956855774
16300093  0.3065285384654999
17100048  0.3065248429775238
12500057  0.3065231144428253
18200109  0.3064579665660858
16400074  0.3063987195491791
15400035  0.3063911199569702
13600025  0.3063875138759613
17600068  0.3063754737377167
11300019  0.30636972188949585
14200077  0.3063158094882965
2800017  0.3063111901283264
19400195  0.306294322013855
16500043  0.30627721548080444
8000017  0.3062463104724884
13000031  0.30623987317085266
13000037  0.3062218725681305
11200031  0.30617091059684753
3000013  0.3061586320400238
1800008  0.3061528503894806
17300084  0.3061229884624481
13500095  0.30611616373062134
13500077  0.30610135197639465
14200031  0.30608439445495605
14100062  0.30606216192245483
5000014  0.30605781078338623
18300064  0.306024432182312
17300056  0.30602309107780457
18200095  0.3060198128223419
15400034  0.30601003766059875
13000047  0.305977463722229
19901378  0.30593356490135193
2400017  0.30584466457366943
11300081  0.3058357238769531
8000020  0.30572566390037537
5600019  0.3057158589363098
4100021  0.30569568276405334
13500068  0.30564084649086
1100013  0.30562105774879456
17800068  0.30561864376068115
19901246  0.3056177496910095
13000029  0.30555257201194763
11200044  0.305542528629303
14100078  0.3055102229118347
15700156  0.30548301339149475
17600065  0.30540910363197327
13000022  0.3054071366786957
13500097  0.3054032325744629
14100043  0.305359423160553
19400176  0.3053525388240814
13000040  0.30534449219703674
17000101  0.30530890822410583
12500034  0.3053036630153656
7800052  0.30527639389038086
14800108  0.3052481710910797
17000067  0.3052409887313843
14100034  0.30523747205734253
11200040  0.3052339553833008
17600082  0.3051903545856476
17000090  0.3051801323890686
8500016  0.3050589859485626
4900017  0.30504894256591797
7800046  0.304967999458313
14100071  0.3049613833427429
8800017  0.30494046211242676
7800064  0.3049153685569763
7800017  0.3048156201839447
1500009  0.3047385513782501
5600016  0.3047078847885132
2800016  0.30470046401023865
1500007  0.30468499660491943
15800033  0.30468079447746277
7800024  0.30466827750205994
14800168  0.3046319782733917
16000036  0.3043753206729889
11100019  0.3043375611305237
4600013  0.304280549287796
14100076  0.30425792932510376
16300040  0.3042076826095581
14100052  0.3041898012161255
1000005  0.30418312549591064
14100026  0.3041577637195587
12300022  0.3041246831417084
1500012  0.30398330092430115
11300116  0.3039820194244385
1500015  0.3039643466472626
13000039  0.30390051007270813
5000030  0.3038425147533417
17300057  0.30378130078315735
7600039  0.3036866784095764
13000034  0.30365481972694397
7800055  0.30352821946144104
2800020  0.30325451493263245
7800059  0.30315443873405457
2500019  0.3031531870365143
5600015  0.30299562215805054
14100077  0.30288612842559814
17800072  0.30283230543136597
7800025  0.30261003971099854
16500044  0.302560418844223
7800018  0.3024744391441345
6600018  0.3024444580078125
7800047  0.3024305999279022
5600014  0.3022002577781677
7800058  0.30206412076950073
2500023  0.30196574330329895
2300009  0.3019242286682129
17800056  0.30181723833084106
5600039  0.3014875054359436
7800016  0.30114856362342834
15300031  0.30109307169914246
17300053  0.30060723423957825
17000047  0.29729244112968445
17000074  0.2951172888278961
19400170  0.29510048031806946
17000065  0.2947345972061157
17000071  0.2946659028530121
17000073  0.29441964626312256
17000072  0.29415056109428406
17000046  0.2937241494655609
17000064  0.2930392026901245
19400169  0.29237186908721924
2500029  0.2923404574394226
2500031  0.29192763566970825
6900024  0.2918994426727295
19400172  0.2915092706680298
2500030  0.289922297000885
6900021  0.28954946994781494
6900029  0.28952404856681824
6900020  0.2891968786716461
6900018  0.28902167081832886
19400171  0.28896820545196533
2500009  0.28877267241477966
6900017  0.2884490489959717
2500011  0.28737014532089233
6900019  0.28700321912765503
6900015  0.2867318391799927
