Chart-1	35	212	237	2406	47	35	35	35	
Chart-2	137	108	43	302	134	92	92	92	
Chart-3	4	97	17	477	4	4	4	4	
Chart-4	20	353	185	20	53	176	182	697	
Chart-5	6	28	5	204	16	6	6	6	
Chart-6	7	7	6	42	109	48	48	95	
Chart-7	70	72	43	320	83	70	70	70	
Chart-8	1	9	2	53	1	1	1	1	
Chart-9	14	192	93	868	33	14	14	14	
Chart-11	5	5	5	46	6	5	5	5	
Chart-12	6	14	944	2491	6	6	6	6	
Chart-15	34	552	884	5451	34	34	34	34	
Chart-16	1	14	1	1	1	1	1	2	
Chart-17	2	63	36	541	2	2	2	2	
Chart-20	5	1	1	126	5	5	5	5	
Chart-21	6	68	18	101	6	6	6	6	
Chart-22	57	61	55	56	55	47	8	11	
Chart-25	3133	3267	3116	3133	2964	3133	2964	163	
Chart-26	134	371	1445	134	134	134	134	667	
Lang-1	3	33	21	153	3	3	3	3	
Lang-2	4	9	2	44	11	4	4	4	
Lang-3	12	43	34	93	30	12	12	12	
Lang-4	5	2	5	12	5	5	5	5	
Lang-5	6	12	5	36	13	6	6	6	
Lang-6	98	16	32	45	98	98	98	98	
Lang-7	121	138	15	237	139	121	121	121	
Lang-9	61	38	230	500	62	63	63	76	
Lang-10	60	58	60	451	73	68	68	69	
Lang-12	4	4	4	4	5	4	5	5	
Lang-14	4	5	4	608	5	4	4	4	
Lang-15	12	183	9	12	12	12	143	216	
Lang-16	27	22	34	443	45	27	27	27	
Lang-17	105	33	105	2	10	105	105	105	
Lang-18	3	44	82	41	3	3	3	3	
Lang-19	6	14	6	31	22	6	8	7	
Lang-20	27	28	8	1228	27	8	8	8	
Lang-22	14	22	14	25	35	30	30	32	
Lang-26	7	116	1	189	394	7	7	7	
Lang-27	127	146	49	481	145	127	127	127	
Lang-28	3	30	11	53	12	3	3	3	
Lang-30	25	25	25	6	6	3	3	5	
Lang-31	4	5	7	136	4	4	4	6	
Lang-32	4	3	3	2	4	4	4	4	
Lang-34	1	105	1	1	212	49	49	124	
Lang-36	42	37	23	60	42	42	42	93	
Lang-37	6	25	8	947	25	6	6	6	
Lang-39	27	26	35	1085	27	27	27	27	
Lang-40	2	4	10	1073	2	2	2	2	
Lang-41	38	38	5	35	38	6	6	6	
Lang-42	13	53	52	403	13	13	13	13	
Lang-44	3	3	3	154	3	3	3	3	
Lang-46	1	3	1	44	1	1	1	1	
Lang-47	35	35	91	961	35	5	5	5	
Lang-48	2	9	2	5	6	2	2	2	
Lang-50	134	141	42	135	115	15	8	2	
Lang-53	198	123	39	9	123	123	115	115	
Lang-54	11	15	10	72	18	11	11	11	
Lang-55	18	14	18	30	14	18	18	18	
Lang-59	6	12	6	880	6	6	6	6	
Lang-60	2	49	179	331	2	2	2	2	
Lang-61	8	49	16	541	8	8	21	21	
Lang-62	163	157	109	163	157	157	152	152	
Lang-63	21	25	24	110	21	21	21	21	
Lang-64	1	36	4	138	3	1	1	1	
Lang-65	7	9	2	144	9	7	7	7	
Math-1	361	407	742	1083	44	16	16	11	
Math-2	38	34	1	393	103	38	38	38	
Math-6	63	23	100	63	16	207	184	53	
Math-7	37	358	397	1114	81	37	37	37	
Math-11	31	35	3	910	400	31	31	31	
Math-13	202	177	7264	130	140	202	202	202	
Math-14	92	98	893	72	92	92	92	92	
Math-15	43	13	343	13	43	43	43	43	
Math-16	2	591	993	1	2	2	2	1	
Math-17	82	480	26	722	672	82	82	82	
Math-21	42	115	66	63	80	42	42	47	
Math-23	150	243	106	74	245	150	150	150	
Math-24	145	101	145	159	135	145	145	145	
Math-26	38	42	13	503	101	38	38	38	
Math-27	1	28	106	294	1	1	1	1	
Math-28	12	209	7	306	12	12	12	12	
Math-29	197	198	125	161	159	6	6	6	
Math-30	28	266	25	2469	266	28	28	28	
Math-31	29	35	6	364	262	95	125	194	
Math-33	22	103	21	374	264	22	22	22	
Math-34	3	15	18	147	3	3	3	3	
Math-35	9	14	9	9	8	9	9	8	
Math-36	355	355	37	35	355	1	1	1	
Math-37	247	247	238	452	230	12	5	3	
Math-40	33	97	108	471	61	33	33	33	
Math-41	35	84	331	1841	35	35	35	35	
Math-42	74	319	74	510	260	74	74	74	
Math-43	45	125	45	45	126	47	67	75	
Math-44	44	111	332	197	88	44	44	44	
Math-45	2	7	127	964	2	2	2	2	
Math-46	1	16	7	651	1	1	1	2	
Math-47	2	14	6	287	2	2	2	9	
Math-48	38	680	321	1073	71	38	38	38	
Math-49	7	412	131	1428	9	7	7	7	
Math-50	1	62	4	1029	1	1	1	1	
Math-52	22	368	27	892	308	22	22	22	
Math-53	2	13	7	124	13	2	2	2	
Math-54	8	500	30	2160	599	8	8	8	
Math-55	1	23	4	525	16	1	1	1	
Math-57	332	332	332	2511	2510	332	332	332	
Math-58	45	56	54	46	45	45	45	45	
Math-62	325	325	325	2061	2059	325	325	325	
Math-64	24	31	5	24	69	24	24	25	
Math-65	4	235	54	442	4	4	4	4	
Math-66	9	6	9	9	10	10	10	519	
Math-68	32	12	32	32	11	32	32	32	
Math-69	12	17	10	13	14	12	12	12	
Math-74	848	970	837	232	855	848	848	848	
Math-76	59	91	87	59	59	59	59	59	
Math-79	29	3	22	441	29	29	29	29	
Math-81	19	144	324	297	19	19	19	19	
Math-82	208	207	208	1958	1949	208	208	208	
Math-83	197	196	197	1865	1863	197	197	197	
Math-84	78	78	78	78	52	78	101	106	
Math-85	91	110	15	174	91	91	91	91	
Math-86	75	75	75	75	1376	75	171	177	
Math-87	220	137	220	1903	1872	220	220	220	
Math-88	1	208	25	229	1	1	1	1	
Math-89	1	4	1	97	4	1	1	1	
Math-90	6	4	6	81	4	6	6	6	
Math-92	2	14	5	37	2	2	2	2	
Math-93	2	2	30	114	3	2	2	2	
Math-94	6	1	1	38	6	6	6	6	
Math-95	9	49	12	234	13	9	9	9	
Math-96	3	14	10	57	12	3	3	3	
Math-97	1	9	7	77	1	1	1	1	
Math-98	4	27	39	774	4	4	4	4	
Math-99	27	24	23	44	27	4	4	4	
Math-100	3	142	175	275	3	3	3	3	
Math-101	9	36	7	91	32	9	9	9	
Math-103	32	40	2	81	71	32	32	32	
Math-105	25	25	65	37	25	25	25	25	
Mockito-2	3	1	3	3	39	3	3	8	
Mockito-3	1	460	126	1	1	1	1	3	
Mockito-5	3197	2914	863	1439	2914	2914	1293	1293	
Mockito-6	856	861	345	1646	829	2	1	1	
Mockito-9	517	433	575	168	81	534	534	534	
Mockito-10	11	402	326	87	64	11	11	11	
Mockito-11	1	17	76	666	1	1	1	1	
Mockito-12	5	5	5	5	2	2	2	2	
Mockito-13	71	507	69	374	355	71	71	71	
Mockito-14	90	489	82	66	71	90	90	90	
Mockito-16	8	327	324	166	8	8	8	8	
Mockito-17	4	19	7	73	65	4	4	4	
Mockito-18	9	247	9	372	264	9	9	9	
Mockito-20	32	124	129	32	355	68	78	155	
Mockito-21	1	8	3	244	2	1	1	1	
Mockito-22	11	2	4	322	211	11	11	11	
Mockito-23	5	555	296	89	34	5	5	5	
Mockito-24	1	525	691	2407	1	1	1	1	
Mockito-25	46	417	67	46	46	61	62	73	
Mockito-26	29	34	636	1238	435	113	126	221	
Mockito-27	228	484	453	994	225	12	12	12	
Mockito-28	453	420	453	836	796	453	453	453	
Mockito-29	1350	1007	752	805	1007	1007	767	767	
Mockito-32	2	347	535	24	24	2	2	2	
Mockito-33	55	339	55	537	477	83	83	185	
Mockito-34	26	281	14	743	362	48	48	52	
Mockito-35	423	426	112	957	372	1	1	4	
Mockito-36	13	219	705	324	229	29	29	98	
Mockito-37	2	31	2	603	361	3	3	3	
Mockito-38	1240	811	322	664	811	811	655	655	
Time-1	3	134	673	1908	3	3	3	3	
Time-2	3	279	918	2147	3	3	3	3	
Time-3	1	775	725	136	191	1	1	1	
Time-4	29	675	1031	3235	447	29	29	29	
Time-5	2	63	346	1735	192	2	26	68	
Time-7	14	383	1749	5350	204	14	14	14	
Time-8	27	69	945	1548	27	27	27	27	
Time-9	3	67	942	1585	3	3	3	3	
Time-10	188	411	446	3224	378	191	194	200	
Time-11	398	300	388	1749	1193	398	398	398	
Time-12	1532	1533	1065	2541	1235	20	3	2	
Time-14	2	1490	999	2	2	3	3	5	
Time-15	2	2	59	115	2	2	2	2	
Time-17	1	488	1842	3188	1	1	1	1	
Time-18	3	569	831	2052	193	3	3	3	
Time-19	153	93	253	1455	415	153	153	153	
Time-21	1	541	733	2495	1	1	1	6	
Time-22	15	248	325	2386	205	16	16	16	
Time-23	15	83	358	1227	109	15	15	15	
Time-27	204	1220	35	1265	438	204	204	204	
