Chart-1	35.0	212.0	237.0	2406.0	47.0	35.0	35.0	35.0	
Chart-2	522.6	240.2	220.1	434.2	254.3	228.8	202.6	202.6	
Chart-3	4.0	97.0	17.0	477.0	4.0	4.0	4.0	4.0	
Chart-4	2936.6666666666665	4712.333333333333	6122.0	6144.666666666667	4718.0	4759.0	6306.333333333333	6455.0	
Chart-5	34.333333333333336	81.0	69.66666666666667	219.66666666666666	73.0	66.33333333333333	88.0	88.0	
Chart-6	7.0	7.0	6.0	42.0	109.0	48.0	48.0	95.0	
Chart-7	70.5	72.5	43.5	320.5	83.5	70.5	70.5	70.5	
Chart-8	1.0	9.0	2.0	53.0	1.0	1.0	1.0	1.0	
Chart-9	14.0	192.0	93.0	868.0	33.0	14.0	14.0	14.0	
Chart-11	5.0	5.0	5.0	46.0	6.0	5.0	5.0	5.0	
Chart-12	6.0	14.0	944.0	2491.0	6.0	6.0	6.0	6.0	
Chart-15	5100.666666666667	3757.0	3722.6666666666665	5963.333333333333	3584.3333333333335	3584.3333333333335	2346.6666666666665	2346.6666666666665	
Chart-16	14.0	22.666666666666668	14.666666666666666	36.333333333333336	14.0	14.0	13.0	7.0	
Chart-17	2.0	63.0	36.0	541.0	2.0	2.0	2.0	2.0	
Chart-20	5.0	1.0	1.0	126.0	5.0	5.0	5.0	5.0	
Chart-21	38.25	85.0	44.25	206.75	53.25	38.25	38.25	38.25	
Chart-22	73.0	78.8	73.6	106.8	73.4	68.6	56.8	27.2	
Chart-25	3241.6	3307.1	3234.6	3241.6	3157.1	3241.6	3157.1	1671.6	
Chart-26	10202.0	4350.5	3456.5	2061.0	4232.0	4232.0	3173.5	3440.0	
Lang-1	4.0	34.0	22.0	154.0	4.0	4.0	4.0	4.0	
Lang-2	4.0	9.0	2.0	44.0	11.0	4.0	4.0	4.0	
Lang-3	1173.25	118.25	123.0	190.0	115.0	110.5	102.25	102.25	
Lang-4	9.75	8.5	9.75	39.25	37.5	9.75	9.75	9.75	
Lang-5	29.5	25.5	19.0	47.0	26.0	22.5	18.5	18.5	
Lang-6	98.0	16.0	32.0	45.0	98.0	98.0	98.0	98.0	
Lang-7	448.0	451.8	84.6	663.6	464.4	450.0	179.0	179.0	
Lang-9	61.0	38.0	230.0	500.0	62.0	63.0	63.0	76.0	
Lang-10	63.666666666666664	62.166666666666664	126.66666666666667	478.1666666666667	98.16666666666667	71.66666666666667	71.66666666666667	79.16666666666667	
Lang-12	11.25	10.75	10.5	13.5	11.5	10.75	11.25	11.25	
Lang-14	4.0	5.0	4.0	608.0	5.0	4.0	4.0	4.0	
Lang-15	311.25	270.75	159.75	1492.5	311.25	311.25	344.0	220.75	
Lang-16	27.0	22.0	34.0	443.0	45.0	27.0	27.0	27.0	
Lang-17	767.5714285714286	666.5714285714286	1087.2857142857142	15.0	661.8571428571429	701.8571428571429	135.0	135.0	
Lang-18	105.5	45.5	263.0	127.0	45.5	105.5	105.5	105.5	
Lang-19	23.75	31.5	13.5	36.75	33.5	28.5	27.25	20.75	
Lang-20	35.5	36.0	20.5	1250.5	35.5	16.5	16.5	16.5	
Lang-22	14.0	22.0	14.0	25.0	35.0	30.0	30.0	32.0	
Lang-26	7.0	116.0	1.0	189.0	394.0	7.0	7.0	7.0	
Lang-27	129.0	148.5	51.0	483.0	147.0	129.0	129.0	129.0	
Lang-28	3.5	30.5	11.5	53.5	12.5	3.5	3.5	3.5	
Lang-30	140.11764705882354	115.82352941176471	82.23529411764706	544.0588235294117	105.88235294117646	104.94117647058823	86.58823529411765	85.58823529411765	
Lang-31	6.333333333333333	7.333333333333333	9.333333333333334	138.33333333333334	6.333333333333333	6.333333333333333	6.333333333333333	8.333333333333334	
Lang-32	32.75	16.5	317.0	61.0	17.0	32.75	32.75	32.75	
Lang-34	2.0	106.0	2.0	2.0	213.0	50.0	50.0	125.0	
Lang-36	118.33333333333333	116.66666666666667	164.0	325.0	118.33333333333333	106.33333333333333	103.0	99.0	
Lang-37	6.5	25.5	8.5	947.5	25.5	6.5	6.5	6.5	
Lang-39	27.0	26.0	35.0	1085.0	27.0	27.0	27.0	27.0	
Lang-40	2.0	4.0	10.0	1073.0	2.0	2.0	2.0	2.0	
Lang-41	47.6	46.6	33.6	108.2	46.0	33.2	33.2	20.4	
Lang-42	14.5	54.5	54.5	414.5	14.5	14.5	14.5	14.5	
Lang-44	3.0	3.0	3.0	154.0	3.0	3.0	3.0	3.0	
Lang-46	50.333333333333336	27.0	36.22222222222222	110.22222222222223	26.77777777777778	25.666666666666668	26.666666666666668	26.666666666666668	
Lang-47	37.0	37.0	93.0	963.0	37.0	7.0	7.0	7.0	
Lang-48	78.33333333333333	26.333333333333332	53.0	32.666666666666664	25.666666666666668	23.0	17.666666666666668	17.666666666666668	
Lang-50	155.6	151.4	60.8	215.8	138.6	36.6	32.4	26.0	
Lang-53	202.75	125.0	43.75	11.25	125.0	125.0	117.0	117.0	
Lang-54	11.0	15.0	10.0	72.0	18.0	11.0	11.0	11.0	
Lang-55	18.5	14.5	18.5	30.5	14.5	18.5	18.5	18.5	
Lang-59	6.0	12.0	6.0	880.0	6.0	6.0	6.0	6.0	
Lang-60	330.0	320.5	249.0	633.0	297.0	297.0	290.5	290.5	
Lang-61	8.0	49.0	16.0	541.0	8.0	8.0	21.0	21.0	
Lang-62	200.0	183.0	155.5	216.5	183.0	183.0	178.0	178.0	
Lang-63	41.31578947368421	49.89473684210526	44.1578947368421	217.6315789473684	42.421052631578945	41.31578947368421	41.31578947368421	41.31578947368421	
Lang-64	550.5	612.0	51.5	664.5	595.5	594.5	70.0	70.0	
Lang-65	40.25	64.25	87.75	161.0	64.25	63.25	91.25	91.25	
Math-1	363.5	438.0	744.5	1101.5	46.5	18.5	18.5	13.5	
Math-2	38.0	34.0	1.0	393.0	103.0	38.0	38.0	38.0	
Math-6	2306.8823529411766	1893.5294117647059	1995.7058823529412	2185.823529411765	1918.4705882352941	2020.0	1965.0588235294117	1755.0	
Math-7	1445.111111111111	1514.111111111111	796.6666666666666	1258.0	1407.0	1387.4444444444443	683.0	683.0	
Math-11	31.0	35.0	3.0	910.0	400.0	31.0	31.0	31.0	
Math-13	3800.5	3233.0	7331.5	467.5	3214.5	3245.5	680.5	680.5	
Math-14	5455.0	1812.3333333333333	5571.0	166.16666666666666	1809.6666666666667	1811.3333333333333	535.8333333333334	535.8333333333334	
Math-15	419.5	62.5	1603.0	261.0	361.5	419.5	419.5	419.5	
Math-16	1213.4444444444443	983.6666666666666	1512.7777777777778	1437.0	921.6666666666666	766.5555555555555	710.5555555555555	639.3333333333334	
Math-17	82.0	480.0	26.0	722.0	672.0	82.0	82.0	82.0	
Math-21	54.36363636363637	127.36363636363636	78.36363636363636	75.36363636363636	92.36363636363636	54.36363636363637	55.27272727272727	59.36363636363637	
Math-23	601.1666666666666	622.1666666666666	257.5	539.3333333333334	622.5	600.5	265.1666666666667	265.1666666666667	
Math-24	232.0	212.5	232.0	170.5	146.5	234.5	246.5	246.5	
Math-26	43.0	51.5	21.0	512.0	106.0	43.0	43.0	43.0	
Math-27	1.0	28.0	106.0	294.0	1.0	1.0	1.0	1.0	
Math-28	47.0	218.6	55.4	1509.8	95.0	47.0	47.0	47.0	
Math-29	200.6	202.4	145.4	2208.6	188.2	92.8	52.0	8.8	
Math-30	28.0	266.0	25.0	2469.0	266.0	28.0	28.0	28.0	
Math-31	1335.7586206896551	585.448275862069	425.7586206896552	677.2068965517242	680.0	631.4137931034483	530.9655172413793	545.7586206896551	
Math-33	22.0	103.0	21.0	374.0	264.0	22.0	22.0	22.0	
Math-34	3.0	15.0	18.0	147.0	3.0	3.0	3.0	3.0	
Math-35	13.0	15.5	13.0	198.0	12.5	13.0	13.0	12.5	
Math-36	356.5	356.5	38.5	276.0	356.5	179.5	179.5	20.5	
Math-37	463.8	538.2	339.8	518.0	526.4	363.6	153.4	149.8	
Math-40	854.0	1000.5	273.0	497.0	982.5	968.5	295.0	295.0	
Math-41	35.0	84.0	331.0	1841.0	35.0	35.0	35.0	35.0	
Math-42	74.5	319.5	74.5	510.5	260.5	74.5	74.5	74.5	
Math-43	46.0	126.0	46.0	46.0	127.0	48.0	68.0	76.0	
Math-44	1035.0	376.0	801.6666666666666	805.6666666666666	473.6666666666667	524.6666666666666	515.3333333333334	515.3333333333334	
Math-45	2.0	7.0	127.0	964.0	2.0	2.0	2.0	2.0	
Math-46	1059.5	198.5	432.5	755.5	191.0	191.0	190.0	190.5	
Math-47	986.0	1037.2	426.8	451.2	1031.6	1051.2	325.6	387.2	
Math-48	38.0	680.0	321.0	1073.0	71.0	38.0	38.0	38.0	
Math-49	1419.0	2120.0	1854.75	2543.75	2019.25	2018.75	1809.25	1809.25	
Math-50	2.0	63.0	14.333333333333334	1032.3333333333333	14.333333333333334	2.0	2.0	2.0	
Math-52	1563.6666666666667	1872.3333333333333	362.6666666666667	1553.3333333333333	1852.3333333333333	1757.0	555.6666666666666	555.6666666666666	
Math-53	2.0	13.0	7.0	124.0	13.0	2.0	2.0	2.0	
Math-54	642.5	1462.5	1113.0	2473.5	1512.0	1216.5	1397.5	1397.5	
Math-55	802.5	1001.5	239.5	677.5	998.0	990.5	387.5	387.5	
Math-57	332.0	332.0	332.0	2511.0	2510.0	332.0	332.0	332.0	
Math-58	45.0	56.0	54.0	46.0	45.0	45.0	45.0	45.0	
Math-62	328.75	328.75	328.75	2064.75	2062.75	328.75	328.75	328.75	
Math-64	265.07142857142856	191.28571428571428	207.21428571428572	172.78571428571428	219.35714285714286	253.28571428571428	210.64285714285714	210.78571428571428	
Math-65	134.83333333333334	238.0	57.333333333333336	468.1666666666667	342.3333333333333	134.83333333333334	134.83333333333334	134.83333333333334	
Math-66	113.17647058823529	110.94117647058823	113.17647058823529	113.17647058823529	110.23529411764706	114.0	131.58823529411765	563.2941176470588	
Math-68	233.57142857142858	145.14285714285714	199.57142857142858	164.85714285714286	155.71428571428572	225.0	200.57142857142858	200.57142857142858	
Math-69	12.0	17.0	10.0	13.0	14.0	12.0	12.0	12.0	
Math-74	1667.2	1696.8	950.8	309.6	1698.0	1662.8	1006.0	1006.0	
Math-76	1117.5714285714287	1131.2857142857142	1281.857142857143	1296.4285714285713	1088.2142857142858	1109.357142857143	1261.7142857142858	1247.4285714285713	
Math-79	30.0	4.0	23.0	442.0	30.0	30.0	30.0	30.0	
Math-81	1541.75	1664.5	2659.25	1661.25	1543.25	1633.75	1702.25	1702.25	
Math-82	208.0	207.0	208.0	1958.0	1949.0	208.0	208.0	208.0	
Math-83	212.33333333333334	211.33333333333334	212.33333333333334	1881.0	1879.0	212.33333333333334	212.33333333333334	212.33333333333334	
Math-84	102.66666666666667	102.0	102.66666666666667	108.33333333333333	151.33333333333334	102.66666666666667	118.0	121.33333333333333	
Math-85	91.0	110.0	15.0	174.0	91.0	91.0	91.0	91.0	
Math-86	511.3333333333333	518.0	525.0	525.0	1380.3333333333333	518.0	589.0	593.0	
Math-87	631.25	580.0	631.25	1904.5	1873.5	642.25	650.0	650.0	
Math-88	24.571428571428573	211.0	39.714285714285715	1410.5714285714287	108.57142857142857	24.571428571428573	24.571428571428573	24.571428571428573	
Math-89	13.0	15.0	11.0	102.0	15.0	13.5	13.5	13.5	
Math-90	6.0	4.0	6.0	81.0	4.0	6.0	6.0	6.0	
Math-92	43.714285714285715	24.857142857142858	47.285714285714285	117.28571428571429	20.571428571428573	20.0	18.714285714285715	18.714285714285715	
Math-93	11.0	17.8	50.2	187.0	18.2	17.4	16.4	16.4	
Math-94	6.0	1.0	1.0	38.0	6.0	6.0	6.0	6.0	
Math-95	10.0	50.0	13.0	235.0	14.0	10.0	10.0	10.0	
Math-96	3.0	14.0	10.0	57.0	12.0	3.0	3.0	3.0	
Math-97	9.25	10.5	18.0	91.25	9.25	9.25	9.25	9.25	
Math-98	8.5	40.5	43.5	778.5	8.5	8.5	8.5	8.5	
Math-99	29.0	26.0	51.5	108.5	29.0	17.0	17.0	17.0	
Math-100	379.6666666666667	448.3333333333333	333.6666666666667	393.6666666666667	402.0	402.0	298.6666666666667	298.6666666666667	
Math-101	9.0	36.0	7.0	91.0	32.0	9.0	9.0	9.0	
Math-103	32.0	40.0	2.0	81.0	71.0	32.0	32.0	32.0	
Math-105	25.0	25.0	65.0	37.0	25.0	25.0	25.0	25.0	
Mockito-2	413.3333333333333	100.66666666666667	37.333333333333336	120.0	209.33333333333334	101.66666666666667	101.66666666666667	110.0	
Mockito-3	462.6	906.6	650.6	927.4	658.0	640.4	590.2	513.8	
Mockito-5	3197.0	2914.0	863.0	1439.0	2914.0	2914.0	1293.0	1293.0	
Mockito-6	1014.4	1295.75	1166.15	2085.85	1283.3	828.1	722.35	630.3	
Mockito-9	1100.0	944.0	1381.5	676.0	768.0	994.5	932.5	932.5	
Mockito-10	522.1666666666666	695.6666666666666	622.3333333333334	851.3333333333334	479.1666666666667	502.8333333333333	463.8333333333333	463.8333333333333	
Mockito-11	123.5	141.0	310.5	735.5	133.0	133.0	403.0	403.0	
Mockito-12	76.0	73.0	76.0	76.0	71.5	74.5	74.5	74.5	
Mockito-13	630.0	771.6666666666666	316.0	540.6666666666666	727.6666666666666	545.0	506.6666666666667	506.6666666666667	
Mockito-14	529.4	639.2	619.6	396.0	443.6	487.0	463.0	463.0	
Mockito-16	371.8333333333333	492.3333333333333	823.1666666666666	391.5	332.6666666666667	411.8333333333333	373.0	373.0	
Mockito-17	272.0	148.6	719.2	263.2	149.6	121.6	117.6	117.6	
Mockito-18	9.0	247.0	9.0	372.0	264.0	9.0	9.0	9.0	
Mockito-20	536.5	719.0	1053.0	1019.5	834.5	691.0	1042.5	1081.0	
Mockito-21	184.2	53.6	12.6	279.8	48.8	48.0	47.6	47.6	
Mockito-22	11.0	2.0	4.0	322.0	211.0	11.0	11.0	11.0	
Mockito-23	143.33333333333334	563.7777777777778	645.4444444444445	1070.888888888889	67.22222222222223	143.33333333333334	143.33333333333334	143.33333333333334	
Mockito-24	1.0	525.0	691.0	2407.0	1.0	1.0	1.0	1.0	
Mockito-25	119.83333333333333	423.8333333333333	568.3333333333334	333.8333333333333	67.83333333333333	137.5	138.33333333333334	150.5	
Mockito-26	29.0	34.0	636.0	1238.0	435.0	113.0	126.0	221.0	
Mockito-27	228.5	484.5	453.5	994.5	225.5	12.5	12.5	12.5	
Mockito-28	453.0	420.0	453.0	836.0	796.0	453.0	453.0	453.0	
Mockito-29	1350.0	1007.0	752.0	805.0	1007.0	1007.0	767.0	767.0	
Mockito-32	331.5	352.0	1035.0	606.5	47.0	331.5	331.5	331.5	
Mockito-33	55.0	339.0	55.0	537.0	477.0	83.0	83.0	185.0	
Mockito-34	26.0	281.0	14.0	743.0	362.0	48.0	48.0	52.0	
Mockito-35	428.3333333333333	429.0	378.3333333333333	1088.3333333333333	410.0	22.666666666666668	14.0	6.333333333333333	
Mockito-36	775.5	1053.5	890.0	673.0	1058.0	958.5	896.0	930.5	
Mockito-37	484.0	279.0	170.0	668.0	444.0	265.0	254.0	254.0	
Mockito-38	1240.0	811.0	322.0	664.0	811.0	811.0	655.0	655.0	
Time-1	336.4	754.2	1138.4	2662.6	314.0	314.0	298.8	298.8	
Time-2	1236.3333333333333	1609.6666666666667	1965.0	3684.0	1308.3333333333333	1308.3333333333333	1215.3333333333333	1215.3333333333333	
Time-3	2528.7	2336.2	2082.0	3692.5	2275.5	1371.2	1181.1	1179.2	
Time-4	29.0	675.0	1031.0	3235.0	447.0	29.0	29.0	29.0	
Time-5	1081.8333333333333	551.8333333333334	682.0	1891.0	638.8333333333334	512.1666666666666	515.8333333333334	543.8333333333334	
Time-7	15.0	384.0	1750.0	5351.0	205.0	15.0	15.0	15.0	
Time-8	544.3333333333334	304.0	1269.3333333333333	1822.0	275.6666666666667	275.6666666666667	257.6666666666667	257.6666666666667	
Time-9	22.8	71.8	1033.4	1914.4	22.8	22.8	22.8	22.8	
Time-10	1440.0	1827.0	2363.5	3856.5	1810.5	1717.0	2341.5	2344.5	
Time-11	399.0	301.0	389.0	1750.0	1194.0	399.0	399.0	399.0	
Time-12	1535.1666666666667	1536.8333333333333	1177.6666666666667	2814.8333333333335	1238.1666666666667	26.5	12.5	6.5	
Time-14	2.0	1490.0	999.0	2.0	2.0	3.0	3.0	5.0	
Time-15	2.0	2.0	59.0	115.0	2.0	2.0	2.0	2.0	
Time-17	3.0	490.0	1844.0	3190.0	3.0	3.0	3.0	3.0	
Time-18	1707.5	2006.0	953.5	2119.5	1818.0	1723.0	1417.5	1417.5	
Time-19	153.0	93.0	253.0	1455.0	415.0	153.0	153.0	153.0	
Time-21	286.14285714285717	810.5714285714286	892.5714285714286	2621.0	350.2857142857143	350.2857142857143	306.57142857142856	310.85714285714283	
Time-22	15.5	248.5	325.5	2386.5	205.5	16.5	16.5	16.5	
Time-23	29.22222222222222	97.22222222222223	372.22222222222223	1241.2222222222222	123.22222222222223	29.22222222222222	29.22222222222222	29.22222222222222	
Time-27	262.6666666666667	1221.6666666666667	182.33333333333334	1449.6666666666667	714.0	262.6666666666667	262.6666666666667	262.6666666666667	
