1000547  0.0
1000548  0.0
1000549  0.0
1000556  0.0
1100041  0.0
1100043  0.0
1100049  0.0
1100050  0.0
1100051  0.0
1100052  0.0
1100053  0.0
1100054  0.0
1100055  0.0
1100056  0.0
1100057  0.0
1100058  0.0
1100059  0.0
1100060  0.0
1100061  0.0
1100062  0.0
1100065  0.0
1100068  0.0
1100069  0.0
1100075  0.0
1100076  0.0
1100088  0.0
1100100  0.0
1100101  0.0
1100102  0.0
1100114  0.0
1100115  0.0
1100116  0.0
1100129  0.0
1100130  0.0
1100131  0.0
1100133  0.0
1100135  0.0
1100148  0.0
1100149  0.0
1100151  0.0
1100152  0.0
1100153  0.0
1100161  0.0
1100162  0.0
1100165  0.0
1100178  0.0
1100179  0.0
1100181  0.0
1100196  0.0
1100197  0.0
1100199  0.0
1100200  0.0
1100201  0.0
1100203  0.0
1100219  0.0
1100220  0.0
1100221  0.0
1100222  0.0
1100223  0.0
1100225  0.0
1100226  0.0
1100228  0.0
1100243  0.0
1100244  0.0
1100246  0.0
1100247  0.0
1100248  0.0
1100250  0.0
1100266  0.0
1100267  0.0
1100268  0.0
1100270  0.0
1100284  0.0
1100285  0.0
1100287  0.0
1100301  0.0
1100302  0.0
1100304  0.0
1100318  0.0
1100319  0.0
1100321  0.0
1100335  0.0
1100336  0.0
1100338  0.0
1100366  0.0
1100367  0.0
1100369  0.0
1100370  0.0
1100371  0.0
1100372  0.0
1100373  0.0
1100374  0.0
1100377  0.0
1100379  0.0
1100397  0.0
1100398  0.0
1100429  0.0
1100468  0.0
1100469  0.0
1100488  0.0
1100501  0.0
1100502  0.0
1200571  0.0
1200572  0.0
1200573  0.0
1200580  0.0
1300094  0.0
1300116  0.0
1300117  0.0
1300118  0.0
1300134  0.0
1300135  0.0
1300136  0.0
1300137  0.0
1300138  0.0
1300139  0.0
1300142  0.0
1300143  0.0
1300144  0.0
1300146  0.0
1300148  0.0
1300149  0.0
1300150  0.0
1300154  0.0
1300155  0.0
1300158  0.0
1300160  0.0
1300162  0.0
1300175  0.0
1300176  0.0
1300179  0.0
1300180  0.0
1300182  0.0
1300183  0.0
1300184  0.0
1300185  0.0
1300205  0.0
1300206  0.0
1300208  0.0
1300209  0.0
1300211  0.0
1300212  0.0
1300213  0.0
1300215  0.0
1300216  0.0
1300217  0.0
1300218  0.0
1300220  0.0
1300221  0.0
1300224  0.0
1300238  0.0
1300273  0.0
1300274  0.0
1300276  0.0
1300277  0.0
1300279  0.0
1300280  0.0
1300282  0.0
1300283  0.0
1300285  0.0
1300287  0.0
1300288  0.0
1300289  0.0
1300291  0.0
1300293  0.0
1300296  0.0
1300297  0.0
1300307  0.0
1300310  0.0
1300311  0.0
1300330  0.0
1300331  0.0
1300333  0.0
1300334  0.0
1300335  0.0
1300339  0.0
1300340  0.0
1300341  0.0
1300342  0.0
1300344  0.0
1300345  0.0
1300347  0.0
1300348  0.0
1300352  0.0
1300353  0.0
1300354  0.0
1300355  0.0
1300356  0.0
1300357  0.0
1300358  0.0
1300360  0.0
1300361  0.0
1300365  0.0
1300377  0.0
1300378  0.0
1300380  0.0
1300381  0.0
1300384  0.0
1300385  0.0
1300386  0.0
1300387  0.0
1300388  0.0
1300391  0.0
1300392  0.0
1300393  0.0
1300402  0.0
1300415  0.0
1300429  0.0
1300430  0.0
1300433  0.0
1300434  0.0
1300443  0.0
1300444  0.0
1300446  0.0
1300447  0.0
1300448  0.0
1300451  0.0
1300452  0.0
1300454  0.0
1300455  0.0
1300457  0.0
1300458  0.0
1300459  0.0
1300471  0.0
1300474  0.0
1300475  0.0
1300477  0.0
1300478  0.0
1300479  0.0
1300480  0.0
1300484  0.0
1300486  0.0
1300488  0.0
1300491  0.0
1300494  0.0
1300498  0.0
1300511  0.0
1300525  0.0
1300526  0.0
1300529  0.0
1300530  0.0
1300539  0.0
1300540  0.0
1300542  0.0
1300543  0.0
1300554  0.0
1300556  0.0
1300557  0.0
1300559  0.0
1300562  0.0
1300566  0.0
1300568  0.0
1300569  0.0
1300572  0.0
1300583  0.0
1300584  0.0
1300586  0.0
1300587  0.0
1300588  0.0
1300589  0.0
1300590  0.0
1300591  0.0
1300592  0.0
1300593  0.0
1300594  0.0
1300595  0.0
1300596  0.0
1300597  0.0
1300598  0.0
1300599  0.0
1300600  0.0
1300601  0.0
1300602  0.0
1300603  0.0
1300604  0.0
1300605  0.0
1300606  0.0
1300607  0.0
1300608  0.0
1300609  0.0
1300610  0.0
1300611  0.0
1300612  0.0
1300613  0.0
1300614  0.0
1300615  0.0
1300616  0.0
1300617  0.0
1300618  0.0
1300619  0.0
1300620  0.0
1300622  0.0
1300628  0.0
1300643  0.0
1300656  0.0
1300657  0.0
1300658  0.0
1300660  0.0
1300661  0.0
1300664  0.0
1300665  0.0
1300666  0.0
1300668  0.0
1300669  0.0
1300670  0.0
1300671  0.0
1300672  0.0
1300673  0.0
1300676  0.0
1300677  0.0
1300678  0.0
1300679  0.0
1300680  0.0
1300681  0.0
1300684  0.0
1300685  0.0
1300686  0.0
1300695  0.0
1300696  0.0
1300700  0.0
1300714  0.0
1300715  0.0
1300716  0.0
1300718  0.0
1300719  0.0
1300731  0.0
1300754  0.0
1300769  0.0
1300770  0.0
1300772  0.0
1300773  0.0
1300774  0.0
1300776  0.0
1300777  0.0
1300778  0.0
1300780  0.0
1300794  0.0
1300809  0.0
1300810  0.0
1300812  0.0
1300813  0.0
1300814  0.0
1300816  0.0
1300817  0.0
1300818  0.0
1300820  0.0
1300838  0.0
1300839  0.0
1300841  0.0
1300869  0.0
1300907  0.0
1300909  0.0
1300910  0.0
1300912  0.0
1300915  0.0
1300919  0.0
1300920  0.0
1300921  0.0
1300922  0.0
1300924  0.0
1300925  0.0
1300926  0.0
1300927  0.0
1300928  0.0
1300929  0.0
1300930  0.0
1300931  0.0
1300935  0.0
1300949  0.0
1300950  0.0
1300952  0.0
1300955  0.0
1300976  0.0
1300977  0.0
1300978  0.0
1300979  0.0
1300980  0.0
1300982  0.0
1300999  0.0
1301001  0.0
1301003  0.0
1301007  0.0
1301009  0.0
1301010  0.0
1301013  0.0
1301014  0.0
1301017  0.0
1301019  0.0
1301026  0.0
1301032  0.0
1301034  0.0
1301037  0.0
1301051  0.0
1301052  0.0
1301054  0.0
1301055  0.0
1301057  0.0
1301058  0.0
1301168  0.0
1301172  0.0
1301173  0.0
1301174  0.0
1301175  0.0
1301190  0.0
1301191  0.0
1301192  0.0
1301193  0.0
1301194  0.0
1301195  0.0
1301199  0.0
1301200  0.0
1301201  0.0
1301202  0.0
1301203  0.0
1301204  0.0
1301208  0.0
1301209  0.0
1301211  0.0
1301214  0.0
1301256  0.0
1301273  0.0
1301281  0.0
1301291  0.0
1500628  0.0
1500631  0.0
1500634  0.0
1600054  0.0
1600055  0.0
1600102  0.0
1600103  0.0
1600104  0.0
1600105  0.0
1600132  0.0
1600133  0.0
1600134  0.0
1600135  0.0
1600136  0.0
1600137  0.0
1600138  0.0
1600163  0.0
1600164  0.0
1600165  0.0
1600166  0.0
1600183  0.0
1600184  0.0
1600185  0.0
1600186  0.0
1600187  0.0
1600188  0.0
1600192  0.0
1600193  0.0
1600199  0.0
1600200  0.0
1600201  0.0
1600202  0.0
1600207  0.0
1600208  0.0
1600213  0.0
1600223  0.0
1600224  0.0
1600225  0.0
1600226  0.0
1600228  0.0
1600239  0.0
1600240  0.0
1600242  0.0
1600255  0.0
1600256  0.0
1600257  0.0
1600258  0.0
1600259  0.0
1600260  0.0
1600261  0.0
1600262  0.0
1600265  0.0
1600276  0.0
1600277  0.0
1600278  0.0
1600279  0.0
1600280  0.0
1600281  0.0
1600282  0.0
1600283  0.0
1600284  0.0
1600285  0.0
1600289  0.0
1600301  0.0
1600302  0.0
1600303  0.0
1600304  0.0
1600305  0.0
1600309  0.0
1600322  0.0
1600325  0.0
1600326  0.0
1600660  0.0
1700063  0.0
1800033  0.0
1900055  0.0
1900056  0.0
1900057  0.0
1900059  0.0
1900060  0.0
1900061  0.0
1900064  0.0
1900065  0.0
1900066  0.0
1900068  0.0
1900082  0.0
1900083  0.0
1900084  0.0
1900086  0.0
1900087  0.0
1900088  0.0
1900095  0.0
1900099  0.0
1900108  0.0
1900117  0.0
1900126  0.0
1900135  0.0
1900144  0.0
1900153  0.0
1900162  0.0
1900171  0.0
1900180  0.0
1900189  0.0
1900198  0.0
1900207  0.0
1900216  0.0
1900225  0.0
1900234  0.0
1900243  0.0
1900252  0.0
1900261  0.0
1900270  0.0
1900279  0.0
1900288  0.0
1900297  0.0
1900306  0.0
1900315  0.0
1900324  0.0
1900333  0.0
1900343  0.0
1900352  0.0
1900361  0.0
1900370  0.0
1900379  0.0
1900388  0.0
1900397  0.0
1900406  0.0
1900415  0.0
1900424  0.0
1900433  0.0
1900442  0.0
1900451  0.0
1900460  0.0
1900469  0.0
1900478  0.0
1900487  0.0
1900496  0.0
1900505  0.0
1900514  0.0
1900523  0.0
1900533  0.0
1900540  0.0
1900544  0.0
2000030  0.0
2000209  0.0
2000210  0.0
2000212  0.0
2000224  0.0
2000225  0.0
2000227  0.0
2100032  0.0
2100049  0.0
2100050  0.0
2100051  0.0
2100053  0.0
2100055  0.0
2100056  0.0
2100057  0.0
2100059  0.0
2100070  0.0
2100071  0.0
2100072  0.0
2100083  0.0
2100092  0.0
2100182  0.0
2100191  0.0
2100200  0.0
2100209  0.0
2100218  0.0
2100227  0.0
2100228  0.0
2100241  0.0
2100242  0.0
2100275  0.0
2100279  0.0
2200041  0.0
2200044  0.0
2200045  0.0
2200046  0.0
2200048  0.0
2200050  0.0
2200051  0.0
2200053  0.0
2200059  0.0
2200060  0.0
2200063  0.0
2200074  0.0
2200076  0.0
2200077  0.0
2200079  0.0
2200080  0.0
2200081  0.0
2200084  0.0
2200086  0.0
2200108  0.0
2200109  0.0
2200110  0.0
2200111  0.0
2200112  0.0
2200113  0.0
2200114  0.0
2200115  0.0
2200116  0.0
2200117  0.0
2200129  0.0
2200130  0.0
2200131  0.0
2200132  0.0
2200133  0.0
2200134  0.0
2200135  0.0
2200136  0.0
2200137  0.0
2200138  0.0
2200150  0.0
2200151  0.0
2200152  0.0
2200153  0.0
2200154  0.0
2200155  0.0
2200156  0.0
2200157  0.0
2200158  0.0
2200159  0.0
2200189  0.0
2200190  0.0
2200191  0.0
2200192  0.0
2200193  0.0
2200194  0.0
2200195  0.0
2200196  0.0
2200197  0.0
2200198  0.0
2200207  0.0
2200208  0.0
2200209  0.0
2200210  0.0
2200211  0.0
2200212  0.0
2200213  0.0
2200214  0.0
2200215  0.0
2200216  0.0
2200225  0.0
2200226  0.0
2200227  0.0
2200228  0.0
2200229  0.0
2200230  0.0
2200231  0.0
2200232  0.0
2200233  0.0
2200234  0.0
2200243  0.0
2200252  0.0
2200261  0.0
2200270  0.0
2200279  0.0
2200288  0.0
2200289  0.0
2200290  0.0
2200292  0.0
2200301  0.0
2200310  0.0
2300177  0.0
2300178  0.0
2300180  0.0
2300181  0.0
2300182  0.0
2300183  0.0
2300186  0.0
2300187  0.0
2300188  0.0
2300190  0.0
2300192  0.0
2300196  0.0
2300197  0.0
2300198  0.0
2300200  0.0
2300202  0.0
2300206  0.0
2300207  0.0
2300208  0.0
2300210  0.0
2300212  0.0
2400037  0.0
2400039  0.0
2400040  0.0
2400043  0.0
2400044  0.0
2400048  0.0
2400049  0.0
2400053  0.0
2400054  0.0
2400057  0.0
2400058  0.0
2400059  0.0
2400062  0.0
2400063  0.0
2400064  0.0
2400066  0.0
2400067  0.0
2400068  0.0
2400069  0.0
2400070  0.0
2400071  0.0
2400074  0.0
2400075  0.0
2400076  0.0
2400077  0.0
2400078  0.0
2400079  0.0
2400083  0.0
2400084  0.0
2400088  0.0
2400089  0.0
2400091  0.0
2400095  0.0
2400099  0.0
2500740  0.0
2500747  0.0
2500748  0.0
2500749  0.0
2500750  0.0
2500751  0.0
2500761  0.0
2500768  0.0
2500772  0.0
2500776  0.0
2500780  0.0
2500783  0.0
2500784  0.0
2500785  0.0
2500794  0.0
2500795  0.0
2500796  0.0
2500797  0.0
2500800  0.0
2500804  0.0
2600482  0.0
2600504  0.0
2600505  0.0
2600509  0.0
2600510  0.0
2600511  0.0
2600512  0.0
2600513  0.0
2600514  0.0
2600515  0.0
2600522  0.0
2600523  0.0
2600530  0.0
2600531  0.0
2600532  0.0
2600533  0.0
2600534  0.0
2600536  0.0
2600541  0.0
2600549  0.0
2600550  0.0
2600551  0.0
2600554  0.0
2600558  0.0
2600560  0.0
2600561  0.0
2600563  0.0
2600564  0.0
2600565  0.0
2600567  0.0
2600568  0.0
2600569  0.0
2600570  0.0
2600573  0.0
2600574  0.0
2600575  0.0
2600576  0.0
2600577  0.0
2600578  0.0
2600583  0.0
2600591  0.0
2600592  0.0
2600593  0.0
2600596  0.0
2600600  0.0
2600602  0.0
2600603  0.0
2600605  0.0
2600606  0.0
2600607  0.0
2600609  0.0
2600615  0.0
2600616  0.0
2600617  0.0
2600618  0.0
2600619  0.0
2600620  0.0
2600625  0.0
2600629  0.0
2600632  0.0
2600633  0.0
2600634  0.0
2600659  0.0
2600660  0.0
2600661  0.0
2600662  0.0
2600663  0.0
2600664  0.0
2600665  0.0
2600672  0.0
2600682  0.0
2600683  0.0
2600691  0.0
2600701  0.0
2600702  0.0
2600706  0.0
2600707  0.0
2600709  0.0
2600710  0.0
2600711  0.0
2600713  0.0
2600717  0.0
2600718  0.0
2600719  0.0
2600720  0.0
2600721  0.0
2600725  0.0
2600726  0.0
2600729  0.0
2600731  0.0
2700885  0.0
2700886  0.0
2700887  0.0
2700888  0.0
2700889  0.0
2700890  0.0
2700892  0.0
2700893  0.0
2700894  0.0
2700895  0.0
2700896  0.0
2700897  0.0
2700900  0.0
2700901  0.0
2700902  0.0
2700903  0.0
2700904  0.0
2700905  0.0
2700908  0.0
2700912  0.0
2700916  0.0
2700920  0.0
2700924  0.0
2700931  0.0
2700932  0.0
2700934  0.0
2800063  0.0
2800065  0.0
2800066  0.0
2800067  0.0
2800068  0.0
2800077  0.0
2800086  0.0
2800096  0.0
2800097  0.0
2800099  0.0
2800100  0.0
2800101  0.0
2800102  0.0
2800104  0.0
2800105  0.0
2800106  0.0
2800107  0.0
2800108  0.0
2800110  0.0
2800111  0.0
2800112  0.0
2800122  0.0
2800123  0.0
2800133  0.0
2800143  0.0
2800144  0.0
2800146  0.0
2800147  0.0
2800149  0.0
2800160  0.0
2800161  0.0
2800162  0.0
2800163  0.0
2800165  0.0
2800169  0.0
2800171  0.0
2800173  0.0
2800175  0.0
2800177  0.0
2800180  0.0
2800191  0.0
2800192  0.0
2800194  0.0
2800195  0.0
2800196  0.0
2800198  0.0
2800208  0.0
2800217  0.0
2900099  0.0
2900100  0.0
2900101  0.0
2900102  0.0
2900103  0.0
2900107  0.0
2900108  0.0
2900118  0.0
2900120  0.0
2900122  0.0
2900131  0.0
2900133  0.0
2900136  0.0
2900146  0.0
2900148  0.0
2900151  0.0
2900156  0.0
2900160  0.0
2900164  0.0
2900168  0.0
2900172  0.0
2900176  0.0
2900180  0.0
2900184  0.0
2900188  0.0
2900192  0.0
2900196  0.0
2900200  0.0
2900204  0.0
2900208  0.0
2900212  0.0
2900216  0.0
2900220  0.0
2900224  0.0
2900228  0.0
2900232  0.0
2900236  0.0
2900240  0.0
2900244  0.0
2900248  0.0
2900252  0.0
2900256  0.0
2900260  0.0
2900264  0.0
2900268  0.0
2900272  0.0
2900276  0.0
2900280  0.0
2900284  0.0
2900288  0.0
2900292  0.0
2900308  0.0
2900315  0.0
2900319  0.0
2900320  0.0
2900321  0.0
2900323  0.0
2900327  0.0
2900328  0.0
2900329  0.0
2900330  0.0
2900331  0.0
2900332  0.0
2900333  0.0
2900334  0.0
2900335  0.0
2900336  0.0
2900337  0.0
2900338  0.0
2900343  0.0
2900344  0.0
2900345  0.0
2900346  0.0
2900347  0.0
2900348  0.0
2900349  0.0
2900350  0.0
2900351  0.0
2900352  0.0
2900353  0.0
2900354  0.0
2900355  0.0
2900356  0.0
2900357  0.0
2900358  0.0
2900359  0.0
2900360  0.0
2900361  0.0
2900362  0.0
2900363  0.0
2900364  0.0
2900365  0.0
2900369  0.0
2900370  0.0
2900372  0.0
2900385  0.0
2900386  0.0
2900389  0.0
2900390  0.0
2900391  0.0
3000095  0.0
3000098  0.0
3000110  0.0
3000112  0.0
3000114  0.0
3000117  0.0
3000119  0.0
3000121  0.0
3000140  0.0
3000142  0.0
3000143  0.0
3000145  0.0
3000146  0.0
3000150  0.0
3000152  0.0
3000153  0.0
3000155  0.0
3000156  0.0
3000160  0.0
3000162  0.0
3000163  0.0
3000165  0.0
3000166  0.0
3000167  0.0
3000175  0.0
3000176  0.0
3000177  0.0
3000183  0.0
3000184  0.0
3000187  0.0
3000188  0.0
3000192  0.0
3000193  0.0
3000194  0.0
3000195  0.0
3000196  0.0
3000200  0.0
3000201  0.0
3000202  0.0
3000203  0.0
3000204  0.0
3000205  0.0
3000209  0.0
3000215  0.0
3000219  0.0
3000225  0.0
3000226  0.0
3000227  0.0
3000252  0.0
3000253  0.0
3000255  0.0
3000256  0.0
3000258  0.0
3000259  0.0
3000268  0.0
3000269  0.0
3000276  0.0
3000277  0.0
3000309  0.0
3000310  0.0
3000312  0.0
3000313  0.0
3000314  0.0
3000316  0.0
3000320  0.0
3000321  0.0
3000323  0.0
3000333  0.0
3000339  0.0
3000343  0.0
3000345  0.0
3000346  0.0
3000348  0.0
3000349  0.0
3000350  0.0
3000351  0.0
3000352  0.0
3000355  0.0
3000356  0.0
3000357  0.0
3000360  0.0
3000362  0.0
3000363  0.0
3000364  0.0
3000366  0.0
3000369  0.0
3000370  0.0
3000371  0.0
3000372  0.0
3000379  0.0
3000383  0.0
3000390  0.0
3000391  0.0
3000392  0.0
3000396  0.0
3000397  0.0
3000398  0.0
3000400  0.0
3000404  0.0
3000405  0.0
3000406  0.0
3000407  0.0
3000410  0.0
3000411  0.0
3000412  0.0
3000417  0.0
3000418  0.0
3000419  0.0
3000421  0.0
3000423  0.0
3000424  0.0
3000426  0.0
3000427  0.0
3000428  0.0
3000443  0.0
3000446  0.0
3000448  0.0
3000459  0.0
3000461  0.0
3000462  0.0
3000463  0.0
3000464  0.0
3000465  0.0
3000467  0.0
3000468  0.0
3000469  0.0
3000473  0.0
3000475  0.0
3100038  0.0
3100039  0.0
3100040  0.0
3100041  0.0
3100042  0.0
3100045  0.0
3100049  0.0
3100053  0.0
3100057  0.0
3100061  0.0
3100065  0.0
3100069  0.0
3100077  0.0
3100078  0.0
3100081  0.0
3100088  0.0
3100089  0.0
3100091  0.0
3100092  0.0
3100093  0.0
3100098  0.0
3100102  0.0
3201344  0.0
3201345  0.0
3201346  0.0
3201347  0.0
3201350  0.0
3201351  0.0
3201352  0.0
3201353  0.0
3201354  0.0
3201356  0.0
3201357  0.0
3201358  0.0
3201359  0.0
3201362  0.0
3201363  0.0
3201367  0.0
3201370  0.0
3201373  0.0
3201374  0.0
3201375  0.0
3201378  0.0
3201392  0.0
3201393  0.0
3201397  0.0
3201398  0.0
3201399  0.0
3201400  0.0
3201402  0.0
3201403  0.0
3201404  0.0
3201406  0.0
3201410  0.0
3201411  0.0
3201412  0.0
3201413  0.0
3201415  0.0
3201420  0.0
3201421  0.0
3201422  0.0
3201423  0.0
3201424  0.0
3201425  0.0
3201429  0.0
3201431  0.0
3201432  0.0
3201433  0.0
3201434  0.0
3201435  0.0
3201436  0.0
3201437  0.0
3201438  0.0
3201439  0.0
3201460  0.0
3201461  0.0
3201463  0.0
3201467  0.0
3201468  0.0
3201483  0.0
3201503  0.0
3201504  0.0
3201505  0.0
3201506  0.0
3201507  0.0
3201508  0.0
3201509  0.0
3201512  0.0
3201513  0.0
3201514  0.0
3201515  0.0
3201517  0.0
3201518  0.0
3201519  0.0
3201520  0.0
3201524  0.0
3201525  0.0
3201527  0.0
3201531  0.0
3201532  0.0
3201533  0.0
3201534  0.0
3201536  0.0
3201537  0.0
3201538  0.0
3201539  0.0
3201543  0.0
3201544  0.0
3201546  0.0
3201550  0.0
3201551  0.0
3201552  0.0
3201553  0.0
3201555  0.0
3201556  0.0
3201557  0.0
3201558  0.0
3201562  0.0
3201565  0.0
3201569  0.0
3201573  0.0
3201574  0.0
3201575  0.0
3201576  0.0
3201577  0.0
3201579  0.0
3201580  0.0
3201582  0.0
3201583  0.0
3201586  0.0
3201590  0.0
3201591  0.0
3201592  0.0
3201593  0.0
3201594  0.0
3201598  0.0
3201599  0.0
3201600  0.0
3201601  0.0
3201602  0.0
3201603  0.0
3201608  0.0
3201609  0.0
3201610  0.0
3201611  0.0
3201614  0.0
3201615  0.0
3201616  0.0
3201622  0.0
3201625  0.0
3201626  0.0
3201627  0.0
3201641  0.0
3201644  0.0
3201645  0.0
3201646  0.0
3201649  0.0
3201650  0.0
3201653  0.0
3201654  0.0
3201655  0.0
3201656  0.0
3201660  0.0
3201661  0.0
3201662  0.0
3201665  0.0
3201667  0.0
3201668  0.0
3201669  0.0
3201670  0.0
3201673  0.0
3201674  0.0
3201675  0.0
3201676  0.0
3201677  0.0
3201686  0.0
3201687  0.0
3201688  0.0
3201690  0.0
3201693  0.0
3201694  0.0
3201696  0.0
3201697  0.0
3201703  0.0
3201704  0.0
3201706  0.0
3201707  0.0
3201708  0.0
3201709  0.0
3201710  0.0
3201714  0.0
3201715  0.0
3201716  0.0
3201717  0.0
3201728  0.0
3300039  0.0
3300042  0.0
3300045  0.0
3300048  0.0
3300061  0.0
3300062  0.0
3300068  0.0
3300071  0.0
3300084  0.0
3300087  0.0
3300088  0.0
3300089  0.0
3300095  0.0
3300099  0.0
3300103  0.0
3300107  0.0
3300111  0.0
3300115  0.0
3300119  0.0
3300123  0.0
3300127  0.0
3300128  0.0
3300130  0.0
3300131  0.0
3300133  0.0
3300140  0.0
3300141  0.0
3300142  0.0
3300143  0.0
3300144  0.0
3300145  0.0
3300146  0.0
3300148  0.0
3300152  0.0
3300153  0.0
3300155  0.0
3300156  0.0
3300158  0.0
3300159  0.0
3300160  0.0
3300162  0.0
3300163  0.0
3300164  0.0
3300166  0.0
3401169  0.0
3401179  0.0
3401180  0.0
3401181  0.0
3401182  0.0
3401183  0.0
3401186  0.0
3401190  0.0
3401194  0.0
3401202  0.0
3401203  0.0
3401204  0.0
3401209  0.0
3401211  0.0
3401215  0.0
3401217  0.0
3401221  0.0
3401224  0.0
3401226  0.0
3401236  0.0
3401238  0.0
3401244  0.0
3401246  0.0
3401247  0.0
3401248  0.0
3401253  0.0
3401255  0.0
3401265  0.0
3401268  0.0
3401270  0.0
3401280  0.0
3401282  0.0
3401286  0.0
3401289  0.0
3401290  0.0
3401291  0.0
3401301  0.0
3401302  0.0
3401303  0.0
3401304  0.0
3401307  0.0
3401308  0.0
3401309  0.0
3401314  0.0
3401316  0.0
3401318  0.0
3401322  0.0
3401325  0.0
3401333  0.0
3401335  0.0
3500950  0.0
3500951  0.0
3500952  0.0
3500965  0.0
3500966  0.0
3500967  0.0
3500968  0.0
3500973  0.0
3500974  0.0
3500975  0.0
3500976  0.0
3500977  0.0
3500978  0.0
3500979  0.0
3500980  0.0
3500988  0.0
3500989  0.0
3500992  0.0
3500993  0.0
3500994  0.0
3500997  0.0
3500998  0.0
3501000  0.0
3501003  0.0
3501004  0.0
3501005  0.0
3501014  0.0
3501016  0.0
3501021  0.0
3501027  0.0
3501028  0.0
3501029  0.0
3501032  0.0
3501033  0.0
3501035  0.0
3501040  0.0
3501041  0.0
3501045  0.0
3501046  0.0
3501047  0.0
3501048  0.0
3501050  0.0
3501052  0.0
3501064  0.0
3501066  0.0
3501069  0.0
3501070  0.0
3501085  0.0
3501088  0.0
3501089  0.0
3501091  0.0
3501092  0.0
3501093  0.0
3501094  0.0
3501095  0.0
3501096  0.0
3501097  0.0
3501101  0.0
3501103  0.0
3501104  0.0
3501106  0.0
3501108  0.0
3501109  0.0
3501113  0.0
3501118  0.0
3501119  0.0
3501121  0.0
3501123  0.0
3501127  0.0
3501134  0.0
3501135  0.0
3501137  0.0
3501144  0.0
3501145  0.0
3501146  0.0
3501147  0.0
3501157  0.0
3501161  0.0
3600053  0.0
3600054  0.0
3600063  0.0
3600064  0.0
3600067  0.0
3600068  0.0
3600069  0.0
3600080  0.0
3600081  0.0
3600083  0.0
3600084  0.0
3700054  0.0
3700055  0.0
3700079  0.0
3700090  0.0
3700091  0.0
3700092  0.0
3700094  0.0
3700105  0.0
3700116  0.0
3700117  0.0
3700118  0.0
3700120  0.0
3700132  0.0
3700133  0.0
3700134  0.0
3700136  0.0
3700150  0.0
3700160  0.0
3700170  0.0
3700171  0.0
3700172  0.0
3700175  0.0
3700187  0.0
3700188  0.0
3700189  0.0
3700191  0.0
3700202  0.0
3700203  0.0
3700204  0.0
3700207  0.0
3700219  0.0
3700220  0.0
3700221  0.0
3700223  0.0
3700240  0.0
3700241  0.0
3700242  0.0
3700243  0.0
3700255  0.0
3700256  0.0
3700258  0.0
3700259  0.0
3700261  0.0
3700262  0.0
3700263  0.0
3700265  0.0
3700266  0.0
3700267  0.0
3700270  0.0
3700280  0.0
3700281  0.0
3700282  0.0
3700283  0.0
3700285  0.0
3700286  0.0
3700311  0.0
3700312  0.0
3700314  0.0
3700315  0.0
3700317  0.0
3700318  0.0
3700319  0.0
3700323  0.0
3700324  0.0
3700325  0.0
3700327  0.0
3700328  0.0
3700331  0.0
3700350  0.0
3700351  0.0
3700353  0.0
3700372  0.0
3700373  0.0
3700375  0.0
3700394  0.0
3700395  0.0
3700397  0.0
3700409  0.0
3700410  0.0
3700412  0.0
3800816  0.0
3800817  0.0
3800818  0.0
3800819  0.0
3800820  0.0
3800828  0.0
3800837  0.0
3800841  0.0
3800845  0.0
3800847  0.0
3800848  0.0
3800851  0.0
3800852  0.0
3800854  0.0
3800857  0.0
3800859  0.0
3800862  0.0
3800865  0.0
3800867  0.0
3800868  0.0
3800869  0.0
3800871  0.0
3800875  0.0
3900056  0.0
3900057  0.0
3900060  0.0
3900063  0.0
3900067  0.0
3900068  0.0
3900069  0.0
3900071  0.0
3900072  0.0
3900082  0.0
3900083  0.0
3900106  0.0
3900107  0.0
3900110  0.0
3900111  0.0
3900114  0.0
3900115  0.0
3900117  0.0
3900118  0.0
3900121  0.0
3900123  0.0
3900124  0.0
3900135  0.0
3900139  0.0
3900140  0.0
3900141  0.0
3900144  0.0
3900146  0.0
3900149  0.0
3900151  0.0
3900152  0.0
3900153  0.0
3900154  0.0
3900161  0.0
3900173  0.0
3900195  0.0
3900196  0.0
3900198  0.0
3900199  0.0
3900200  0.0
3900204  0.0
3900213  0.0
3900223  0.0
3900225  0.0
3900226  0.0
3900227  0.0
3900228  0.0
3900235  0.0
3900236  0.0
3900239  0.0
3900251  0.0
3900252  0.0
3900254  0.0
3900257  0.0
3900259  0.0
3900261  0.0
3900262  0.0
3900273  0.0
3900274  0.0
3900275  0.0
3900276  0.0
3900280  0.0
3900281  0.0
3900283  0.0
3900286  0.0
3900288  0.0
4000043  0.0
4000044  0.0
4000045  0.0
4000055  0.0
4000059  0.0
4000066  0.0
4000076  0.0
4000080  0.0
4000084  0.0
4000088  0.0
4000089  0.0
4000112  0.0
4100049  0.0
4100051  0.0
4100052  0.0
4100055  0.0
4100056  0.0
4100057  0.0
4100060  0.0
4100061  0.0
4100067  0.0
4100079  0.0
4100081  0.0
4100093  0.0
4100094  0.0
4100096  0.0
4100097  0.0
4100110  0.0
4100111  0.0
4100112  0.0
4100114  0.0
4100127  0.0
4100128  0.0
4100130  0.0
4100142  0.0
4100151  0.0
4100155  0.0
4100164  0.0
4200050  0.0
4200051  0.0
4200052  0.0
4200054  0.0
4200055  0.0
4200058  0.0
4200062  0.0
4200069  0.0
4200094  0.0
4200106  0.0
4200121  0.0
4200153  0.0
4200168  0.0
4200180  0.0
4200195  0.0
4200210  0.0
4200227  0.0
4200253  0.0
4200267  0.0
4200298  0.0
4200299  0.0
4200304  0.0
4200306  0.0
4200307  0.0
4200308  0.0
4200309  0.0
4200310  0.0
4200311  0.0
4200313  0.0
4200314  0.0
4200315  0.0
4200317  0.0
4200319  0.0
4200323  0.0
4200324  0.0
4200325  0.0
4200326  0.0
4200327  0.0
4200328  0.0
4200329  0.0
4200330  0.0
4200331  0.0
4200332  0.0
4200334  0.0
4200335  0.0
4200336  0.0
4200338  0.0
4200339  0.0
4200343  0.0
4200344  0.0
4200345  0.0
4200346  0.0
4200348  0.0
4200379  0.0
4200385  0.0
4200387  0.0
4200388  0.0
4200389  0.0
4200390  0.0
4200391  0.0
4200392  0.0
4200394  0.0
4200395  0.0
4200396  0.0
4200397  0.0
4200398  0.0
4200400  0.0
4200402  0.0
4200406  0.0
4200407  0.0
4200408  0.0
4200409  0.0
4200410  0.0
4200411  0.0
4200412  0.0
4200413  0.0
4200414  0.0
4200415  0.0
4200417  0.0
4200418  0.0
4200419  0.0
4200420  0.0
4200421  0.0
4200423  0.0
4200424  0.0
4200428  0.0
4200429  0.0
4200430  0.0
4200431  0.0
4200433  0.0
4200461  0.0
4200462  0.0
4200464  0.0
4200495  0.0
4200496  0.0
4200498  0.0
4200522  0.0
4200545  0.0
4200585  0.0
4200586  0.0
4200589  0.0
4200590  0.0
4200591  0.0
4200592  0.0
4200594  0.0
4200598  0.0
4200618  0.0
4200619  0.0
4200635  0.0
4200654  0.0
4200655  0.0
4200668  0.0
4200669  0.0
4200670  0.0
4200704  0.0
4200716  0.0
4200726  0.0
4200746  0.0
4200758  0.0
4200772  0.0
4200792  0.0
4200804  0.0
4200818  0.0
4200829  0.0
4200830  0.0
4200831  0.0
4200832  0.0
4200833  0.0
4200834  0.0
4200835  0.0
4200836  0.0
4200839  0.0
4200850  0.0
4200886  0.0
4200887  0.0
4200888  0.0
4200890  0.0
4200903  0.0
4200904  0.0
4200906  0.0
4200907  0.0
4200909  0.0
4200911  0.0
4200913  0.0
4200927  0.0
4200928  0.0
4200930  0.0
4200931  0.0
4200933  0.0
4200935  0.0
4200937  0.0
4200955  0.0
4200956  0.0
4200958  0.0
4200959  0.0
4200961  0.0
4200963  0.0
4200964  0.0
4200966  0.0
4200970  0.0
4200971  0.0
4200973  0.0
4200994  0.0
4201003  0.0
4300050  0.0
4300076  0.0
4300077  0.0
4300079  0.0
4300081  0.0
4300083  0.0
4300085  0.0
4300087  0.0
4300090  0.0
4300093  0.0
4300096  0.0
4300099  0.0
4300102  0.0
4300105  0.0
4300108  0.0
4300111  0.0
4300114  0.0
4300117  0.0
4300120  0.0
4300121  0.0
4300126  0.0
4300131  0.0
4300133  0.0
4300138  0.0
4300139  0.0
4300143  0.0
4300144  0.0
4300146  0.0
4300153  0.0
4300154  0.0
4300157  0.0
4300159  0.0
4300167  0.0
4300168  0.0
4300172  0.0
4300173  0.0
4300174  0.0
4300175  0.0
4300177  0.0
4300185  0.0
4300197  0.0
4300198  0.0
4300200  0.0
4300205  0.0
4300215  0.0
4300226  0.0
4300227  0.0
4300228  0.0
4300229  0.0
4300230  0.0
4300232  0.0
4300233  0.0
4300234  0.0
4300235  0.0
4300236  0.0
4300238  0.0
4300242  0.0
4300243  0.0
4300250  0.0
4300251  0.0
4300252  0.0
4300253  0.0
4300254  0.0
4300255  0.0
4300256  0.0
4300258  0.0
4300259  0.0
4300260  0.0
4300261  0.0
4300262  0.0
4300263  0.0
4300264  0.0
4300265  0.0
4300266  0.0
4300267  0.0
4300268  0.0
4300273  0.0
4300274  0.0
4300277  0.0
4300279  0.0
4300281  0.0
4300283  0.0
4300285  0.0
4300288  0.0
4300289  0.0
4300290  0.0
4300291  0.0
4300292  0.0
4300293  0.0
4300294  0.0
4300296  0.0
4300298  0.0
4300303  0.0
4300304  0.0
4300305  0.0
4300306  0.0
4300315  0.0
4300325  0.0
4300335  0.0
4300336  0.0
4300337  0.0
4300347  0.0
4300348  0.0
4300350  0.0
4300352  0.0
4300356  0.0
4300368  0.0
4300379  0.0
4300380  0.0
4300381  0.0
4300393  0.0
4300394  0.0
4300395  0.0
4300407  0.0
4300408  0.0
4300409  0.0
4300410  0.0
4300412  0.0
4300414  0.0
4300415  0.0
4300417  0.0
4300418  0.0
4300419  0.0
4300422  0.0
4300423  0.0
4300425  0.0
4300428  0.0
4300430  0.0
4300432  0.0
4300436  0.0
4300443  0.0
4300456  0.0
4300457  0.0
4300458  0.0
4300466  0.0
4300467  0.0
4300476  0.0
4300477  0.0
4300478  0.0
4300485  0.0
4300493  0.0
4300494  0.0
4300501  0.0
4300502  0.0
4300503  0.0
4300504  0.0
4300505  0.0
4300506  0.0
4300508  0.0
4300516  0.0
4300524  0.0
4300525  0.0
4300526  0.0
4300528  0.0
4300529  0.0
4300530  0.0
4300532  0.0
4300542  0.0
4300543  0.0
4300545  0.0
4300547  0.0
4300548  0.0
4300552  0.0
4300559  0.0
4300560  0.0
4300562  0.0
4300573  0.0
4300583  0.0
4300584  0.0
4300585  0.0
4300598  0.0
4300611  0.0
4300612  0.0
4300613  0.0
4300614  0.0
4300690  0.0
4300699  0.0
4300746  0.0
4300747  0.0
4300748  0.0
4300749  0.0
4300751  0.0
4400041  0.0
4400073  0.0
4400076  0.0
4400079  0.0
4400082  0.0
4400085  0.0
4400088  0.0
4400091  0.0
4400094  0.0
4400097  0.0
4400100  0.0
4400103  0.0
4400106  0.0
4400110  0.0
4400113  0.0
4400116  0.0
4400119  0.0
4400122  0.0
4400125  0.0
4400128  0.0
4400131  0.0
4400134  0.0
4400137  0.0
4400140  0.0
4400153  0.0
4400154  0.0
4400155  0.0
4400164  0.0
4400173  0.0
4400182  0.0
4400191  0.0
4400200  0.0
4400209  0.0
4400218  0.0
4400227  0.0
4400236  0.0
4400245  0.0
4400254  0.0
4400264  0.0
4400273  0.0
4400282  0.0
4400291  0.0
4400300  0.0
4400309  0.0
4400318  0.0
4400327  0.0
4400336  0.0
4400345  0.0
4400354  0.0
4400363  0.0
4400378  0.0
4400410  0.0
4400419  0.0
4500052  0.0
4500053  0.0
4500054  0.0
4500055  0.0
4500056  0.0
4500060  0.0
4500073  0.0
4500093  0.0
4500094  0.0
4500099  0.0
4500104  0.0
4500105  0.0
4500113  0.0
4500114  0.0
4500115  0.0
4500116  0.0
4500118  0.0
4500119  0.0
4500120  0.0
4500122  0.0
4500123  0.0
4500125  0.0
4500127  0.0
4500128  0.0
4500137  0.0
4500138  0.0
4500139  0.0
4500140  0.0
4500145  0.0
4500147  0.0
4500152  0.0
4500153  0.0
4500154  0.0
4500207  0.0
4500210  0.0
4500212  0.0
4500213  0.0
4500214  0.0
4500216  0.0
4500217  0.0
4500218  0.0
4500219  0.0
4500221  0.0
4500222  0.0
4500239  0.0
4500244  0.0
4500245  0.0
4500248  0.0
4500249  0.0
4500250  0.0
4500251  0.0
4500253  0.0
4500257  0.0
4500259  0.0
4500261  0.0
4500263  0.0
4500267  0.0
4500272  0.0
4500274  0.0
4500277  0.0
4500278  0.0
4500281  0.0
4500299  0.0
4500301  0.0
4500303  0.0
4500304  0.0
4500305  0.0
4500307  0.0
4500310  0.0
4500316  0.0
4500321  0.0
4500322  0.0
4500323  0.0
4500325  0.0
4500330  0.0
4500335  0.0
4500340  0.0
4500345  0.0
4500350  0.0
4500351  0.0
4500352  0.0
4500357  0.0
4600056  0.0
4600057  0.0
4600058  0.0
4600059  0.0
4600092  0.0
4600138  0.0
4700152  0.0
4700153  0.0
4700154  0.0
4700157  0.0
4700161  0.0
4700165  0.0
4700175  0.0
4700179  0.0
4700183  0.0
4700187  0.0
4700191  0.0
4800038  0.0
4800047  0.0
4800048  0.0
4800049  0.0
4800051  0.0
4800052  0.0
4800055  0.0
4800059  0.0
4800066  0.0
4800079  0.0
4800091  0.0
4800111  0.0
4800123  0.0
4800135  0.0
4800141  0.0
4800146  0.0
4800147  0.0
4800149  0.0
4800150  0.0
4800152  0.0
4800153  0.0
4800155  0.0
4800165  0.0
4900042  0.0
4900048  0.0
4900049  0.0
4900053  0.0
4900057  0.0
4900058  0.0
4900094  0.0
4900098  0.0
4900102  0.0
5000055  0.0
5000056  0.0
5000059  0.0
5000060  0.0
5000062  0.0
5000063  0.0
5000071  0.0
5000075  0.0
5000079  0.0
5000083  0.0
5000087  0.0
5000091  0.0
5000095  0.0
5000099  0.0
5100046  0.0
5100047  0.0
5100048  0.0
5100057  0.0
5100068  0.0
5100079  0.0
5100091  0.0
5100095  0.0
5100104  0.0
5100113  0.0
5100123  0.0
5100133  0.0
5200225  0.0
5200226  0.0
5200227  0.0
5200230  0.0
5200234  0.0
5200235  0.0
5200240  0.0
5200241  0.0
5300404  0.0
5300405  0.0
5300408  0.0
5300409  0.0
5300410  0.0
5300411  0.0
5300412  0.0
5300413  0.0
5300414  0.0
5300417  0.0
5300421  0.0
5300422  0.0
5300426  0.0
5300427  0.0
5300431  0.0
5300432  0.0
5300436  0.0
5300440  0.0
5300444  0.0
5300445  0.0
5300446  0.0
5300447  0.0
5300449  0.0
5300450  0.0
5300451  0.0
5300456  0.0
5300461  0.0
5300462  0.0
5300463  0.0
5300468  0.0
5300473  0.0
5300474  0.0
5300475  0.0
5300480  0.0
5300481  0.0
5300482  0.0
5300483  0.0
5300484  0.0
5300485  0.0
5300486  0.0
5300487  0.0
5300489  0.0
5300494  0.0
5300495  0.0
5300496  0.0
5300500  0.0
5300501  0.0
5300507  0.0
5300508  0.0
5300514  0.0
5300518  0.0
5300522  0.0
5300523  0.0
5300527  0.0
5300528  0.0
5300532  0.0
5300536  0.0
5300537  0.0
5300538  0.0
5300539  0.0
5300541  0.0
5300542  0.0
5300543  0.0
5300548  0.0
5300549  0.0
5300550  0.0
5300551  0.0
5300553  0.0
5300554  0.0
5300555  0.0
5300560  0.0
5300561  0.0
5300565  0.0
5300569  0.0
5300570  0.0
5300582  0.0
5300586  0.0
5300587  0.0
5300591  0.0
5300599  0.0
5300603  0.0
5300607  0.0
5300608  0.0
5300610  0.0
5300613  0.0
5300618  0.0
5300619  0.0
5300632  0.0
5400055  0.0
5400058  0.0
5400059  0.0
5400062  0.0
5400065  0.0
5400071  0.0
5400081  0.0
5400082  0.0
5400085  0.0
5400118  0.0
5400128  0.0
5400138  0.0
5400139  0.0
5400140  0.0
5400141  0.0
5400142  0.0
5400144  0.0
5400150  0.0
5400154  0.0
5400155  0.0
5400156  0.0
5400157  0.0
5400158  0.0
5400159  0.0
5400160  0.0
5400162  0.0
5400163  0.0
5400164  0.0
5400165  0.0
5400166  0.0
5400170  0.0
5400171  0.0
5400172  0.0
5400173  0.0
5400174  0.0
5400175  0.0
5400176  0.0
5400177  0.0
5400178  0.0
5400179  0.0
5400180  0.0
5400181  0.0
5400183  0.0
5400184  0.0
5400185  0.0
5400186  0.0
5400187  0.0
5400188  0.0
5400189  0.0
5400190  0.0
5400191  0.0
5400192  0.0
5400193  0.0
5400194  0.0
5400197  0.0
5400198  0.0
5400200  0.0
5400201  0.0
5400203  0.0
5400204  0.0
5400205  0.0
5400209  0.0
5400212  0.0
5400215  0.0
5400220  0.0
5400221  0.0
5400262  0.0
5500779  0.0
5500780  0.0
5500781  0.0
5500782  0.0
5600042  0.0
5600043  0.0
5600044  0.0
5600048  0.0
5600052  0.0
5600056  0.0
5600060  0.0
5600064  0.0
5600068  0.0
5600069  0.0
5600070  0.0
5600071  0.0
5600072  0.0
5600080  0.0
5600081  0.0
5600082  0.0
5600083  0.0
5600084  0.0
5600085  0.0
5600086  0.0
5600087  0.0
5600090  0.0
5600093  0.0
5600097  0.0
5700045  0.0
5700068  0.0
5700071  0.0
5700072  0.0
5700081  0.0
5700090  0.0
5700100  0.0
5700111  0.0
5700115  0.0
5700116  0.0
5700117  0.0
5700118  0.0
5700119  0.0
5700122  0.0
5700126  0.0
5700127  0.0
5700128  0.0
5700129  0.0
5700131  0.0
5700132  0.0
5700135  0.0
5700137  0.0
5700138  0.0
5700148  0.0
5700149  0.0
5700155  0.0
5700156  0.0
5700157  0.0
5700158  0.0
5700171  0.0
5700181  0.0
5700182  0.0
5700184  0.0
5700185  0.0
5700187  0.0
5700191  0.0
5700192  0.0
5700194  0.0
5700197  0.0
5700202  0.0
5700203  0.0
5700209  0.0
5700211  0.0
5700212  0.0
5700213  0.0
5700217  0.0
5700221  0.0
5700225  0.0
5700229  0.0
5700233  0.0
5700237  0.0
5700241  0.0
5800042  0.0
5800045  0.0
5800053  0.0
5800054  0.0
5800056  0.0
5800057  0.0
5800058  0.0
5800059  0.0
5800061  0.0
5800062  0.0
5800064  0.0
5800066  0.0
5800067  0.0
5800069  0.0
5800075  0.0
5800076  0.0
5800088  0.0
5800093  0.0
5800120  0.0
5800121  0.0
5800123  0.0
5800129  0.0
5800134  0.0
5800139  0.0
5800140  0.0
5800142  0.0
5800148  0.0
5800149  0.0
5800152  0.0
5800153  0.0
5800156  0.0
5800157  0.0
5800158  0.0
5800159  0.0
5800161  0.0
5800162  0.0
5800166  0.0
5800167  0.0
5800168  0.0
5800170  0.0
5800175  0.0
5800176  0.0
5800177  0.0
5800179  0.0
5800180  0.0
5800182  0.0
5800184  0.0
5800188  0.0
5800190  0.0
5800195  0.0
5800196  0.0
5800198  0.0
5900043  0.0
5900044  0.0
5900045  0.0
5900054  0.0
5900063  0.0
5900076  0.0
5900088  0.0
5900100  0.0
5900104  0.0
5900105  0.0
5900109  0.0
5900110  0.0
5900114  0.0
5900115  0.0
5900127  0.0
5900128  0.0
5900129  0.0
5900130  0.0
5900131  0.0
5900142  0.0
5900143  0.0
5900144  0.0
5900145  0.0
6000058  0.0
6000060  0.0
6000061  0.0
6000064  0.0
6000065  0.0
6000066  0.0
6000067  0.0
6000070  0.0
6000071  0.0
6000080  0.0
6000081  0.0
6000083  0.0
6000096  0.0
6000097  0.0
6000100  0.0
6000112  0.0
6000113  0.0
6000123  0.0
6000132  0.0
6000144  0.0
6100046  0.0
6100047  0.0
6100050  0.0
6100053  0.0
6100054  0.0
6100055  0.0
6100057  0.0
6100085  0.0
6100086  0.0
6100087  0.0
6100090  0.0
6100102  0.0
6100148  0.0
6100182  0.0
6200759  0.0
6200760  0.0
6200763  0.0
6200767  0.0
6200771  0.0
6300046  0.0
6300047  0.0
6300048  0.0
6300051  0.0
6300055  0.0
6300059  0.0
6300060  0.0
6300062  0.0
6300063  0.0
6300064  0.0
6300068  0.0
6300072  0.0
6300073  0.0
6300076  0.0
6300077  0.0
6300079  0.0
6300083  0.0
6300085  0.0
6300089  0.0
6300090  0.0
6300092  0.0
6300096  0.0
6300100  0.0
6300104  0.0
6300105  0.0
6300107  0.0
6300112  0.0
6300116  0.0
6300120  0.0
6300124  0.0
6300128  0.0
6300129  0.0
6300130  0.0
6300132  0.0
6300134  0.0
6300138  0.0
6400042  0.0
6400043  0.0
6400044  0.0
6400048  0.0
6400052  0.0
6400053  0.0
6400054  0.0
6400056  0.0
6400060  0.0
6400092  0.0
6400093  0.0
6400094  0.0
6400096  0.0
6400100  0.0
6400104  0.0
6400108  0.0
6500047  0.0
6500048  0.0
6500059  0.0
6500060  0.0
6500074  0.0
6500076  0.0
6500077  0.0
6500080  0.0
6500082  0.0
6500083  0.0
6500087  0.0
6500088  0.0
6500092  0.0
6500101  0.0
6500113  0.0
6500114  0.0
6500115  0.0
6500127  0.0
6500128  0.0
6500129  0.0
6500141  0.0
6500153  0.0
6500154  0.0
6500158  0.0
6500162  0.0
6500166  0.0
6500175  0.0
6500184  0.0
6500188  0.0
6500192  0.0
6500196  0.0
6500200  0.0
6500204  0.0
6500208  0.0
6500217  0.0
6600058  0.0
6600059  0.0
6600072  0.0
6600073  0.0
6600076  0.0
6600077  0.0
6600080  0.0
6600083  0.0
6600084  0.0
6600085  0.0
6600086  0.0
6600087  0.0
6600088  0.0
6600089  0.0
6600090  0.0
6600091  0.0
6600128  0.0
6600129  0.0
6600131  0.0
6600141  0.0
6600142  0.0
6600143  0.0
6600202  0.0
6600203  0.0
6600204  0.0
6600211  0.0
6600220  0.0
6600229  0.0
6600251  0.0
6600252  0.0
6700082  0.0
6700083  0.0
6700086  0.0
6700087  0.0
6700088  0.0
6700089  0.0
6700098  0.0
6700099  0.0
6700109  0.0
6700110  0.0
6700122  0.0
6700123  0.0
6700124  0.0
6700125  0.0
6700126  0.0
6700136  0.0
6700137  0.0
6700138  0.0
6700166  0.0
6700167  0.0
6700168  0.0
6700173  0.0
6700180  0.0
6700189  0.0
6700199  0.0
6700203  0.0
6700236  0.0
6700237  0.0
6800047  0.0
6800048  0.0
6800049  0.0
6800052  0.0
6800061  0.0
6800062  0.0
6800064  0.0
6800069  0.0
6800081  0.0
6800083  0.0
6800084  0.0
6800085  0.0
6800086  0.0
6800088  0.0
6800093  0.0
6800097  0.0
6800098  0.0
6800100  0.0
6800128  0.0
6800132  0.0
6800136  0.0
6800140  0.0
6800144  0.0
6900042  0.0
6900043  0.0
6900044  0.0
6900053  0.0
6900057  0.0
6900061  0.0
6900065  0.0
6900069  0.0
6900070  0.0
6900082  0.0
6900083  0.0
6900084  0.0
6900089  0.0
6900093  0.0
6900094  0.0
7000038  0.0
7000039  0.0
7000043  0.0
7000048  0.0
7000053  0.0
7000058  0.0
7000063  0.0
7100045  0.0
7100046  0.0
7100047  0.0
7100050  0.0
7100061  0.0
7100073  0.0
7100076  0.0
7100097  0.0
7100101  0.0
7100102  0.0
7100104  0.0
7100105  0.0
7100108  0.0
7100112  0.0
7100113  0.0
7100116  0.0
7100129  0.0
7100134  0.0
7100135  0.0
7100136  0.0
7100141  0.0
7100145  0.0
7100146  0.0
7100147  0.0
7100155  0.0
7100156  0.0
7100163  0.0
7100169  0.0
7100174  0.0
7100180  0.0
7100181  0.0
7100182  0.0
7100183  0.0
7100190  0.0
7100192  0.0
7100201  0.0
7100205  0.0
7100209  0.0
7100221  0.0
7100225  0.0
7100229  0.0
7100235  0.0
7100236  0.0
7100237  0.0
7100238  0.0
7100240  0.0
7100244  0.0
7200436  0.0
7200437  0.0
7200445  0.0
7200446  0.0
7200448  0.0
7200449  0.0
7200451  0.0
7200452  0.0
7200454  0.0
7200455  0.0
7200457  0.0
7200458  0.0
7200460  0.0
7200461  0.0
7200463  0.0
7200464  0.0
7200466  0.0
7200467  0.0
7200469  0.0
7200470  0.0
7200472  0.0
7200473  0.0
7200475  0.0
7200476  0.0
7200478  0.0
7200485  0.0
7200486  0.0
7200488  0.0
7200489  0.0
7200491  0.0
7200492  0.0
7200494  0.0
7200495  0.0
7200497  0.0
7200498  0.0
7200500  0.0
7200501  0.0
7200503  0.0
7200504  0.0
7200506  0.0
7200507  0.0
7200509  0.0
7200510  0.0
7200512  0.0
7200513  0.0
7200515  0.0
7200516  0.0
7200518  0.0
7200519  0.0
7200521  0.0
7200522  0.0
7200524  0.0
7200525  0.0
7200527  0.0
7200528  0.0
7200530  0.0
7200531  0.0
7200533  0.0
7200534  0.0
7200536  0.0
7200537  0.0
7200539  0.0
7200540  0.0
7200542  0.0
7200543  0.0
7200545  0.0
7200546  0.0
7200548  0.0
7200549  0.0
7200551  0.0
7200552  0.0
7200555  0.0
7200558  0.0
7200562  0.0
7300281  0.0
7300282  0.0
7300285  0.0
7300286  0.0
7300287  0.0
7300288  0.0
7300291  0.0
7300295  0.0
7300315  0.0
7300316  0.0
7300317  0.0
7300321  0.0
7300322  0.0
7300323  0.0
7300327  0.0
7300328  0.0
7300334  0.0
7300335  0.0
7300341  0.0
7300342  0.0
7300344  0.0
7300347  0.0
7300351  0.0
7300352  0.0
7300354  0.0
7300357  0.0
7300366  0.0
7300367  0.0
7300378  0.0
7400060  0.0
7400062  0.0
7400064  0.0
7400066  0.0
7400068  0.0
7400070  0.0
7400072  0.0
7400074  0.0
7400076  0.0
7400078  0.0
7400080  0.0
7400082  0.0
7400094  0.0
7400095  0.0
7400096  0.0
7400105  0.0
7400114  0.0
7400123  0.0
7400132  0.0
7400141  0.0
7400151  0.0
7400160  0.0
7400169  0.0
7400178  0.0
7400187  0.0
7400196  0.0
7400205  0.0
7400216  0.0
7400234  0.0
7400243  0.0
7501307  0.0
7501308  0.0
7501309  0.0
7501312  0.0
7501313  0.0
7501316  0.0
7501317  0.0
7501320  0.0
7600526  0.0
7600532  0.0
7700052  0.0
7700053  0.0
7700054  0.0
7700056  0.0
7700059  0.0
7700060  0.0
7700069  0.0
7700073  0.0
7700101  0.0
7800047  0.0
7800048  0.0
7800049  0.0
7800051  0.0
7800052  0.0
7800055  0.0
7800059  0.0
7800063  0.0
7800067  0.0
7800071  0.0
7800072  0.0
7800076  0.0
7800077  0.0
7800081  0.0
7800082  0.0
7800086  0.0
7800087  0.0
7800091  0.0
7800092  0.0
7800096  0.0
7800097  0.0
7800101  0.0
7800105  0.0
7800109  0.0
7800119  0.0
7800130  0.0
7800132  0.0
7800133  0.0
7800134  0.0
7800147  0.0
7800148  0.0
7800149  0.0
7800150  0.0
7800151  0.0
7900038  0.0
7900044  0.0
7900045  0.0
7900049  0.0
7900053  0.0
7900062  0.0
7900071  0.0
7900080  0.0
7900085  0.0
7900089  0.0
7900093  0.0
7900097  0.0
7900101  0.0
7900105  0.0
7900109  0.0
7900113  0.0
7900117  0.0
7900121  0.0
7900125  0.0
7900129  0.0
7900148  0.0
7900149  0.0
7900155  0.0
7900164  0.0
7900171  0.0
8000259  0.0
8000260  0.0
8000261  0.0
8000266  0.0
8000267  0.0
8000269  0.0
8000270  0.0
8000278  0.0
8000282  0.0
8000284  0.0
8000286  0.0
8000288  0.0
8000290  0.0
8000292  0.0
8000294  0.0
8000296  0.0
8000298  0.0
8000300  0.0
8000302  0.0
8000304  0.0
8000306  0.0
8000308  0.0
8000311  0.0
8000321  0.0
8000323  0.0
8000325  0.0
8000327  0.0
8000329  0.0
8000331  0.0
8000333  0.0
8000335  0.0
8000337  0.0
8000339  0.0
8000341  0.0
8000343  0.0
8000345  0.0
8000348  0.0
8100838  0.0
8100839  0.0
8100840  0.0
8100841  0.0
8100849  0.0
8100898  0.0
8100899  0.0
8100900  0.0
8200103  0.0
8200104  0.0
8200123  0.0
8200124  0.0
8200125  0.0
8200126  0.0
8200127  0.0
8200139  0.0
8200140  0.0
8200153  0.0
8200154  0.0
8200155  0.0
8200156  0.0
8200159  0.0
8200160  0.0
8200161  0.0
8200162  0.0
8200175  0.0
8200176  0.0
8200190  0.0
8200191  0.0
8200192  0.0
8200193  0.0
8200196  0.0
8200199  0.0
8200202  0.0
8200207  0.0
8200208  0.0
8200212  0.0
8200213  0.0
8200214  0.0
8200215  0.0
8200216  0.0
8200217  0.0
8200218  0.0
8200221  0.0
8200222  0.0
8200228  0.0
8200232  0.0
8200233  0.0
8200234  0.0
8200238  0.0
8200239  0.0
8200245  0.0
8200248  0.0
8200249  0.0
8200250  0.0
8200251  0.0
8200260  0.0
8200261  0.0
8200264  0.0
8200265  0.0
8200266  0.0
8200267  0.0
8200268  0.0
8200269  0.0
8200271  0.0
8200282  0.0
8200283  0.0
8200284  0.0
8200285  0.0
8200286  0.0
8200298  0.0
8200299  0.0
8200300  0.0
8200301  0.0
8200302  0.0
8200311  0.0
8200323  0.0
8200335  0.0
8200346  0.0
8200358  0.0
8200370  0.0
8200383  0.0
8200402  0.0
8200403  0.0
8200404  0.0
8200405  0.0
8200407  0.0
8200408  0.0
8200409  0.0
8200429  0.0
8200430  0.0
8200432  0.0
8200433  0.0
8200434  0.0
8200435  0.0
8200438  0.0
8200439  0.0
8200440  0.0
8200441  0.0
8200442  0.0
8200443  0.0
8200444  0.0
8200445  0.0
8200446  0.0
8200447  0.0
8200448  0.0
8200449  0.0
8200452  0.0
8200453  0.0
8200454  0.0
8200455  0.0
8200461  0.0
8200462  0.0
8200463  0.0
8200464  0.0
8200465  0.0
8200466  0.0
8200469  0.0
8200470  0.0
8200471  0.0
8200473  0.0
8200474  0.0
8200476  0.0
8200477  0.0
8200478  0.0
8200490  0.0
8200491  0.0
8200492  0.0
8200493  0.0
8200494  0.0
8200495  0.0
8200496  0.0
8200497  0.0
8200498  0.0
8200499  0.0
8200500  0.0
8200502  0.0
8200521  0.0
8200522  0.0
8200523  0.0
8200525  0.0
8200526  0.0
8200527  0.0
8200545  0.0
8200546  0.0
8200547  0.0
8200549  0.0
8200550  0.0
8200551  0.0
8200569  0.0
8200570  0.0
8200571  0.0
8200573  0.0
8200574  0.0
8200575  0.0
8200594  0.0
8200595  0.0
8200597  0.0
8200598  0.0
8200599  0.0
8200600  0.0
8200601  0.0
8200602  0.0
8200606  0.0
8200619  0.0
8200632  0.0
8200647  0.0
8200661  0.0
8200662  0.0
8200663  0.0
8200664  0.0
8200665  0.0
8200666  0.0
8200669  0.0
8200685  0.0
8200686  0.0
8200688  0.0
8200689  0.0
8200690  0.0
8200691  0.0
8200694  0.0
8200710  0.0
8200711  0.0
8200712  0.0
8200713  0.0
8200715  0.0
8200717  0.0
8200718  0.0
8200719  0.0
8200720  0.0
8200722  0.0
8200724  0.0
8200725  0.0
8200727  0.0
8200743  0.0
8200744  0.0
8200745  0.0
8200746  0.0
8200747  0.0
8200748  0.0
8200751  0.0
8200752  0.0
8200753  0.0
8200755  0.0
8200768  0.0
8200769  0.0
8200770  0.0
8200771  0.0
8200772  0.0
8200773  0.0
8200775  0.0
8200776  0.0
8200777  0.0
8200779  0.0
8200780  0.0
8200791  0.0
8200792  0.0
8200794  0.0
8200806  0.0
8200807  0.0
8200809  0.0
8300444  0.0
8300445  0.0
8300446  0.0
8300447  0.0
8300448  0.0
8300452  0.0
8300457  0.0
8300463  0.0
8300464  0.0
8300466  0.0
8300467  0.0
8300469  0.0
8300475  0.0
8300480  0.0
8300482  0.0
8300484  0.0
8300486  0.0
8300488  0.0
8300490  0.0
8300492  0.0
8300494  0.0
8300496  0.0
8300498  0.0
8300500  0.0
8300502  0.0
8300504  0.0
8300506  0.0
8300508  0.0
8300510  0.0
8300512  0.0
8300514  0.0
8300516  0.0
8300518  0.0
8300520  0.0
8300522  0.0
8300524  0.0
8300526  0.0
8300528  0.0
8300531  0.0
8300541  0.0
8300543  0.0
8300545  0.0
8300547  0.0
8300549  0.0
8300551  0.0
8300553  0.0
8300555  0.0
8300557  0.0
8300559  0.0
8300561  0.0
8300563  0.0
8300565  0.0
8300567  0.0
8300569  0.0
8300571  0.0
8300573  0.0
8300575  0.0
8300577  0.0
8300579  0.0
8300581  0.0
8300583  0.0
8300585  0.0
8300587  0.0
8300590  0.0
1100066  nan
1100163  nan
1100399  nan
1100400  nan
1100441  nan
1100442  nan
1300152  nan
1300156  nan
1300177  nan
1300294  nan
1300295  nan
1300308  nan
1300431  nan
1300482  nan
1300489  nan
1300490  nan
1300495  nan
1300527  nan
1300560  nan
1300561  nan
1300564  nan
1300953  nan
1301011  nan
1301015  nan
1301021  nan
1301035  nan
1301169  nan
1400057  nan
1400058  nan
1500637  nan
1500640  nan
1600203  nan
1600323  nan
1600337  nan
1600346  nan
1600355  nan
1600366  nan
1600375  nan
1600384  nan
1600395  nan
1600404  nan
1600413  nan
1600424  nan
1600433  nan
1600442  nan
1600453  nan
1600462  nan
1600471  nan
1600480  nan
1600491  nan
1600504  nan
1600513  nan
1600522  nan
1600533  nan
1600542  nan
1600553  nan
1600562  nan
1600571  nan
1600582  nan
1600591  nan
1600602  nan
1600611  nan
1600620  nan
1600629  nan
1600640  nan
1600649  nan
1600669  nan
2100079  nan
2100101  nan
2100110  nan
2100119  nan
2100128  nan
2100137  nan
2100146  nan
2100155  nan
2100164  nan
2100173  nan
2100230  nan
2100243  nan
2100244  nan
2100245  nan
2100246  nan
2100248  nan
2100250  nan
2100259  nan
2100268  nan
2200171  nan
2200172  nan
2200173  nan
2200174  nan
2200175  nan
2200176  nan
2200177  nan
2200178  nan
2200179  nan
2200180  nan
2200314  nan
2200323  nan
2200324  nan
2200325  nan
2200326  nan
2200328  nan
2500754  nan
2500781  nan
2500790  nan
2600506  nan
2600524  nan
2600525  nan
2600527  nan
2600537  nan
2600552  nan
2600594  nan
2600610  nan
2600611  nan
2600612  nan
2600630  nan
2600642  nan
2600673  nan
2600674  nan
2600675  nan
2600676  nan
2600678  nan
2600680  nan
2600692  nan
2600693  nan
2600694  nan
2600695  nan
2600697  nan
2600699  nan
2600722  nan
2900110  nan
3000096  nan
3000115  nan
3000123  nan
3000217  nan
3000334  nan
3000353  nan
3000384  nan
3000386  nan
3000388  nan
3000431  nan
3000432  nan
3000444  nan
3000471  nan
3100084  nan
3201365  nan
3201368  nan
3201369  nan
3201394  nan
3201407  nan
3201446  nan
3201447  nan
3201448  nan
3201451  nan
3201452  nan
3201453  nan
3201454  nan
3201455  nan
3201464  nan
3201474  nan
3201522  nan
3201541  nan
3201560  nan
3201563  nan
3201584  nan
3201596  nan
3201606  nan
3201618  nan
3201623  nan
3201637  nan
3201651  nan
3201679  nan
3201681  nan
3201698  nan
3201724  nan
3300040  nan
3300041  nan
3300050  nan
3300052  nan
3300053  nan
3300054  nan
3300055  nan
3300056  nan
3300058  nan
3300069  nan
3401198  nan
3401213  nan
3401218  nan
3401220  nan
3401228  nan
3401230  nan
3401232  nan
3401233  nan
3401235  nan
3401257  nan
3401259  nan
3401261  nan
3401262  nan
3401264  nan
3401272  nan
3401274  nan
3401276  nan
3401277  nan
3401279  nan
3401287  nan
3401297  nan
3401319  nan
3401321  nan
3401327  nan
3401329  nan
3401330  nan
3401332  nan
3500984  nan
3501036  nan
3501037  nan
3501056  nan
3501114  nan
3600086  nan
3700046  nan
3800824  nan
3800833  nan
3900058  nan
3900061  nan
3900064  nan
3900096  nan
3900097  nan
3900108  nan
3900136  nan
3900157  nan
3900182  nan
3900183  nan
3900202  nan
3900205  nan
3900210  nan
3900229  nan
3900230  nan
3900231  nan
3900232  nan
3900234  nan
3900238  nan
3900256  nan
3900258  nan
3900260  nan
3900284  nan
3900285  nan
4000071  nan
4000093  nan
4000094  nan
4000095  nan
4000097  nan
4000101  nan
4000102  nan
4000103  nan
4000104  nan
4000105  nan
4000108  nan
4000119  nan
4200136  nan
4200320  nan
4200340  nan
4200380  nan
4200403  nan
4200425  nan
4200595  nan
4300134  nan
4300201  nan
4300202  nan
4300239  nan
4300240  nan
4500159  nan
4500161  nan
4500162  nan
4500165  nan
4500166  nan
4500167  nan
4500168  nan
4500170  nan
4500171  nan
4500172  nan
4500173  nan
4500174  nan
4500176  nan
4500177  nan
4500178  nan
4500182  nan
4500185  nan
4500189  nan
4500190  nan
4500192  nan
4500193  nan
4500194  nan
4500195  nan
4500198  nan
4500200  nan
4500208  nan
4500224  nan
4500365  nan
4600119  nan
4600120  nan
4600123  nan
4600124  nan
4600126  nan
4600127  nan
4600128  nan
4600129  nan
4600131  nan
4600132  nan
4600134  nan
4600146  nan
4700170  nan
4700196  nan
4900062  nan
4900066  nan
4900070  nan
4900074  nan
4900078  nan
4900082  nan
4900086  nan
4900087  nan
4900088  nan
4900090  nan
4900106  nan
4900110  nan
4900117  nan
5000057  nan
5000103  nan
5100140  nan
5300406  nan
5300457  nan
5300458  nan
5300459  nan
5300469  nan
5300470  nan
5300471  nan
5300574  nan
5300578  nan
5300595  nan
5300611  nan
5300620  nan
5300621  nan
5300622  nan
5300627  nan
5400056  nan
5400060  nan
5400063  nan
5400089  nan
5400093  nan
5400094  nan
5400096  nan
5400097  nan
5400099  nan
5400100  nan
5400102  nan
5400109  nan
5400210  nan
5400213  nan
5400234  nan
5400235  nan
5400237  nan
5400238  nan
5400240  nan
5400241  nan
5400253  nan
5600074  nan
5600076  nan
5600104  nan
5700112  nan
5700123  nan
5700124  nan
5900133  nan
6100048  nan
6100061  nan
6100065  nan
6100069  nan
6100073  nan
6100077  nan
6100081  nan
6100088  nan
6100094  nan
6100098  nan
6100111  nan
6100120  nan
6100129  nan
6100138  nan
6100158  nan
6100168  nan
6100178  nan
6100186  nan
6100190  nan
6100194  nan
6100198  nan
6100202  nan
6300145  nan
6400064  nan
6400068  nan
6400072  nan
6400076  nan
6400080  nan
6400112  nan
6400116  nan
6400123  nan
6500085  nan
6500090  nan
6600074  nan
6600078  nan
6600101  nan
6600102  nan
6600113  nan
6600114  nan
6600115  nan
6600116  nan
6600117  nan
6600118  nan
6600119  nan
6600120  nan
6600121  nan
6600122  nan
6600123  nan
6600124  nan
6600145  nan
6600158  nan
6600170  nan
6600182  nan
6600186  nan
6600190  nan
6600233  nan
6600234  nan
6600238  nan
6600247  nan
6600254  nan
6700054  nan
6700056  nan
6700057  nan
6700060  nan
6700061  nan
6700062  nan
6700064  nan
6700067  nan
6700068  nan
6700069  nan
6700084  nan
6700140  nan
6700154  nan
6700207  nan
6700211  nan
6700215  nan
6700219  nan
6700223  nan
6700232  nan
6700239  nan
6800105  nan
6800106  nan
6800108  nan
6800114  nan
6800119  nan
6800124  nan
6800151  nan
6900074  nan
6900075  nan
6900076  nan
6900078  nan
6900085  nan
6900086  nan
6900101  nan
7100074  nan
7100080  nan
7100093  nan
7100098  nan
7100109  nan
7100114  nan
7100157  nan
7100213  nan
7100217  nan
7100251  nan
7200479  nan
7300283  nan
7300299  nan
7300303  nan
7300307  nan
7300311  nan
7300345  nan
7300355  nan
7300361  nan
7300368  nan
7300369  nan
7300370  nan
7300373  nan
7700057  nan
7700077  nan
7700081  nan
7700085  nan
7700089  nan
7700093  nan
7700097  nan
7800131  nan
7800138  nan
7900032  nan
7900134  nan
7900135  nan
7900137  nan
7900138  nan
7900140  nan
7900141  nan
7900143  nan
7900151  nan
8000272  nan
8100858  nan
8100867  nan
8100876  nan
8100922  nan
8100923  nan
8100924  nan
8100939  nan
8100940  nan
8100941  nan
8100956  nan
8100957  nan
8100958  nan
8100972  nan
8100986  nan
8100999  nan
8200157  nan
8200194  nan
8200197  nan
8200200  nan
8200203  nan
8200204  nan
8200205  nan
8200209  nan
8200219  nan
8200223  nan
8200224  nan
8200229  nan
8200235  nan
8200262  nan
8200450  nan
