1000547  nan
1000548  nan
1000549  nan
1000556  nan
1100041  nan
1100043  nan
1100049  nan
1100050  nan
1100051  nan
1100052  nan
1100053  nan
1100054  nan
1100055  nan
1100056  nan
1100057  nan
1100058  nan
1100059  nan
1100060  nan
1100061  nan
1100062  nan
1100065  nan
1100066  nan
1100068  nan
1100069  nan
1100075  nan
1100076  nan
1100088  nan
1100100  nan
1100101  nan
1100102  nan
1100114  nan
1100115  nan
1100116  nan
1100129  nan
1100130  nan
1100131  nan
1100133  nan
1100135  nan
1100148  nan
1100149  nan
1100151  nan
1100152  nan
1100153  nan
1100161  nan
1100162  nan
1100163  nan
1100165  nan
1100178  nan
1100179  nan
1100181  nan
1100196  nan
1100197  nan
1100199  nan
1100200  nan
1100201  nan
1100203  nan
1100219  nan
1100220  nan
1100221  nan
1100222  nan
1100223  nan
1100225  nan
1100226  nan
1100228  nan
1100243  nan
1100244  nan
1100246  nan
1100247  nan
1100248  nan
1100250  nan
1100266  nan
1100267  nan
1100268  nan
1100270  nan
1100284  nan
1100285  nan
1100287  nan
1100301  nan
1100302  nan
1100304  nan
1100318  nan
1100319  nan
1100321  nan
1100335  nan
1100336  nan
1100338  nan
1100366  nan
1100367  nan
1100369  nan
1100370  nan
1100371  nan
1100372  nan
1100373  nan
1100374  nan
1100377  nan
1100379  nan
1100397  nan
1100398  nan
1100399  nan
1100400  nan
1100429  nan
1100441  nan
1100442  nan
1100468  nan
1100469  nan
1100488  nan
1100501  nan
1100502  nan
1200571  nan
1200572  nan
1200573  nan
1200580  nan
1300094  nan
1300116  nan
1300117  nan
1300118  nan
1300134  nan
1300135  nan
1300136  nan
1300137  nan
1300138  nan
1300139  nan
1300142  nan
1300143  nan
1300144  nan
1300146  nan
1300148  nan
1300149  nan
1300150  nan
1300152  nan
1300154  nan
1300155  nan
1300156  nan
1300158  nan
1300160  nan
1300162  nan
1300175  nan
1300176  nan
1300177  nan
1300179  nan
1300180  nan
1300182  nan
1300183  nan
1300184  nan
1300185  nan
1300205  nan
1300206  nan
1300208  nan
1300209  nan
1300211  nan
1300212  nan
1300213  nan
1300215  nan
1300216  nan
1300217  nan
1300218  nan
1300220  nan
1300221  nan
1300224  nan
1300238  nan
1300273  nan
1300274  nan
1300276  nan
1300277  nan
1300279  nan
1300280  nan
1300282  nan
1300283  nan
1300285  nan
1300287  nan
1300288  nan
1300289  nan
1300291  nan
1300293  nan
1300294  nan
1300295  nan
1300296  nan
1300297  nan
1300307  nan
1300308  nan
1300310  nan
1300311  nan
1300330  nan
1300331  nan
1300333  nan
1300334  nan
1300335  nan
1300339  nan
1300340  nan
1300341  nan
1300342  nan
1300344  nan
1300345  nan
1300347  nan
1300348  nan
1300352  nan
1300353  nan
1300354  nan
1300355  nan
1300356  nan
1300357  nan
1300358  nan
1300360  nan
1300361  nan
1300365  nan
1300377  nan
1300378  nan
1300380  nan
1300381  nan
1300384  nan
1300385  nan
1300386  nan
1300387  nan
1300388  nan
1300391  nan
1300392  nan
1300393  nan
1300402  nan
1300415  nan
1300429  nan
1300430  nan
1300431  nan
1300433  nan
1300434  nan
1300443  nan
1300444  nan
1300446  nan
1300447  nan
1300448  nan
1300451  nan
1300452  nan
1300454  nan
1300455  nan
1300457  nan
1300458  nan
1300459  nan
1300471  nan
1300474  nan
1300475  nan
1300477  nan
1300478  nan
1300479  nan
1300480  nan
1300482  nan
1300484  nan
1300486  nan
1300488  nan
1300489  nan
1300490  nan
1300491  nan
1300494  nan
1300495  nan
1300498  nan
1300511  nan
1300525  nan
1300526  nan
1300527  nan
1300529  nan
1300530  nan
1300539  nan
1300540  nan
1300542  nan
1300543  nan
1300554  nan
1300556  nan
1300557  nan
1300559  nan
1300560  nan
1300561  nan
1300562  nan
1300564  nan
1300566  nan
1300568  nan
1300569  nan
1300572  nan
1300583  nan
1300584  nan
1300586  nan
1300587  nan
1300588  nan
1300589  nan
1300590  nan
1300591  nan
1300592  nan
1300593  nan
1300594  nan
1300595  nan
1300596  nan
1300597  nan
1300598  nan
1300599  nan
1300600  nan
1300601  nan
1300602  nan
1300603  nan
1300604  nan
1300605  nan
1300606  nan
1300607  nan
1300608  nan
1300609  nan
1300610  nan
1300611  nan
1300612  nan
1300613  nan
1300614  nan
1300615  nan
1300616  nan
1300617  nan
1300618  nan
1300619  nan
1300620  nan
1300622  nan
1300628  nan
1300643  nan
1300656  nan
1300657  nan
1300658  nan
1300660  nan
1300661  nan
1300664  nan
1300665  nan
1300666  nan
1300668  nan
1300669  nan
1300670  nan
1300671  nan
1300672  nan
1300673  nan
1300676  nan
1300677  nan
1300678  nan
1300679  nan
1300680  nan
1300681  nan
1300684  nan
1300685  nan
1300686  nan
1300695  nan
1300696  nan
1300700  nan
1300714  nan
1300715  nan
1300716  nan
1300718  nan
1300719  nan
1300731  nan
1300754  nan
1300769  nan
1300770  nan
1300772  nan
1300773  nan
1300774  nan
1300776  nan
1300777  nan
1300778  nan
1300780  nan
1300794  nan
1300809  nan
1300810  nan
1300812  nan
1300813  nan
1300814  nan
1300816  nan
1300817  nan
1300818  nan
1300820  nan
1300838  nan
1300839  nan
1300841  nan
1300869  nan
1300907  nan
1300909  nan
1300910  nan
1300912  nan
1300915  nan
1300919  nan
1300920  nan
1300921  nan
1300922  nan
1300924  nan
1300925  nan
1300926  nan
1300927  nan
1300928  nan
1300929  nan
1300930  nan
1300931  nan
1300935  nan
1300949  nan
1300950  nan
1300952  nan
1300953  nan
1300955  nan
1300976  nan
1300977  nan
1300978  nan
1300979  nan
1300980  nan
1300982  nan
1300999  nan
1301001  nan
1301003  nan
1301007  nan
1301009  nan
1301010  nan
1301011  nan
1301013  nan
1301014  nan
1301015  nan
1301017  nan
1301019  nan
1301021  nan
1301026  nan
1301032  nan
1301034  nan
1301035  nan
1301037  nan
1301051  nan
1301052  nan
1301054  nan
1301055  nan
1301057  nan
1301058  nan
1301168  nan
1301169  nan
1301172  nan
1301173  nan
1301174  nan
1301175  nan
1301190  nan
1301191  nan
1301192  nan
1301193  nan
1301194  nan
1301195  nan
1301199  nan
1301200  nan
1301201  nan
1301202  nan
1301203  nan
1301204  nan
1301208  nan
1301209  nan
1301211  nan
1301214  nan
1301256  nan
1301273  nan
1301281  nan
1301291  nan
1400057  nan
1400058  nan
1500628  nan
1500631  nan
1500634  nan
1500637  nan
1500640  nan
1600054  nan
1600055  nan
1600102  nan
1600103  nan
1600104  nan
1600105  nan
1600132  nan
1600133  nan
1600134  nan
1600135  nan
1600136  nan
1600137  nan
1600138  nan
1600163  nan
1600164  nan
1600165  nan
1600166  nan
1600183  nan
1600184  nan
1600185  nan
1600186  nan
1600187  nan
1600188  nan
1600192  nan
1600193  nan
1600199  nan
1600200  nan
1600201  nan
1600202  nan
1600203  nan
1600207  nan
1600208  nan
1600213  nan
1600223  nan
1600224  nan
1600225  nan
1600226  nan
1600228  nan
1600239  nan
1600240  nan
1600242  nan
1600255  nan
1600256  nan
1600257  nan
1600258  nan
1600259  nan
1600260  nan
1600261  nan
1600262  nan
1600265  nan
1600276  nan
1600277  nan
1600278  nan
1600279  nan
1600280  nan
1600281  nan
1600282  nan
1600283  nan
1600284  nan
1600285  nan
1600289  nan
1600301  nan
1600302  nan
1600303  nan
1600304  nan
1600305  nan
1600309  nan
1600322  nan
1600323  nan
1600325  nan
1600326  nan
1600337  nan
1600346  nan
1600355  nan
1600366  nan
1600375  nan
1600384  nan
1600395  nan
1600404  nan
1600413  nan
1600424  nan
1600433  nan
1600442  nan
1600453  nan
1600462  nan
1600471  nan
1600480  nan
1600491  nan
1600504  nan
1600513  nan
1600522  nan
1600533  nan
1600542  nan
1600553  nan
1600562  nan
1600571  nan
1600582  nan
1600591  nan
1600602  nan
1600611  nan
1600620  nan
1600629  nan
1600640  nan
1600649  nan
1600660  nan
1600669  nan
1700063  nan
1800033  nan
1900055  nan
1900056  nan
1900057  nan
1900059  nan
1900060  nan
1900061  nan
1900064  nan
1900065  nan
1900066  nan
1900068  nan
1900082  nan
1900083  nan
1900084  nan
1900086  nan
1900087  nan
1900088  nan
1900095  nan
1900099  nan
1900108  nan
1900117  nan
1900126  nan
1900135  nan
1900144  nan
1900153  nan
1900162  nan
1900171  nan
1900180  nan
1900189  nan
1900198  nan
1900207  nan
1900216  nan
1900225  nan
1900234  nan
1900243  nan
1900252  nan
1900261  nan
1900270  nan
1900279  nan
1900288  nan
1900297  nan
1900306  nan
1900315  nan
1900324  nan
1900333  nan
1900343  nan
1900352  nan
1900361  nan
1900370  nan
1900379  nan
1900388  nan
1900397  nan
1900406  nan
1900415  nan
1900424  nan
1900433  nan
1900442  nan
1900451  nan
1900460  nan
1900469  nan
1900478  nan
1900487  nan
1900496  nan
1900505  nan
1900514  nan
1900523  nan
1900533  nan
1900540  nan
1900544  nan
2000030  nan
2000209  nan
2000210  nan
2000212  nan
2000224  nan
2000225  nan
2000227  nan
2100032  nan
2100049  nan
2100050  nan
2100051  nan
2100053  nan
2100055  nan
2100056  nan
2100057  nan
2100059  nan
2100070  nan
2100071  nan
2100072  nan
2100079  nan
2100083  nan
2100092  nan
2100101  nan
2100110  nan
2100119  nan
2100128  nan
2100137  nan
2100146  nan
2100155  nan
2100164  nan
2100173  nan
2100182  nan
2100191  nan
2100200  nan
2100209  nan
2100218  nan
2100227  nan
2100228  nan
2100230  nan
2100241  nan
2100242  nan
2100243  nan
2100244  nan
2100245  nan
2100246  nan
2100248  nan
2100250  nan
2100259  nan
2100268  nan
2100275  nan
2100279  nan
2200041  nan
2200044  nan
2200045  nan
2200046  nan
2200048  nan
2200050  nan
2200051  nan
2200053  nan
2200059  nan
2200060  nan
2200063  nan
2200074  nan
2200076  nan
2200077  nan
2200079  nan
2200080  nan
2200081  nan
2200084  nan
2200086  nan
2200108  nan
2200109  nan
2200110  nan
2200111  nan
2200112  nan
2200113  nan
2200114  nan
2200115  nan
2200116  nan
2200117  nan
2200129  nan
2200130  nan
2200131  nan
2200132  nan
2200133  nan
2200134  nan
2200135  nan
2200136  nan
2200137  nan
2200138  nan
2200150  nan
2200151  nan
2200152  nan
2200153  nan
2200154  nan
2200155  nan
2200156  nan
2200157  nan
2200158  nan
2200159  nan
2200171  nan
2200172  nan
2200173  nan
2200174  nan
2200175  nan
2200176  nan
2200177  nan
2200178  nan
2200179  nan
2200180  nan
2200189  nan
2200190  nan
2200191  nan
2200192  nan
2200193  nan
2200194  nan
2200195  nan
2200196  nan
2200197  nan
2200198  nan
2200207  nan
2200208  nan
2200209  nan
2200210  nan
2200211  nan
2200212  nan
2200213  nan
2200214  nan
2200215  nan
2200216  nan
2200225  nan
2200226  nan
2200227  nan
2200228  nan
2200229  nan
2200230  nan
2200231  nan
2200232  nan
2200233  nan
2200234  nan
2200243  nan
2200252  nan
2200261  nan
2200270  nan
2200279  nan
2200288  nan
2200289  nan
2200290  nan
2200292  nan
2200301  nan
2200310  nan
2200314  nan
2200323  nan
2200324  nan
2200325  nan
2200326  nan
2200328  nan
2300177  nan
2300178  nan
2300180  nan
2300181  nan
2300182  nan
2300183  nan
2300186  nan
2300187  nan
2300188  nan
2300190  nan
2300192  nan
2300196  nan
2300197  nan
2300198  nan
2300200  nan
2300202  nan
2300206  nan
2300207  nan
2300208  nan
2300210  nan
2300212  nan
2400037  nan
2400039  nan
2400040  nan
2400043  nan
2400044  nan
2400048  nan
2400049  nan
2400053  nan
2400054  nan
2400057  nan
2400058  nan
2400059  nan
2400062  nan
2400063  nan
2400064  nan
2400066  nan
2400067  nan
2400068  nan
2400069  nan
2400070  nan
2400071  nan
2400074  nan
2400075  nan
2400076  nan
2400077  nan
2400078  nan
2400079  nan
2400083  nan
2400084  nan
2400088  nan
2400089  nan
2400091  nan
2400095  nan
2400099  nan
2500740  nan
2500747  nan
2500748  nan
2500749  nan
2500750  nan
2500751  nan
2500754  nan
2500761  nan
2500768  nan
2500772  nan
2500776  nan
2500780  nan
2500781  nan
2500783  nan
2500784  nan
2500785  nan
2500790  nan
2500794  nan
2500795  nan
2500796  nan
2500797  nan
2500800  nan
2500804  nan
2600482  nan
2600504  nan
2600505  nan
2600506  nan
2600509  nan
2600510  nan
2600511  nan
2600512  nan
2600513  nan
2600514  nan
2600515  nan
2600522  nan
2600523  nan
2600524  nan
2600525  nan
2600527  nan
2600530  nan
2600531  nan
2600532  nan
2600533  nan
2600534  nan
2600536  nan
2600537  nan
2600541  nan
2600549  nan
2600550  nan
2600551  nan
2600552  nan
2600554  nan
2600558  nan
2600560  nan
2600561  nan
2600563  nan
2600564  nan
2600565  nan
2600567  nan
2600568  nan
2600569  nan
2600570  nan
2600573  nan
2600574  nan
2600575  nan
2600576  nan
2600577  nan
2600578  nan
2600583  nan
2600591  nan
2600592  nan
2600593  nan
2600594  nan
2600596  nan
2600600  nan
2600602  nan
2600603  nan
2600605  nan
2600606  nan
2600607  nan
2600609  nan
2600610  nan
2600611  nan
2600612  nan
2600615  nan
2600616  nan
2600617  nan
2600618  nan
2600619  nan
2600620  nan
2600625  nan
2600629  nan
2600630  nan
2600632  nan
2600633  nan
2600634  nan
2600642  nan
2600659  nan
2600660  nan
2600661  nan
2600662  nan
2600663  nan
2600664  nan
2600665  nan
2600672  nan
2600673  nan
2600674  nan
2600675  nan
2600676  nan
2600678  nan
2600680  nan
2600682  nan
2600683  nan
2600691  nan
2600692  nan
2600693  nan
2600694  nan
2600695  nan
2600697  nan
2600699  nan
2600701  nan
2600702  nan
2600706  nan
2600707  nan
2600709  nan
2600710  nan
2600711  nan
2600713  nan
2600717  nan
2600718  nan
2600719  nan
2600720  nan
2600721  nan
2600722  nan
2600725  nan
2600726  nan
2600729  nan
2600731  nan
2700885  nan
2700886  nan
2700887  nan
2700888  nan
2700889  nan
2700890  nan
2700892  nan
2700893  nan
2700894  nan
2700895  nan
2700896  nan
2700897  nan
2700900  nan
2700901  nan
2700902  nan
2700903  nan
2700904  nan
2700905  nan
2700908  nan
2700912  nan
2700916  nan
2700920  nan
2700924  nan
2700931  nan
2700932  nan
2700934  nan
2800063  nan
2800065  nan
2800066  nan
2800067  nan
2800068  nan
2800077  nan
2800086  nan
2800096  nan
2800097  nan
2800099  nan
2800100  nan
2800101  nan
2800102  nan
2800104  nan
2800105  nan
2800106  nan
2800107  nan
2800108  nan
2800110  nan
2800111  nan
2800112  nan
2800122  nan
2800123  nan
2800133  nan
2800143  nan
2800144  nan
2800146  nan
2800147  nan
2800149  nan
2800160  nan
2800161  nan
2800162  nan
2800163  nan
2800165  nan
2800169  nan
2800171  nan
2800173  nan
2800175  nan
2800177  nan
2800180  nan
2800191  nan
2800192  nan
2800194  nan
2800195  nan
2800196  nan
2800198  nan
2800208  nan
2800217  nan
2900099  nan
2900100  nan
2900101  nan
2900102  nan
2900103  nan
2900107  nan
2900108  nan
2900110  nan
2900118  nan
2900120  nan
2900122  nan
2900131  nan
2900133  nan
2900136  nan
2900146  nan
2900148  nan
2900151  nan
2900156  nan
2900160  nan
2900164  nan
2900168  nan
2900172  nan
2900176  nan
2900180  nan
2900184  nan
2900188  nan
2900192  nan
2900196  nan
2900200  nan
2900204  nan
2900208  nan
2900212  nan
2900216  nan
2900220  nan
2900224  nan
2900228  nan
2900232  nan
2900236  nan
2900240  nan
2900244  nan
2900248  nan
2900252  nan
2900256  nan
2900260  nan
2900264  nan
2900268  nan
2900272  nan
2900276  nan
2900280  nan
2900284  nan
2900288  nan
2900292  nan
2900308  nan
2900315  nan
2900319  nan
2900320  nan
2900321  nan
2900323  nan
2900327  nan
2900328  nan
2900329  nan
2900330  nan
2900331  nan
2900332  nan
2900333  nan
2900334  nan
2900335  nan
2900336  nan
2900337  nan
2900338  nan
2900343  nan
2900344  nan
2900345  nan
2900346  nan
2900347  nan
2900348  nan
2900349  nan
2900350  nan
2900351  nan
2900352  nan
2900353  nan
2900354  nan
2900355  nan
2900356  nan
2900357  nan
2900358  nan
2900359  nan
2900360  nan
2900361  nan
2900362  nan
2900363  nan
2900364  nan
2900365  nan
2900369  nan
2900370  nan
2900372  nan
2900385  nan
2900386  nan
2900389  nan
2900390  nan
2900391  nan
3000095  nan
3000096  nan
3000098  nan
3000110  nan
3000112  nan
3000114  nan
3000115  nan
3000117  nan
3000119  nan
3000121  nan
3000123  nan
3000140  nan
3000142  nan
3000143  nan
3000145  nan
3000146  nan
3000150  nan
3000152  nan
3000153  nan
3000155  nan
3000156  nan
3000160  nan
3000162  nan
3000163  nan
3000165  nan
3000166  nan
3000167  nan
3000175  nan
3000176  nan
3000177  nan
3000183  nan
3000184  nan
3000187  nan
3000188  nan
3000192  nan
3000193  nan
3000194  nan
3000195  nan
3000196  nan
3000200  nan
3000201  nan
3000202  nan
3000203  nan
3000204  nan
3000205  nan
3000209  nan
3000215  nan
3000217  nan
3000219  nan
3000225  nan
3000226  nan
3000227  nan
3000252  nan
3000253  nan
3000255  nan
3000256  nan
3000258  nan
3000259  nan
3000268  nan
3000269  nan
3000276  nan
3000277  nan
3000309  nan
3000310  nan
3000312  nan
3000313  nan
3000314  nan
3000316  nan
3000320  nan
3000321  nan
3000323  nan
3000333  nan
3000334  nan
3000339  nan
3000343  nan
3000345  nan
3000346  nan
3000348  nan
3000349  nan
3000350  nan
3000351  nan
3000352  nan
3000353  nan
3000355  nan
3000356  nan
3000357  nan
3000360  nan
3000362  nan
3000363  nan
3000364  nan
3000366  nan
3000369  nan
3000370  nan
3000371  nan
3000372  nan
3000379  nan
3000383  nan
3000384  nan
3000386  nan
3000388  nan
3000390  nan
3000391  nan
3000392  nan
3000396  nan
3000397  nan
3000398  nan
3000400  nan
3000404  nan
3000405  nan
3000406  nan
3000407  nan
3000410  nan
3000411  nan
3000412  nan
3000417  nan
3000418  nan
3000419  nan
3000421  nan
3000423  nan
3000424  nan
3000426  nan
3000427  nan
3000428  nan
3000431  nan
3000432  nan
3000443  nan
3000444  nan
3000446  nan
3000448  nan
3000459  nan
3000461  nan
3000462  nan
3000463  nan
3000464  nan
3000465  nan
3000467  nan
3000468  nan
3000469  nan
3000471  nan
3000473  nan
3000475  nan
3100038  nan
3100039  nan
3100040  nan
3100041  nan
3100042  nan
3100045  nan
3100049  nan
3100053  nan
3100057  nan
3100061  nan
3100065  nan
3100069  nan
3100077  nan
3100078  nan
3100081  nan
3100084  nan
3100088  nan
3100089  nan
3100091  nan
3100092  nan
3100093  nan
3100098  nan
3100102  nan
3201344  nan
3201345  nan
3201346  nan
3201347  nan
3201350  nan
3201351  nan
3201352  nan
3201353  nan
3201354  nan
3201356  nan
3201357  nan
3201358  nan
3201359  nan
3201362  nan
3201363  nan
3201365  nan
3201367  nan
3201368  nan
3201369  nan
3201370  nan
3201373  nan
3201374  nan
3201375  nan
3201378  nan
3201392  nan
3201393  nan
3201394  nan
3201397  nan
3201398  nan
3201399  nan
3201400  nan
3201402  nan
3201403  nan
3201404  nan
3201406  nan
3201407  nan
3201410  nan
3201411  nan
3201412  nan
3201413  nan
3201415  nan
3201420  nan
3201421  nan
3201422  nan
3201423  nan
3201424  nan
3201425  nan
3201429  nan
3201431  nan
3201432  nan
3201433  nan
3201434  nan
3201435  nan
3201436  nan
3201437  nan
3201438  nan
3201439  nan
3201446  nan
3201447  nan
3201448  nan
3201451  nan
3201452  nan
3201453  nan
3201454  nan
3201455  nan
3201460  nan
3201461  nan
3201463  nan
3201464  nan
3201467  nan
3201468  nan
3201474  nan
3201483  nan
3201503  nan
3201504  nan
3201505  nan
3201506  nan
3201507  nan
3201508  nan
3201509  nan
3201512  nan
3201513  nan
3201514  nan
3201515  nan
3201517  nan
3201518  nan
3201519  nan
3201520  nan
3201522  nan
3201524  nan
3201525  nan
3201527  nan
3201531  nan
3201532  nan
3201533  nan
3201534  nan
3201536  nan
3201537  nan
3201538  nan
3201539  nan
3201541  nan
3201543  nan
3201544  nan
3201546  nan
3201550  nan
3201551  nan
3201552  nan
3201553  nan
3201555  nan
3201556  nan
3201557  nan
3201558  nan
3201560  nan
3201562  nan
3201563  nan
3201565  nan
3201569  nan
3201573  nan
3201574  nan
3201575  nan
3201576  nan
3201577  nan
3201579  nan
3201580  nan
3201582  nan
3201583  nan
3201584  nan
3201586  nan
3201590  nan
3201591  nan
3201592  nan
3201593  nan
3201594  nan
3201596  nan
3201598  nan
3201599  nan
3201600  nan
3201601  nan
3201602  nan
3201603  nan
3201606  nan
3201608  nan
3201609  nan
3201610  nan
3201611  nan
3201614  nan
3201615  nan
3201616  nan
3201618  nan
3201622  nan
3201623  nan
3201625  nan
3201626  nan
3201627  nan
3201637  nan
3201641  nan
3201644  nan
3201645  nan
3201646  nan
3201649  nan
3201650  nan
3201651  nan
3201653  nan
3201654  nan
3201655  nan
3201656  nan
3201660  nan
3201661  nan
3201662  nan
3201665  nan
3201667  nan
3201668  nan
3201669  nan
3201670  nan
3201673  nan
3201674  nan
3201675  nan
3201676  nan
3201677  nan
3201679  nan
3201681  nan
3201686  nan
3201687  nan
3201688  nan
3201690  nan
3201693  nan
3201694  nan
3201696  nan
3201697  nan
3201698  nan
3201703  nan
3201704  nan
3201706  nan
3201707  nan
3201708  nan
3201709  nan
3201710  nan
3201714  nan
3201715  nan
3201716  nan
3201717  nan
3201724  nan
3201728  nan
3300039  nan
3300040  nan
3300041  nan
3300042  nan
3300045  nan
3300048  nan
3300050  nan
3300052  nan
3300053  nan
3300054  nan
3300055  nan
3300056  nan
3300058  nan
3300061  nan
3300062  nan
3300068  nan
3300069  nan
3300071  nan
3300084  nan
3300087  nan
3300088  nan
3300089  nan
3300095  nan
3300099  nan
3300103  nan
3300107  nan
3300111  nan
3300115  nan
3300119  nan
3300123  nan
3300127  nan
3300128  nan
3300130  nan
3300131  nan
3300133  nan
3300140  nan
3300141  nan
3300142  nan
3300143  nan
3300144  nan
3300145  nan
3300146  nan
3300148  nan
3300152  nan
3300153  nan
3300155  nan
3300156  nan
3300158  nan
3300159  nan
3300160  nan
3300162  nan
3300163  nan
3300164  nan
3300166  nan
3401169  nan
3401179  nan
3401180  nan
3401181  nan
3401182  nan
3401183  nan
3401186  nan
3401190  nan
3401194  nan
3401198  nan
3401202  nan
3401203  nan
3401204  nan
3401209  nan
3401211  nan
3401213  nan
3401215  nan
3401217  nan
3401218  nan
3401220  nan
3401221  nan
3401224  nan
3401226  nan
3401228  nan
3401230  nan
3401232  nan
3401233  nan
3401235  nan
3401236  nan
3401238  nan
3401244  nan
3401246  nan
3401247  nan
3401248  nan
3401253  nan
3401255  nan
3401257  nan
3401259  nan
3401261  nan
3401262  nan
3401264  nan
3401265  nan
3401268  nan
3401270  nan
3401272  nan
3401274  nan
3401276  nan
3401277  nan
3401279  nan
3401280  nan
3401282  nan
3401286  nan
3401287  nan
3401289  nan
3401290  nan
3401291  nan
3401297  nan
3401301  nan
3401302  nan
3401303  nan
3401304  nan
3401307  nan
3401308  nan
3401309  nan
3401314  nan
3401316  nan
3401318  nan
3401319  nan
3401321  nan
3401322  nan
3401325  nan
3401327  nan
3401329  nan
3401330  nan
3401332  nan
3401333  nan
3401335  nan
3500950  nan
3500951  nan
3500952  nan
3500965  nan
3500966  nan
3500967  nan
3500968  nan
3500973  nan
3500974  nan
3500975  nan
3500976  nan
3500977  nan
3500978  nan
3500979  nan
3500980  nan
3500984  nan
3500988  nan
3500989  nan
3500992  nan
3500993  nan
3500994  nan
3500997  nan
3500998  nan
3501000  nan
3501003  nan
3501004  nan
3501005  nan
3501014  nan
3501016  nan
3501021  nan
3501027  nan
3501028  nan
3501029  nan
3501032  nan
3501033  nan
3501035  nan
3501036  nan
3501037  nan
3501040  nan
3501041  nan
3501045  nan
3501046  nan
3501047  nan
3501048  nan
3501050  nan
3501052  nan
3501056  nan
3501064  nan
3501066  nan
3501069  nan
3501070  nan
3501085  nan
3501088  nan
3501089  nan
3501091  nan
3501092  nan
3501093  nan
3501094  nan
3501095  nan
3501096  nan
3501097  nan
3501101  nan
3501103  nan
3501104  nan
3501106  nan
3501108  nan
3501109  nan
3501113  nan
3501114  nan
3501118  nan
3501119  nan
3501121  nan
3501123  nan
3501127  nan
3501134  nan
3501135  nan
3501137  nan
3501144  nan
3501145  nan
3501146  nan
3501147  nan
3501157  nan
3501161  nan
3600053  nan
3600054  nan
3600063  nan
3600064  nan
3600067  nan
3600068  nan
3600069  nan
3600080  nan
3600081  nan
3600083  nan
3600084  nan
3600086  nan
3700046  nan
3700054  nan
3700055  nan
3700079  nan
3700090  nan
3700091  nan
3700092  nan
3700094  nan
3700105  nan
3700116  nan
3700117  nan
3700118  nan
3700120  nan
3700132  nan
3700133  nan
3700134  nan
3700136  nan
3700150  nan
3700160  nan
3700170  nan
3700171  nan
3700172  nan
3700175  nan
3700187  nan
3700188  nan
3700189  nan
3700191  nan
3700202  nan
3700203  nan
3700204  nan
3700207  nan
3700219  nan
3700220  nan
3700221  nan
3700223  nan
3700240  nan
3700241  nan
3700242  nan
3700243  nan
3700255  nan
3700256  nan
3700258  nan
3700259  nan
3700261  nan
3700262  nan
3700263  nan
3700265  nan
3700266  nan
3700267  nan
3700270  nan
3700280  nan
3700281  nan
3700282  nan
3700283  nan
3700285  nan
3700286  nan
3700311  nan
3700312  nan
3700314  nan
3700315  nan
3700317  nan
3700318  nan
3700319  nan
3700323  nan
3700324  nan
3700325  nan
3700327  nan
3700328  nan
3700331  nan
3700350  nan
3700351  nan
3700353  nan
3700372  nan
3700373  nan
3700375  nan
3700394  nan
3700395  nan
3700397  nan
3700409  nan
3700410  nan
3700412  nan
3800816  nan
3800817  nan
3800818  nan
3800819  nan
3800820  nan
3800824  nan
3800828  nan
3800833  nan
3800837  nan
3800841  nan
3800845  nan
3800847  nan
3800848  nan
3800851  nan
3800852  nan
3800854  nan
3800857  nan
3800859  nan
3800862  nan
3800865  nan
3800867  nan
3800868  nan
3800869  nan
3800871  nan
3800875  nan
3900056  nan
3900057  nan
3900058  nan
3900060  nan
3900061  nan
3900063  nan
3900064  nan
3900067  nan
3900068  nan
3900069  nan
3900071  nan
3900072  nan
3900082  nan
3900083  nan
3900096  nan
3900097  nan
3900106  nan
3900107  nan
3900108  nan
3900110  nan
3900111  nan
3900114  nan
3900115  nan
3900117  nan
3900118  nan
3900121  nan
3900123  nan
3900124  nan
3900135  nan
3900136  nan
3900139  nan
3900140  nan
3900141  nan
3900144  nan
3900146  nan
3900149  nan
3900151  nan
3900152  nan
3900153  nan
3900154  nan
3900157  nan
3900161  nan
3900173  nan
3900182  nan
3900183  nan
3900195  nan
3900196  nan
3900198  nan
3900199  nan
3900200  nan
3900202  nan
3900204  nan
3900205  nan
3900210  nan
3900213  nan
3900223  nan
3900225  nan
3900226  nan
3900227  nan
3900228  nan
3900229  nan
3900230  nan
3900231  nan
3900232  nan
3900234  nan
3900235  nan
3900236  nan
3900238  nan
3900239  nan
3900251  nan
3900252  nan
3900254  nan
3900256  nan
3900257  nan
3900258  nan
3900259  nan
3900260  nan
3900261  nan
3900262  nan
3900273  nan
3900274  nan
3900275  nan
3900276  nan
3900280  nan
3900281  nan
3900283  nan
3900284  nan
3900285  nan
3900286  nan
3900288  nan
4000043  nan
4000044  nan
4000045  nan
4000055  nan
4000059  nan
4000066  nan
4000071  nan
4000076  nan
4000080  nan
4000084  nan
4000088  nan
4000089  nan
4000093  nan
4000094  nan
4000095  nan
4000097  nan
4000101  nan
4000102  nan
4000103  nan
4000104  nan
4000105  nan
4000108  nan
4000112  nan
4000119  nan
4100049  nan
4100051  nan
4100052  nan
4100055  nan
4100056  nan
4100057  nan
4100060  nan
4100061  nan
4100067  nan
4100079  nan
4100081  nan
4100093  nan
4100094  nan
4100096  nan
4100097  nan
4100110  nan
4100111  nan
4100112  nan
4100114  nan
4100127  nan
4100128  nan
4100130  nan
4100142  nan
4100151  nan
4100155  nan
4100164  nan
4200050  nan
4200051  nan
4200052  nan
4200054  nan
4200055  nan
4200058  nan
4200062  nan
4200069  nan
4200094  nan
4200106  nan
4200121  nan
4200136  nan
4200153  nan
4200168  nan
4200180  nan
4200195  nan
4200210  nan
4200227  nan
4200253  nan
4200267  nan
4200298  nan
4200299  nan
4200304  nan
4200306  nan
4200307  nan
4200308  nan
4200309  nan
4200310  nan
4200311  nan
4200313  nan
4200314  nan
4200315  nan
4200317  nan
4200319  nan
4200320  nan
4200323  nan
4200324  nan
4200325  nan
4200326  nan
4200327  nan
4200328  nan
4200329  nan
4200330  nan
4200331  nan
4200332  nan
4200334  nan
4200335  nan
4200336  nan
4200338  nan
4200339  nan
4200340  nan
4200343  nan
4200344  nan
4200345  nan
4200346  nan
4200348  nan
4200379  nan
4200380  nan
4200385  nan
4200387  nan
4200388  nan
4200389  nan
4200390  nan
4200391  nan
4200392  nan
4200394  nan
4200395  nan
4200396  nan
4200397  nan
4200398  nan
4200400  nan
4200402  nan
4200403  nan
4200406  nan
4200407  nan
4200408  nan
4200409  nan
4200410  nan
4200411  nan
4200412  nan
4200413  nan
4200414  nan
4200415  nan
4200417  nan
4200418  nan
4200419  nan
4200420  nan
4200421  nan
4200423  nan
4200424  nan
4200425  nan
4200428  nan
4200429  nan
4200430  nan
4200431  nan
4200433  nan
4200461  nan
4200462  nan
4200464  nan
4200495  nan
4200496  nan
4200498  nan
4200522  nan
4200545  nan
4200585  nan
4200586  nan
4200589  nan
4200590  nan
4200591  nan
4200592  nan
4200594  nan
4200595  nan
4200598  nan
4200618  nan
4200619  nan
4200635  nan
4200654  nan
4200655  nan
4200668  nan
4200669  nan
4200670  nan
4200704  nan
4200716  nan
4200726  nan
4200746  nan
4200758  nan
4200772  nan
4200792  nan
4200804  nan
4200818  nan
4200829  nan
4200830  nan
4200831  nan
4200832  nan
4200833  nan
4200834  nan
4200835  nan
4200836  nan
4200839  nan
4200850  nan
4200886  nan
4200887  nan
4200888  nan
4200890  nan
4200903  nan
4200904  nan
4200906  nan
4200907  nan
4200909  nan
4200911  nan
4200913  nan
4200927  nan
4200928  nan
4200930  nan
4200931  nan
4200933  nan
4200935  nan
4200937  nan
4200955  nan
4200956  nan
4200958  nan
4200959  nan
4200961  nan
4200963  nan
4200964  nan
4200966  nan
4200970  nan
4200971  nan
4200973  nan
4200994  nan
4201003  nan
4300050  nan
4300076  nan
4300077  nan
4300079  nan
4300081  nan
4300083  nan
4300085  nan
4300087  nan
4300090  nan
4300093  nan
4300096  nan
4300099  nan
4300102  nan
4300105  nan
4300108  nan
4300111  nan
4300114  nan
4300117  nan
4300120  nan
4300121  nan
4300126  nan
4300131  nan
4300133  nan
4300134  nan
4300138  nan
4300139  nan
4300143  nan
4300144  nan
4300146  nan
4300153  nan
4300154  nan
4300157  nan
4300159  nan
4300167  nan
4300168  nan
4300172  nan
4300173  nan
4300174  nan
4300175  nan
4300177  nan
4300185  nan
4300197  nan
4300198  nan
4300200  nan
4300201  nan
4300202  nan
4300205  nan
4300215  nan
4300226  nan
4300227  nan
4300228  nan
4300229  nan
4300230  nan
4300232  nan
4300233  nan
4300234  nan
4300235  nan
4300236  nan
4300238  nan
4300239  nan
4300240  nan
4300242  nan
4300243  nan
4300250  nan
4300251  nan
4300252  nan
4300253  nan
4300254  nan
4300255  nan
4300256  nan
4300258  nan
4300259  nan
4300260  nan
4300261  nan
4300262  nan
4300263  nan
4300264  nan
4300265  nan
4300266  nan
4300267  nan
4300268  nan
4300273  nan
4300274  nan
4300277  nan
4300279  nan
4300281  nan
4300283  nan
4300285  nan
4300288  nan
4300289  nan
4300290  nan
4300291  nan
4300292  nan
4300293  nan
4300294  nan
4300296  nan
4300298  nan
4300303  nan
4300304  nan
4300305  nan
4300306  nan
4300315  nan
4300325  nan
4300335  nan
4300336  nan
4300337  nan
4300347  nan
4300348  nan
4300350  nan
4300352  nan
4300356  nan
4300368  nan
4300379  nan
4300380  nan
4300381  nan
4300393  nan
4300394  nan
4300395  nan
4300407  nan
4300408  nan
4300409  nan
4300410  nan
4300412  nan
4300414  nan
4300415  nan
4300417  nan
4300418  nan
4300419  nan
4300422  nan
4300423  nan
4300425  nan
4300428  nan
4300430  nan
4300432  nan
4300436  nan
4300443  nan
4300456  nan
4300457  nan
4300458  nan
4300466  nan
4300467  nan
4300476  nan
4300477  nan
4300478  nan
4300485  nan
4300493  nan
4300494  nan
4300501  nan
4300502  nan
4300503  nan
4300504  nan
4300505  nan
4300506  nan
4300508  nan
4300516  nan
4300524  nan
4300525  nan
4300526  nan
4300528  nan
4300529  nan
4300530  nan
4300532  nan
4300542  nan
4300543  nan
4300545  nan
4300547  nan
4300548  nan
4300552  nan
4300559  nan
4300560  nan
4300562  nan
4300573  nan
4300583  nan
4300584  nan
4300585  nan
4300598  nan
4300611  nan
4300612  nan
4300613  nan
4300614  nan
4300690  nan
4300699  nan
4300746  nan
4300747  nan
4300748  nan
4300749  nan
4300751  nan
4400041  nan
4400073  nan
4400076  nan
4400079  nan
4400082  nan
4400085  nan
4400088  nan
4400091  nan
4400094  nan
4400097  nan
4400100  nan
4400103  nan
4400106  nan
4400110  nan
4400113  nan
4400116  nan
4400119  nan
4400122  nan
4400125  nan
4400128  nan
4400131  nan
4400134  nan
4400137  nan
4400140  nan
4400153  nan
4400154  nan
4400155  nan
4400164  nan
4400173  nan
4400182  nan
4400191  nan
4400200  nan
4400209  nan
4400218  nan
4400227  nan
4400236  nan
4400245  nan
4400254  nan
4400264  nan
4400273  nan
4400282  nan
4400291  nan
4400300  nan
4400309  nan
4400318  nan
4400327  nan
4400336  nan
4400345  nan
4400354  nan
4400363  nan
4400378  nan
4400410  nan
4400419  nan
4500052  nan
4500053  nan
4500054  nan
4500055  nan
4500056  nan
4500060  nan
4500073  nan
4500093  nan
4500094  nan
4500099  nan
4500104  nan
4500105  nan
4500113  nan
4500114  nan
4500115  nan
4500116  nan
4500118  nan
4500119  nan
4500120  nan
4500122  nan
4500123  nan
4500125  nan
4500127  nan
4500128  nan
4500137  nan
4500138  nan
4500139  nan
4500140  nan
4500145  nan
4500147  nan
4500152  nan
4500153  nan
4500154  nan
4500159  nan
4500161  nan
4500162  nan
4500165  nan
4500166  nan
4500167  nan
4500168  nan
4500170  nan
4500171  nan
4500172  nan
4500173  nan
4500174  nan
4500176  nan
4500177  nan
4500178  nan
4500182  nan
4500185  nan
4500189  nan
4500190  nan
4500192  nan
4500193  nan
4500194  nan
4500195  nan
4500198  nan
4500200  nan
4500207  nan
4500208  nan
4500210  nan
4500212  nan
4500213  nan
4500214  nan
4500216  nan
4500217  nan
4500218  nan
4500219  nan
4500221  nan
4500222  nan
4500224  nan
4500239  nan
4500244  nan
4500245  nan
4500248  nan
4500249  nan
4500250  nan
4500251  nan
4500253  nan
4500257  nan
4500259  nan
4500261  nan
4500263  nan
4500267  nan
4500272  nan
4500274  nan
4500277  nan
4500278  nan
4500281  nan
4500299  nan
4500301  nan
4500303  nan
4500304  nan
4500305  nan
4500307  nan
4500310  nan
4500316  nan
4500321  nan
4500322  nan
4500323  nan
4500325  nan
4500330  nan
4500335  nan
4500340  nan
4500345  nan
4500350  nan
4500351  nan
4500352  nan
4500357  nan
4500365  nan
4600056  nan
4600057  nan
4600058  nan
4600059  nan
4600092  nan
4600119  nan
4600120  nan
4600123  nan
4600124  nan
4600126  nan
4600127  nan
4600128  nan
4600129  nan
4600131  nan
4600132  nan
4600134  nan
4600138  nan
4600146  nan
4700152  nan
4700153  nan
4700154  nan
4700157  nan
4700161  nan
4700165  nan
4700170  nan
4700175  nan
4700179  nan
4700183  nan
4700187  nan
4700191  nan
4700196  nan
4800038  nan
4800047  nan
4800048  nan
4800049  nan
4800051  nan
4800052  nan
4800055  nan
4800059  nan
4800066  nan
4800079  nan
4800091  nan
4800111  nan
4800123  nan
4800135  nan
4800141  nan
4800146  nan
4800147  nan
4800149  nan
4800150  nan
4800152  nan
4800153  nan
4800155  nan
4800165  nan
4900042  nan
4900048  nan
4900049  nan
4900053  nan
4900057  nan
4900058  nan
4900062  nan
4900066  nan
4900070  nan
4900074  nan
4900078  nan
4900082  nan
4900086  nan
4900087  nan
4900088  nan
4900090  nan
4900094  nan
4900098  nan
4900102  nan
4900106  nan
4900110  nan
4900117  nan
5000055  nan
5000056  nan
5000057  nan
5000059  nan
5000060  nan
5000062  nan
5000063  nan
5000071  nan
5000075  nan
5000079  nan
5000083  nan
5000087  nan
5000091  nan
5000095  nan
5000099  nan
5000103  nan
5100046  nan
5100047  nan
5100048  nan
5100057  nan
5100068  nan
5100079  nan
5100091  nan
5100095  nan
5100104  nan
5100113  nan
5100123  nan
5100133  nan
5100140  nan
5200225  nan
5200226  nan
5200227  nan
5200230  nan
5200234  nan
5200235  nan
5200240  nan
5200241  nan
5300404  nan
5300405  nan
5300406  nan
5300408  nan
5300409  nan
5300410  nan
5300411  nan
5300412  nan
5300413  nan
5300414  nan
5300417  nan
5300421  nan
5300422  nan
5300426  nan
5300427  nan
5300431  nan
5300432  nan
5300436  nan
5300440  nan
5300444  nan
5300445  nan
5300446  nan
5300447  nan
5300449  nan
5300450  nan
5300451  nan
5300456  nan
5300457  nan
5300458  nan
5300459  nan
5300461  nan
5300462  nan
5300463  nan
5300468  nan
5300469  nan
5300470  nan
5300471  nan
5300473  nan
5300474  nan
5300475  nan
5300480  nan
5300481  nan
5300482  nan
5300483  nan
5300484  nan
5300485  nan
5300486  nan
5300487  nan
5300489  nan
5300494  nan
5300495  nan
5300496  nan
5300500  nan
5300501  nan
5300507  nan
5300508  nan
5300514  nan
5300518  nan
5300522  nan
5300523  nan
5300527  nan
5300528  nan
5300532  nan
5300536  nan
5300537  nan
5300538  nan
5300539  nan
5300541  nan
5300542  nan
5300543  nan
5300548  nan
5300549  nan
5300550  nan
5300551  nan
5300553  nan
5300554  nan
5300555  nan
5300560  nan
5300561  nan
5300565  nan
5300569  nan
5300570  nan
5300574  nan
5300578  nan
5300582  nan
5300586  nan
5300587  nan
5300591  nan
5300595  nan
5300599  nan
5300603  nan
5300607  nan
5300608  nan
5300610  nan
5300611  nan
5300613  nan
5300618  nan
5300619  nan
5300620  nan
5300621  nan
5300622  nan
5300627  nan
5300632  nan
5400055  nan
5400056  nan
5400058  nan
5400059  nan
5400060  nan
5400062  nan
5400063  nan
5400065  nan
5400071  nan
5400081  nan
5400082  nan
5400085  nan
5400089  nan
5400093  nan
5400094  nan
5400096  nan
5400097  nan
5400099  nan
5400100  nan
5400102  nan
5400109  nan
5400118  nan
5400128  nan
5400138  nan
5400139  nan
5400140  nan
5400141  nan
5400142  nan
5400144  nan
5400150  nan
5400154  nan
5400155  nan
5400156  nan
5400157  nan
5400158  nan
5400159  nan
5400160  nan
5400162  nan
5400163  nan
5400164  nan
5400165  nan
5400166  nan
5400170  nan
5400171  nan
5400172  nan
5400173  nan
5400174  nan
5400175  nan
5400176  nan
5400177  nan
5400178  nan
5400179  nan
5400180  nan
5400181  nan
5400183  nan
5400184  nan
5400185  nan
5400186  nan
5400187  nan
5400188  nan
5400189  nan
5400190  nan
5400191  nan
5400192  nan
5400193  nan
5400194  nan
5400197  nan
5400198  nan
5400200  nan
5400201  nan
5400203  nan
5400204  nan
5400205  nan
5400209  nan
5400210  nan
5400212  nan
5400213  nan
5400215  nan
5400220  nan
5400221  nan
5400234  nan
5400235  nan
5400237  nan
5400238  nan
5400240  nan
5400241  nan
5400253  nan
5400262  nan
5500779  nan
5500780  nan
5500781  nan
5500782  nan
5600042  nan
5600043  nan
5600044  nan
5600048  nan
5600052  nan
5600056  nan
5600060  nan
5600064  nan
5600068  nan
5600069  nan
5600070  nan
5600071  nan
5600072  nan
5600074  nan
5600076  nan
5600080  nan
5600081  nan
5600082  nan
5600083  nan
5600084  nan
5600085  nan
5600086  nan
5600087  nan
5600090  nan
5600093  nan
5600097  nan
5600104  nan
5700045  nan
5700068  nan
5700071  nan
5700072  nan
5700081  nan
5700090  nan
5700100  nan
5700111  nan
5700112  nan
5700115  nan
5700116  nan
5700117  nan
5700118  nan
5700119  nan
5700122  nan
5700123  nan
5700124  nan
5700126  nan
5700127  nan
5700128  nan
5700129  nan
5700131  nan
5700132  nan
5700135  nan
5700137  nan
5700138  nan
5700148  nan
5700149  nan
5700155  nan
5700156  nan
5700157  nan
5700158  nan
5700171  nan
5700181  nan
5700182  nan
5700184  nan
5700185  nan
5700187  nan
5700191  nan
5700192  nan
5700194  nan
5700197  nan
5700202  nan
5700203  nan
5700209  nan
5700211  nan
5700212  nan
5700213  nan
5700217  nan
5700221  nan
5700225  nan
5700229  nan
5700233  nan
5700237  nan
5700241  nan
5800042  nan
5800045  nan
5800053  nan
5800054  nan
5800056  nan
5800057  nan
5800058  nan
5800059  nan
5800061  nan
5800062  nan
5800064  nan
5800066  nan
5800067  nan
5800069  nan
5800075  nan
5800076  nan
5800088  nan
5800093  nan
5800120  nan
5800121  nan
5800123  nan
5800129  nan
5800134  nan
5800139  nan
5800140  nan
5800142  nan
5800148  nan
5800149  nan
5800152  nan
5800153  nan
5800156  nan
5800157  nan
5800158  nan
5800159  nan
5800161  nan
5800162  nan
5800166  nan
5800167  nan
5800168  nan
5800170  nan
5800175  nan
5800176  nan
5800177  nan
5800179  nan
5800180  nan
5800182  nan
5800184  nan
5800188  nan
5800190  nan
5800195  nan
5800196  nan
5800198  nan
5900043  nan
5900044  nan
5900045  nan
5900054  nan
5900063  nan
5900076  nan
5900088  nan
5900100  nan
5900104  nan
5900105  nan
5900109  nan
5900110  nan
5900114  nan
5900115  nan
5900127  nan
5900128  nan
5900129  nan
5900130  nan
5900131  nan
5900133  nan
5900142  nan
5900143  nan
5900144  nan
5900145  nan
6000058  nan
6000060  nan
6000061  nan
6000064  nan
6000065  nan
6000066  nan
6000067  nan
6000070  nan
6000071  nan
6000080  nan
6000081  nan
6000083  nan
6000096  nan
6000097  nan
6000100  nan
6000112  nan
6000113  nan
6000123  nan
6000132  nan
6000144  nan
6100046  nan
6100047  nan
6100048  nan
6100050  nan
6100053  nan
6100054  nan
6100055  nan
6100057  nan
6100061  nan
6100065  nan
6100069  nan
6100073  nan
6100077  nan
6100081  nan
6100085  nan
6100086  nan
6100087  nan
6100088  nan
6100090  nan
6100094  nan
6100098  nan
6100102  nan
6100111  nan
6100120  nan
6100129  nan
6100138  nan
6100148  nan
6100158  nan
6100168  nan
6100178  nan
6100182  nan
6100186  nan
6100190  nan
6100194  nan
6100198  nan
6100202  nan
6200759  nan
6200760  nan
6200763  nan
6200767  nan
6200771  nan
6300046  nan
6300047  nan
6300048  nan
6300051  nan
6300055  nan
6300059  nan
6300060  nan
6300062  nan
6300063  nan
6300064  nan
6300068  nan
6300072  nan
6300073  nan
6300076  nan
6300077  nan
6300079  nan
6300083  nan
6300085  nan
6300089  nan
6300090  nan
6300092  nan
6300096  nan
6300100  nan
6300104  nan
6300105  nan
6300107  nan
6300112  nan
6300116  nan
6300120  nan
6300124  nan
6300128  nan
6300129  nan
6300130  nan
6300132  nan
6300134  nan
6300138  nan
6300145  nan
6400042  nan
6400043  nan
6400044  nan
6400048  nan
6400052  nan
6400053  nan
6400054  nan
6400056  nan
6400060  nan
6400064  nan
6400068  nan
6400072  nan
6400076  nan
6400080  nan
6400092  nan
6400093  nan
6400094  nan
6400096  nan
6400100  nan
6400104  nan
6400108  nan
6400112  nan
6400116  nan
6400123  nan
6500047  nan
6500048  nan
6500059  nan
6500060  nan
6500074  nan
6500076  nan
6500077  nan
6500080  nan
6500082  nan
6500083  nan
6500085  nan
6500087  nan
6500088  nan
6500090  nan
6500092  nan
6500101  nan
6500113  nan
6500114  nan
6500115  nan
6500127  nan
6500128  nan
6500129  nan
6500141  nan
6500153  nan
6500154  nan
6500158  nan
6500162  nan
6500166  nan
6500175  nan
6500184  nan
6500188  nan
6500192  nan
6500196  nan
6500200  nan
6500204  nan
6500208  nan
6500217  nan
6600058  nan
6600059  nan
6600072  nan
6600073  nan
6600074  nan
6600076  nan
6600077  nan
6600078  nan
6600080  nan
6600083  nan
6600084  nan
6600085  nan
6600086  nan
6600087  nan
6600088  nan
6600089  nan
6600090  nan
6600091  nan
6600101  nan
6600102  nan
6600113  nan
6600114  nan
6600115  nan
6600116  nan
6600117  nan
6600118  nan
6600119  nan
6600120  nan
6600121  nan
6600122  nan
6600123  nan
6600124  nan
6600128  nan
6600129  nan
6600131  nan
6600141  nan
6600142  nan
6600143  nan
6600145  nan
6600158  nan
6600170  nan
6600182  nan
6600186  nan
6600190  nan
6600202  nan
6600203  nan
6600204  nan
6600211  nan
6600220  nan
6600229  nan
6600233  nan
6600234  nan
6600238  nan
6600247  nan
6600251  nan
6600252  nan
6600254  nan
6700054  nan
6700056  nan
6700057  nan
6700060  nan
6700061  nan
6700062  nan
6700064  nan
6700067  nan
6700068  nan
6700069  nan
6700082  nan
6700083  nan
6700084  nan
6700086  nan
6700087  nan
6700088  nan
6700089  nan
6700098  nan
6700099  nan
6700109  nan
6700110  nan
6700122  nan
6700123  nan
6700124  nan
6700125  nan
6700126  nan
6700136  nan
6700137  nan
6700138  nan
6700140  nan
6700154  nan
6700166  nan
6700167  nan
6700168  nan
6700173  nan
6700180  nan
6700189  nan
6700199  nan
6700203  nan
6700207  nan
6700211  nan
6700215  nan
6700219  nan
6700223  nan
6700232  nan
6700236  nan
6700237  nan
6700239  nan
6800047  nan
6800048  nan
6800049  nan
6800052  nan
6800061  nan
6800062  nan
6800064  nan
6800069  nan
6800081  nan
6800083  nan
6800084  nan
6800085  nan
6800086  nan
6800088  nan
6800093  nan
6800097  nan
6800098  nan
6800100  nan
6800105  nan
6800106  nan
6800108  nan
6800114  nan
6800119  nan
6800124  nan
6800128  nan
6800132  nan
6800136  nan
6800140  nan
6800144  nan
6800151  nan
6900042  nan
6900043  nan
6900044  nan
6900053  nan
6900057  nan
6900061  nan
6900065  nan
6900069  nan
6900070  nan
6900074  nan
6900075  nan
6900076  nan
6900078  nan
6900082  nan
6900083  nan
6900084  nan
6900085  nan
6900086  nan
6900089  nan
6900093  nan
6900094  nan
6900101  nan
7000038  nan
7000039  nan
7000043  nan
7000048  nan
7000053  nan
7000058  nan
7000063  nan
7100045  nan
7100046  nan
7100047  nan
7100050  nan
7100061  nan
7100073  nan
7100074  nan
7100076  nan
7100080  nan
7100093  nan
7100097  nan
7100098  nan
7100101  nan
7100102  nan
7100104  nan
7100105  nan
7100108  nan
7100109  nan
7100112  nan
7100113  nan
7100114  nan
7100116  nan
7100129  nan
7100134  nan
7100135  nan
7100136  nan
7100141  nan
7100145  nan
7100146  nan
7100147  nan
7100155  nan
7100156  nan
7100157  nan
7100163  nan
7100169  nan
7100174  nan
7100180  nan
7100181  nan
7100182  nan
7100183  nan
7100190  nan
7100192  nan
7100201  nan
7100205  nan
7100209  nan
7100213  nan
7100217  nan
7100221  nan
7100225  nan
7100229  nan
7100235  nan
7100236  nan
7100237  nan
7100238  nan
7100240  nan
7100244  nan
7100251  nan
7200436  nan
7200437  nan
7200445  nan
7200446  nan
7200448  nan
7200449  nan
7200451  nan
7200452  nan
7200454  nan
7200455  nan
7200457  nan
7200458  nan
7200460  nan
7200461  nan
7200463  nan
7200464  nan
7200466  nan
7200467  nan
7200469  nan
7200470  nan
7200472  nan
7200473  nan
7200475  nan
7200476  nan
7200478  nan
7200479  nan
7200485  nan
7200486  nan
7200488  nan
7200489  nan
7200491  nan
7200492  nan
7200494  nan
7200495  nan
7200497  nan
7200498  nan
7200500  nan
7200501  nan
7200503  nan
7200504  nan
7200506  nan
7200507  nan
7200509  nan
7200510  nan
7200512  nan
7200513  nan
7200515  nan
7200516  nan
7200518  nan
7200519  nan
7200521  nan
7200522  nan
7200524  nan
7200525  nan
7200527  nan
7200528  nan
7200530  nan
7200531  nan
7200533  nan
7200534  nan
7200536  nan
7200537  nan
7200539  nan
7200540  nan
7200542  nan
7200543  nan
7200545  nan
7200546  nan
7200548  nan
7200549  nan
7200551  nan
7200552  nan
7200555  nan
7200558  nan
7200562  nan
7300281  nan
7300282  nan
7300283  nan
7300285  nan
7300286  nan
7300287  nan
7300288  nan
7300291  nan
7300295  nan
7300299  nan
7300303  nan
7300307  nan
7300311  nan
7300315  nan
7300316  nan
7300317  nan
7300321  nan
7300322  nan
7300323  nan
7300327  nan
7300328  nan
7300334  nan
7300335  nan
7300341  nan
7300342  nan
7300344  nan
7300345  nan
7300347  nan
7300351  nan
7300352  nan
7300354  nan
7300355  nan
7300357  nan
7300361  nan
7300366  nan
7300367  nan
7300368  nan
7300369  nan
7300370  nan
7300373  nan
7300378  nan
7400060  nan
7400062  nan
7400064  nan
7400066  nan
7400068  nan
7400070  nan
7400072  nan
7400074  nan
7400076  nan
7400078  nan
7400080  nan
7400082  nan
7400094  nan
7400095  nan
7400096  nan
7400105  nan
7400114  nan
7400123  nan
7400132  nan
7400141  nan
7400151  nan
7400160  nan
7400169  nan
7400178  nan
7400187  nan
7400196  nan
7400205  nan
7400216  nan
7400234  nan
7400243  nan
7501307  nan
7501308  nan
7501309  nan
7501312  nan
7501313  nan
7501316  nan
7501317  nan
7501320  nan
7600526  nan
7600532  nan
7700052  nan
7700053  nan
7700054  nan
7700056  nan
7700057  nan
7700059  nan
7700060  nan
7700069  nan
7700073  nan
7700077  nan
7700081  nan
7700085  nan
7700089  nan
7700093  nan
7700097  nan
7700101  nan
7800047  nan
7800048  nan
7800049  nan
7800051  nan
7800052  nan
7800055  nan
7800059  nan
7800063  nan
7800067  nan
7800071  nan
7800072  nan
7800076  nan
7800077  nan
7800081  nan
7800082  nan
7800086  nan
7800087  nan
7800091  nan
7800092  nan
7800096  nan
7800097  nan
7800101  nan
7800105  nan
7800109  nan
7800119  nan
7800130  nan
7800131  nan
7800132  nan
7800133  nan
7800134  nan
7800138  nan
7800147  nan
7800148  nan
7800149  nan
7800150  nan
7800151  nan
7900032  nan
7900038  nan
7900044  nan
7900045  nan
7900049  nan
7900053  nan
7900062  nan
7900071  nan
7900080  nan
7900085  nan
7900089  nan
7900093  nan
7900097  nan
7900101  nan
7900105  nan
7900109  nan
7900113  nan
7900117  nan
7900121  nan
7900125  nan
7900129  nan
7900134  nan
7900135  nan
7900137  nan
7900138  nan
7900140  nan
7900141  nan
7900143  nan
7900148  nan
7900149  nan
7900151  nan
7900155  nan
7900164  nan
7900171  nan
8000259  nan
8000260  nan
8000261  nan
8000266  nan
8000267  nan
8000269  nan
8000270  nan
8000272  nan
8000278  nan
8000282  nan
8000284  nan
8000286  nan
8000288  nan
8000290  nan
8000292  nan
8000294  nan
8000296  nan
8000298  nan
8000300  nan
8000302  nan
8000304  nan
8000306  nan
8000308  nan
8000311  nan
8000321  nan
8000323  nan
8000325  nan
8000327  nan
8000329  nan
8000331  nan
8000333  nan
8000335  nan
8000337  nan
8000339  nan
8000341  nan
8000343  nan
8000345  nan
8000348  nan
8100838  nan
8100839  nan
8100840  nan
8100841  nan
8100849  nan
8100858  nan
8100867  nan
8100876  nan
8100898  nan
8100899  nan
8100900  nan
8100922  nan
8100923  nan
8100924  nan
8100939  nan
8100940  nan
8100941  nan
8100956  nan
8100957  nan
8100958  nan
8100972  nan
8100986  nan
8100999  nan
8200103  nan
8200104  nan
8200123  nan
8200124  nan
8200125  nan
8200126  nan
8200127  nan
8200139  nan
8200140  nan
8200153  nan
8200154  nan
8200155  nan
8200156  nan
8200157  nan
8200159  nan
8200160  nan
8200161  nan
8200162  nan
8200175  nan
8200176  nan
8200190  nan
8200191  nan
8200192  nan
8200193  nan
8200194  nan
8200196  nan
8200197  nan
8200199  nan
8200200  nan
8200202  nan
8200203  nan
8200204  nan
8200205  nan
8200207  nan
8200208  nan
8200209  nan
8200212  nan
8200213  nan
8200214  nan
8200215  nan
8200216  nan
8200217  nan
8200218  nan
8200219  nan
8200221  nan
8200222  nan
8200223  nan
8200224  nan
8200228  nan
8200229  nan
8200232  nan
8200233  nan
8200234  nan
8200235  nan
8200238  nan
8200239  nan
8200245  nan
8200248  nan
8200249  nan
8200250  nan
8200251  nan
8200260  nan
8200261  nan
8200262  nan
8200264  nan
8200265  nan
8200266  nan
8200267  nan
8200268  nan
8200269  nan
8200271  nan
8200282  nan
8200283  nan
8200284  nan
8200285  nan
8200286  nan
8200298  nan
8200299  nan
8200300  nan
8200301  nan
8200302  nan
8200311  nan
8200323  nan
8200335  nan
8200346  nan
8200358  nan
8200370  nan
8200383  nan
8200402  nan
8200403  nan
8200404  nan
8200405  nan
8200407  nan
8200408  nan
8200409  nan
8200429  nan
8200430  nan
8200432  nan
8200433  nan
8200434  nan
8200435  nan
8200438  nan
8200439  nan
8200440  nan
8200441  nan
8200442  nan
8200443  nan
8200444  nan
8200445  nan
8200446  nan
8200447  nan
8200448  nan
8200449  nan
8200450  nan
8200452  nan
8200453  nan
8200454  nan
8200455  nan
8200461  nan
8200462  nan
8200463  nan
8200464  nan
8200465  nan
8200466  nan
8200469  nan
8200470  nan
8200471  nan
8200473  nan
8200474  nan
8200476  nan
8200477  nan
8200478  nan
8200490  nan
8200491  nan
8200492  nan
8200493  nan
8200494  nan
8200495  nan
8200496  nan
8200497  nan
8200498  nan
8200499  nan
8200500  nan
8200502  nan
8200521  nan
8200522  nan
8200523  nan
8200525  nan
8200526  nan
8200527  nan
8200545  nan
8200546  nan
8200547  nan
8200549  nan
8200550  nan
8200551  nan
8200569  nan
8200570  nan
8200571  nan
8200573  nan
8200574  nan
8200575  nan
8200594  nan
8200595  nan
8200597  nan
8200598  nan
8200599  nan
8200600  nan
8200601  nan
8200602  nan
8200606  nan
8200619  nan
8200632  nan
8200647  nan
8200661  nan
8200662  nan
8200663  nan
8200664  nan
8200665  nan
8200666  nan
8200669  nan
8200685  nan
8200686  nan
8200688  nan
8200689  nan
8200690  nan
8200691  nan
8200694  nan
8200710  nan
8200711  nan
8200712  nan
8200713  nan
8200715  nan
8200717  nan
8200718  nan
8200719  nan
8200720  nan
8200722  nan
8200724  nan
8200725  nan
8200727  nan
8200743  nan
8200744  nan
8200745  nan
8200746  nan
8200747  nan
8200748  nan
8200751  nan
8200752  nan
8200753  nan
8200755  nan
8200768  nan
8200769  nan
8200770  nan
8200771  nan
8200772  nan
8200773  nan
8200775  nan
8200776  nan
8200777  nan
8200779  nan
8200780  nan
8200791  nan
8200792  nan
8200794  nan
8200806  nan
8200807  nan
8200809  nan
8300444  nan
8300445  nan
8300446  nan
8300447  nan
8300448  nan
8300452  nan
8300457  nan
8300463  nan
8300464  nan
8300466  nan
8300467  nan
8300469  nan
8300475  nan
8300480  nan
8300482  nan
8300484  nan
8300486  nan
8300488  nan
8300490  nan
8300492  nan
8300494  nan
8300496  nan
8300498  nan
8300500  nan
8300502  nan
8300504  nan
8300506  nan
8300508  nan
8300510  nan
8300512  nan
8300514  nan
8300516  nan
8300518  nan
8300520  nan
8300522  nan
8300524  nan
8300526  nan
8300528  nan
8300531  nan
8300541  nan
8300543  nan
8300545  nan
8300547  nan
8300549  nan
8300551  nan
8300553  nan
8300555  nan
8300557  nan
8300559  nan
8300561  nan
8300563  nan
8300565  nan
8300567  nan
8300569  nan
8300571  nan
8300573  nan
8300575  nan
8300577  nan
8300579  nan
8300581  nan
8300583  nan
8300585  nan
8300587  nan
8300590  nan
