Chart-1	14	212	1066	1907	14	14	14	14	
Chart-2	137	108	43	302	134	92	92	92	
Chart-3	84	97	84	134	84	84	84	84	
Chart-4	50	353	583	50	50	50	50	173	
Chart-5	15	28	3	144	25	15	15	15	
Chart-6	3	7	15	14	3	3	3	17	
Chart-7	59	72	59	65	59	59	59	59	
Chart-8	1	9	2	53	1	1	1	1	
Chart-9	69	192	37	848	88	69	69	69	
Chart-11	5	5	43	48	5	5	5	5	
Chart-12	5	14	379	718	5	5	5	5	
Chart-15	211	552	1840	4019	211	211	211	211	
Chart-16	1	14	1	1	1	1	1	1	
Chart-17	41	63	68	110	41	41	41	41	
Chart-20	1	1	134	178	1	1	1	1	
Chart-21	38	68	61	42	38	38	38	38	
Chart-22	60	61	60	60	77	60	60	19	
Chart-25	3267	3267	3267	3267	3098	3267	3248	2945	
Chart-26	174	371	1163	174	174	174	174	660	
Lang-1	10	33	20	102	10	10	10	10	
Lang-2	17	9	2	82	24	17	17	17	
Lang-3	25	43	35	114	25	25	25	25	
Lang-4	5	2	5	26	5	5	5	5	
Lang-5	5	12	5	27	5	5	5	5	
Lang-6	99	16	32	72	99	99	99	99	
Lang-7	121	138	15	239	139	121	121	121	
Lang-9	32	38	32	32	32	32	32	46	
Lang-10	43	58	1	311	113	63	63	63	
Lang-12	3	4	3	3	3	3	3	7	
Lang-14	4	5	123	658	4	4	4	4	
Lang-15	183	183	183	183	183	183	183	261	
Lang-16	4	22	40	209	4	4	4	4	
Lang-17	116	33	116	2	108	116	116	116	
Lang-18	56	44	27	95	143	56	56	56	
Lang-19	6	14	6	6	6	6	6	7	
Lang-20	27	28	8	1228	27	8	8	8	
Lang-22	14	22	1	14	14	14	14	29	
Lang-26	15	116	40	242	15	15	15	15	
Lang-27	127	146	49	486	145	127	127	127	
Lang-28	11	30	21	38	11	11	11	11	
Lang-30	25	25	25	6	6	3	3	5	
Lang-31	4	5	5	16	4	4	4	4	
Lang-32	3	3	9	2	3	3	3	3	
Lang-34	1	105	19	1	1	1	1	7	
Lang-36	19	37	41	19	19	19	19	23	
Lang-37	6	25	58	794	6	6	6	6	
Lang-39	26	26	116	765	26	26	26	26	
Lang-40	3	4	94	561	3	3	3	3	
Lang-41	38	38	5	35	38	6	6	6	
Lang-42	51	53	51	207	51	51	51	51	
Lang-44	3	3	3	9	3	3	3	3	
Lang-46	1	3	1	44	1	1	1	1	
Lang-47	35	35	27	322	35	27	27	27	
Lang-48	6	9	6	34	6	6	6	6	
Lang-50	138	141	38	121	138	38	37	6	
Lang-53	78	123	136	138	123	123	138	138	
Lang-54	10	15	10	35	10	10	10	10	
Lang-55	2	14	2	2	2	2	2	2	
Lang-59	10	12	10	277	10	10	10	10	
Lang-60	8	49	109	660	8	8	8	8	
Lang-61	11	49	24	191	11	11	11	24	
Lang-62	114	157	116	170	157	157	167	167	
Lang-63	21	25	24	110	21	21	21	21	
Lang-64	22	36	33	45	22	22	22	22	
Lang-65	7	9	7	54	7	7	7	7	
Math-1	407	407	509	604	407	386	386	51	
Math-2	38	34	5	1720	52	38	38	38	
Math-6	70	23	70	70	107	107	107	123	
Math-7	215	358	221	725	260	215	215	215	
Math-11	8	35	55	675	8	8	8	8	
Math-13	144	177	152	165	144	144	144	144	
Math-14	50	98	113	89	50	50	50	50	
Math-15	633	13	343	13	633	633	633	633	
Math-16	596	591	399	1	596	596	596	595	
Math-17	113	480	19	685	703	113	113	113	
Math-21	53	115	101	70	53	53	53	53	
Math-23	148	243	14	117	237	148	148	148	
Math-24	150	101	16	167	310	150	150	150	
Math-26	369	42	26	123	432	369	369	369	
Math-27	28	28	28	35	28	28	28	28	
Math-28	63	209	3	316	178	63	63	63	
Math-29	197	198	145	131	162	15	11	7	
Math-30	28	266	28	38	28	28	28	28	
Math-31	160	35	8	491	160	330	330	330	
Math-33	69	103	19	467	129	69	69	69	
Math-34	14	15	4	135	14	14	14	14	
Math-35	9	14	9	9	8	9	9	8	
Math-36	355	355	355	357	355	355	355	37	
Math-37	247	247	245	266	245	213	213	199	
Math-40	36	97	98	461	36	36	36	36	
Math-41	35	84	342	560	35	35	35	35	
Math-42	115	319	67	4100	252	115	115	115	
Math-43	61	125	111	61	61	61	61	63	
Math-44	159	111	407	161	201	159	159	159	
Math-45	6	7	420	831	6	6	6	6	
Math-46	16	16	19	16	16	16	16	22	
Math-47	11	14	14	11	11	11	11	67	
Math-48	355	680	1	558	714	355	355	355	
Math-49	408	412	410	468	408	408	408	408	
Math-50	21	62	23	51	21	21	21	21	
Math-52	42	368	77	804	42	42	42	42	
Math-53	13	13	13	13	13	13	13	13	
Math-54	7	500	59	1927	7	7	7	7	
Math-55	20	23	20	86	20	20	20	20	
Math-57	1	332	1	23	1	1	1	1	
Math-58	45	56	54	46	45	45	45	45	
Math-62	325	325	325	2061	2059	325	325	325	
Math-64	1	31	12	1	1	1	1	1	
Math-65	120	235	23	230	120	120	120	120	
Math-66	9	6	9	9	9	9	9	1	
Math-68	47	12	8	47	47	47	47	47	
Math-69	15	17	138	15	15	15	15	15	
Math-74	814	970	757	162	718	814	814	814	
Math-76	59	91	87	59	59	59	59	59	
Math-79	30	3	22	433	30	30	30	30	
Math-81	278	144	309	176	278	278	278	278	
Math-82	217	207	217	259	210	217	217	217	
Math-83	82	196	94	237	82	82	82	82	
Math-84	20	78	20	20	20	20	20	46	
Math-85	91	110	14	159	91	91	91	91	
Math-86	24	75	24	24	24	24	24	120	
Math-87	106	137	106	334	244	106	106	106	
Math-88	83	208	95	237	83	83	83	83	
Math-89	1	4	1	95	1	1	1	1	
Math-90	1	4	1	1	1	1	1	1	
Math-92	3	14	5	37	3	3	3	3	
Math-93	1	2	53	111	1	1	1	1	
Math-94	1	1	21	96	1	1	1	1	
Math-95	12	49	67	76	12	12	12	12	
Math-96	3	14	34	104	3	3	3	3	
Math-97	7	9	22	39	7	7	7	7	
Math-98	4	27	39	774	4	4	4	4	
Math-99	24	24	75	158	24	23	23	4	
Math-100	164	142	79	141	187	164	164	164	
Math-101	17	36	21	33	17	17	17	17	
Math-103	32	40	2	83	47	32	32	32	
Math-105	25	25	65	37	25	25	25	25	
Mockito-2	3	1	1	3	3	3	3	3	
Mockito-3	15	460	339	15	15	15	15	100	
Mockito-5	2430	2914	2433	2996	2914	2914	2996	2996	
Mockito-6	858	861	728	1199	853	312	220	39	
Mockito-9	345	433	12	345	357	359	372	373	
Mockito-10	275	402	30	127	275	275	275	275	
Mockito-11	4	17	32	56	4	4	4	4	
Mockito-12	5	5	5	5	5	5	5	5	
Mockito-13	67	507	605	1062	67	67	67	67	
Mockito-14	73	489	90	66	73	73	73	73	
Mockito-16	123	327	88	108	179	123	123	123	
Mockito-17	76	19	22	66	76	76	76	76	
Mockito-18	167	247	52	252	195	167	167	167	
Mockito-20	41	124	230	41	41	41	41	156	
Mockito-21	1	8	7	215	1	1	1	1	
Mockito-22	148	2	1	137	208	148	148	148	
Mockito-23	46	555	576	88	46	46	46	46	
Mockito-24	298	525	533	323	298	298	298	318	
Mockito-25	79	417	196	79	79	79	79	81	
Mockito-26	29	34	636	1238	435	113	126	221	
Mockito-27	342	484	480	471	342	208	201	161	
Mockito-28	267	420	267	389	491	267	267	267	
Mockito-29	1607	1007	568	82	1007	1007	639	639	
Mockito-32	246	347	273	24	128	246	246	246	
Mockito-33	152	339	18	1083	355	222	242	301	
Mockito-34	118	281	72	505	118	118	118	160	
Mockito-35	426	426	235	279	406	134	110	85	
Mockito-36	70	219	118	237	126	235	244	271	
Mockito-37	22	31	26	22	22	22	22	77	
Mockito-38	1126	811	440	756	811	811	639	639	
Time-1	18	134	280	732	18	18	18	18	
Time-2	136	279	446	953	136	136	136	136	
Time-3	130	775	611	130	130	130	130	130	
Time-4	547	675	279	2701	737	547	547	547	
Time-5	30	63	203	30	30	30	30	30	
Time-7	200	383	1762	3357	200	200	200	200	
Time-8	62	69	167	457	62	62	62	62	
Time-9	60	67	165	455	60	60	60	60	
Time-10	226	411	433	701	226	226	226	229	
Time-11	412	300	23	1558	1205	412	412	412	
Time-12	1533	1533	1343	1543	1533	1325	1297	37	
Time-14	214	1490	919	214	214	214	214	227	
Time-15	5	2	52	92	5	5	5	5	
Time-17	343	488	630	1143	343	343	343	343	
Time-18	260	569	397	672	260	260	260	260	
Time-19	11	93	716	944	11	11	11	11	
Time-21	236	541	423	561	236	236	236	238	
Time-22	111	248	229	439	111	111	111	111	
Time-23	39	83	43	360	39	39	39	39	
Time-27	1095	1220	1240	312	1296	1095	1095	1095	
