1100725  0.997628390789032
1100726  0.9976206421852112
1100723  0.9976028800010681
1100802  0.9975710511207581
1100805  0.9975704550743103
1100722  0.9975661039352417
1100455  0.9975653886795044
1100785  0.9975653886795044
1100806  0.9975622892379761
1100663  0.9975618124008179
1100736  0.9975618124008179
1100458  0.9975616931915283
1100521  0.9975612163543701
1100579  0.9975605010986328
1100175  0.9975602626800537
1100467  0.9975601434707642
1100578  0.9975590705871582
1100564  0.9975588321685791
1100808  0.9975587129592896
1100807  0.9975584745407104
1100755  0.9975579977035522
1100570  0.9975577592849731
1100605  0.9975576400756836
1100525  0.9975574016571045
1100789  0.9975574016571045
1100454  0.9975572824478149
1100540  0.9975572824478149
1100727  0.9975572824478149
1100664  0.9975566864013672
1100466  0.9975564479827881
1100596  0.997556209564209
1100757  0.997556209564209
1100593  0.9975560903549194
1100762  0.9975560903549194
1100469  0.9975556135177612
1100604  0.9975556135177612
1100222  0.9975554943084717
1100812  0.9975553154945374
1100595  0.9975549578666687
1100373  0.9975547194480896
1100452  0.9975547194480896
1100463  0.9975540041923523
1100543  0.9975540041923523
1100750  0.9975537657737732
1100459  0.9975535273551941
1100603  0.9975535273551941
1100737  0.9975535273551941
1100594  0.9975534081459045
1100460  0.997553288936615
1100784  0.9975528120994568
1100583  0.9975526928901672
1100754  0.9975526928901672
1100468  0.9975517392158508
1100575  0.9975517392158508
1100492  0.9975516200065613
1100551  0.9975515007972717
1100647  0.9975510239601135
1100728  0.997550904750824
1100516  0.9975507855415344
1100591  0.9975507855415344
1100733  0.9975506663322449
1100628  0.9975503087043762
1100174  0.9975501894950867
1100650  0.9975501894950867
1100559  0.997549831867218
1100494  0.9975495934486389
1100278  0.9975494742393494
1100626  0.9975494742393494
1100251  0.9975493550300598
1100764  0.9975493550300598
1100715  0.9975488781929016
1100573  0.9975487589836121
1100633  0.997548520565033
1100490  0.9975484013557434
1100374  0.9975482821464539
1100666  0.9975482821464539
1100599  0.9975481629371643
1100721  0.9975481629371643
1100751  0.9975481629371643
1100571  0.9975479245185852
1100601  0.9975479245185852
1100720  0.9975476861000061
1100825  0.9975476861000061
1100274  0.9975475668907166
1100545  0.9975473284721375
1100648  0.9975473284721375
1100550  0.9975472092628479
1100552  0.9975472092628479
1100625  0.9975469708442688
1100199  0.9975468516349792
1100680  0.9975467324256897
1100471  0.9975464940071106
1100474  0.997546374797821
1100828  0.997546374797821
1100558  0.9975461363792419
1100352  0.9975460171699524
1100517  0.9975456595420837
1100518  0.9975455403327942
1100499  0.997545063495636
1100630  0.997545063495636
1100476  0.9975448250770569
1100629  0.9975447058677673
1100532  0.9975445866584778
1100587  0.9975445866584778
1100681  0.9975444674491882
1100537  0.9975442290306091
1100377  0.9975441098213196
1100719  0.9975436329841614
1100732  0.997543215751648
1100783  0.9975429773330688
1100280  0.9975428581237793
1100730  0.9975427389144897
1100472  0.9975426197052002
1100701  0.9975425004959106
1100462  0.9975423812866211
1100556  0.9975423812866211
1100496  0.997542142868042
1100609  0.9975420236587524
1100275  0.9975419044494629
1100226  0.9975416660308838
1100330  0.9975415468215942
1100613  0.9975415468215942
1100731  0.9975414276123047
1100497  0.9975411891937256
1100684  0.9975411891937256
1100227  0.997541069984436
1100228  0.997541069984436
1100584  0.997541069984436
1100716  0.997541069984436
1100513  0.9975408315658569
1100829  0.9975407123565674
1100698  0.9975404739379883
1100699  0.9975403547286987
1100782  0.9975398778915405
1100606  0.997539758682251
1100511  0.9975396394729614
1100554  0.9975395202636719
1100461  0.9975391626358032
1100500  0.9975391626358032
1100529  0.9975391626358032
1100480  0.9975390434265137
1100729  0.9975390434265137
1100501  0.9975384473800659
1100503  0.9975380897521973
1100378  0.9975371360778809
1100510  0.9975371360778809
1100611  0.9975370168685913
1100718  0.9975367784500122
1100779  0.9975366592407227
1100489  0.9975364208221436
1100536  0.997536301612854
1100451  0.9975361824035645
1100303  0.9975358247756958
1100223  0.9975357055664062
1100509  0.997535228729248
1100176  0.9975348711013794
1100505  0.9975348711013794
1100488  0.9975341558456421
1100507  0.9975335597991943
1100324  0.9975332021713257
1100486  0.9975324869155884
1100526  0.9975324869155884
1100830  0.9975323677062988
1100329  0.9975312948226929
1100279  0.9975312352180481
1100481  0.997530996799469
1100328  0.9975293278694153
1100379  0.9975283741950989
1100325  0.9975277781486511
1100171  0.997525155544281
1100485  0.9975247979164124
1100831  0.9975186586380005
1005375  0.9971916079521179
1005403  0.9971663355827332
1005346  0.9971517324447632
1005504  0.9971029162406921
1005330  0.9970993995666504
1005482  0.9970953464508057
1004907  0.9970947504043579
1005404  0.997093915939331
1005505  0.997092604637146
1005200  0.9970920085906982
1005507  0.9970917701721191
1005531  0.9970910549163818
1005199  0.9970904588699341
1005192  0.9970899820327759
1004977  0.9970880150794983
1005530  0.9970870614051819
1005211  0.9970858693122864
1005413  0.9970852732658386
1005208  0.9970844388008118
1005451  0.9970839619636536
1005310  0.9970836043357849
1005447  0.9970833659172058
1005216  0.9970831274986267
1005072  0.9970827698707581
1004895  0.9970824122428894
1004980  0.9970824122428894
1005193  0.9970822930335999
1004910  0.9970821738243103
1004976  0.9970806241035461
1005155  0.9970799088478088
1004796  0.9970794916152954
1005450  0.9970790147781372
1004909  0.9970786571502686
1005023  0.997078537940979
1005218  0.9970779418945312
1004834  0.9970777034759521
1005484  0.9970777034759521
1005308  0.997077226638794
1005449  0.9970766305923462
1005107  0.9970763921737671
1004974  0.9970759153366089
1004842  0.9970752000808716
1004831  0.997075080871582
1005305  0.9970749616622925
1005214  0.9970747232437134
1005205  0.9970746040344238
1005443  0.9970740079879761
1005554  0.9970740079879761
1005073  0.997073769569397
1005444  0.9970736503601074
1005312  0.9970732927322388
1004897  0.9970730543136597
1005209  0.9970729351043701
1005311  0.9970729351043701
1005481  0.997072696685791
1004978  0.9970723390579224
1005022  0.9970723390579224
1004912  0.9970718622207642
1004905  0.9970712661743164
1005553  0.9970709085464478
1005043  0.9970705509185791
1005412  0.9970704317092896
1005446  0.9970704317092896
1004906  0.9970701932907104
1004844  0.9970695972442627
1005533  0.9970695972442627
1005271  0.9970687031745911
1005272  0.9970685839653015
1004835  0.9970676302909851
1005045  0.9970675110816956
1005159  0.9970675110816956
1005201  0.997067391872406
1005327  0.997067391872406
1005304  0.9970671534538269
1005035  0.9970670342445374
1005198  0.9970670342445374
1005210  0.9970670342445374
1005328  0.9970670342445374
1005158  0.9970667958259583
1004847  0.9970666766166687
1004896  0.9970663189888
1005196  0.997066080570221
1005406  0.9970657229423523
1005156  0.9970654845237732
1005163  0.9970651268959045
1005215  0.9970651268959045
1005313  0.997065007686615
1005268  0.9970644116401672
1005322  0.997063934803009
1005277  0.9970638155937195
1005407  0.9970638155937195
1005025  0.9970634579658508
1004894  0.9970633387565613
1005267  0.9970633387565613
1005409  0.9970632195472717
1005195  0.9970631003379822
1005105  0.9970628619194031
1004838  0.9970623850822449
1005326  0.9970622658729553
1004850  0.9970619082450867
1004981  0.9970616698265076
1005314  0.997061550617218
1004984  0.9970608353614807
1005026  0.9970603585243225
1004845  0.997060239315033
1005204  0.9970600008964539
1005202  0.9970592260360718
1005130  0.9970587491989136
1005307  0.9970583915710449
1005044  0.9970581531524658
1005321  0.9970581531524658
1005213  0.9970580339431763
1004973  0.9970577955245972
1005320  0.9970577955245972
1005030  0.9970575571060181
1005047  0.997057318687439
1005456  0.9970567226409912
1004903  0.9970563650131226
1004982  0.9970561265945435
1005160  0.9970561265945435
1005556  0.9970558881759644
1005077  0.9970557689666748
1005242  0.9970557689666748
1005029  0.9970556497573853
1004983  0.9970552921295166
1005323  0.9970552921295166
1004986  0.9970550537109375
1005452  0.9970548152923584
1005275  0.9970546960830688
1004839  0.9970542192459106
1005408  0.9970541000366211
1005162  0.9970537424087524
1004944  0.9970532655715942
1005034  0.9970530271530151
1005411  0.9970530271530151
1005454  0.997052788734436
1005103  0.9970524311065674
1005274  0.9970523118972778
1005165  0.9970520734786987
1005455  0.9970518350601196
1005316  0.9970507621765137
1005036  0.997050404548645
1005325  0.9970496892929077
1005019  0.9970494508743286
1005317  0.9970494508743286
1004837  0.9970491528511047
1004891  0.9970490336418152
1005076  0.9970477223396301
1005104  0.9970472455024719
1004851  0.9970471262931824
1005039  0.9970466494560242
1005032  0.9970459342002869
1004841  0.9970454573631287
1005270  0.99704509973526
1005038  0.9970447421073914
1004890  0.9970433115959167
1005015  0.9970433115959167
1004899  0.9970431923866272
1005041  0.997042715549469
1005581  0.9970418810844421
1005018  0.9970414042472839
1004832  0.9970388412475586
1005037  0.9970377683639526
1004852  0.9970371723175049
1005021  0.9970353841781616
1004855  0.9970352649688721
1004848  0.9970338344573975
1004902  0.9970320463180542
1004853  0.9970270991325378
1005016  0.9970229268074036
1005585  0.9970195889472961
1005582  0.997019350528717
1002042  0.9964357614517212
1002041  0.9964334964752197
1002039  0.9963371753692627
1002045  0.9962273836135864
1001970  0.9962151646614075
1002152  0.9962145686149597
1002154  0.9962129592895508
1001447  0.9962077140808105
1001619  0.9962010979652405
1001621  0.9962000250816345
1001611  0.996195912361145
1001861  0.9961957931518555
1002188  0.9961948394775391
1001776  0.9961912631988525
1001871  0.9961905479431152
1001669  0.996190071105957
1002151  0.996189296245575
1002191  0.9961890578269958
1002187  0.9961888194084167
1002111  0.9961870312690735
1001618  0.9961869120597839
1001870  0.9961842894554138
1002149  0.9961840510368347
1001919  0.9961833357810974
1001610  0.9961801767349243
1002110  0.9961788654327393
1001782  0.9961780309677124
1001613  0.9961779117584229
1001456  0.9961773157119751
1001966  0.9961769580841064
1002105  0.9961767196655273
1004794  0.9961762428283691
1002071  0.9961756467819214
1001971  0.9961748123168945
1001786  0.996174156665802
1001880  0.9961740374565125
1002104  0.9961739182472229
1002080  0.9961736798286438
1001743  0.9961728453636169
1001927  0.9961709380149841
1002113  0.9961705803871155
1001657  0.9961699843406677
1001620  0.99616938829422
1001876  0.9961678385734558
1002142  0.9961672425270081
1001916  0.9961662292480469
1002038  0.9961662292480469
1001533  0.9961658716201782
1002190  0.9961658716201782
1001877  0.9961657524108887
1002194  0.9961656332015991
1001793  0.9961607456207275
1001537  0.9961605072021484
1001869  0.9961599111557007
1001628  0.9961591958999634
1001926  0.9961588382720947
1001775  0.9961583018302917
1001607  0.9961573481559753
1001881  0.9961571097373962
1001608  0.9961569905281067
1001667  0.9961565136909485
1002078  0.9961548447608948
1001918  0.9961546063423157
1001961  0.9961546063423157
1001885  0.9961543679237366
1001521  0.9961519837379456
1001974  0.9961512684822083
1001867  0.9961509704589844
1001931  0.9961508512496948
1002024  0.9961506128311157
1001784  0.9961503744125366
1001520  0.9961501359939575
1001977  0.996147871017456
1001788  0.996147632598877
1002195  0.9961472749710083
1001519  0.9961467981338501
1001915  0.99614417552948
1001612  0.9961431622505188
1001962  0.9961431622505188
1002035  0.9961428046226501
1001675  0.9961426854133606
1001779  0.9961417317390442
1001617  0.9961414933204651
1001828  0.9961406588554382
1001772  0.9961391091346741
1001862  0.9961380362510681
1001826  0.9961376786231995
1002108  0.9961376786231995
1001671  0.9961363673210144
1002017  0.9961353540420532
1002193  0.9961351156234741
1001524  0.9961341619491577
1001967  0.9961339235305786
1001789  0.9961334466934204
1002030  0.9961327314376831
1002077  0.9961320161819458
1001973  0.9961318969726562
1001923  0.996131181716919
1001875  0.9961310625076294
1001781  0.996130108833313
1002145  0.9961286783218384
1002034  0.9961285591125488
1001922  0.9961284399032593
1002075  0.9961283206939697
1001574  0.9961279034614563
1001616  0.9961277842521667
1001825  0.996127188205719
1001713  0.9961265921592712
1001798  0.996126115322113
1001451  0.9961257576942444
1001542  0.9961238503456116
1001705  0.9961238503456116
1002107  0.9961234927177429
1001864  0.9961233735084534
1002022  0.9961227774620056
1001873  0.9961218237876892
1001630  0.996121346950531
1001924  0.9961202144622803
1002025  0.9961200952529907
1002148  0.9961196184158325
1001872  0.9961179494857788
1001740  0.996117353439331
1001783  0.996117115020752
1001708  0.9961169958114624
1001658  0.9961168766021729
1001517  0.9961163997650146
1001660  0.9961161613464355
1001486  0.9961135387420654
1001928  0.9961125254631042
1002016  0.9961125254631042
1001670  0.9961121678352356
1001707  0.9961113333702087
1001661  0.9961112141609192
1001615  0.9961097836494446
1002029  0.9961097836494446
1001666  0.996109664440155
1001710  0.9961085915565491
1002072  0.99610835313797
1001920  0.9961081147193909
1001773  0.9961065649986267
1002021  0.9961058497428894
1001532  0.9961056113243103
1002074  0.9961056113243103
1001523  0.9961047172546387
1001704  0.9961038827896118
1001484  0.996103048324585
1002197  0.9961013793945312
1002146  0.9960988759994507
1001711  0.9960981607437134
1001664  0.9960980415344238
1001921  0.9960952401161194
1002143  0.9960948824882507
1001577  0.9960927367210388
1001448  0.9960913062095642
1001525  0.9960903525352478
1001522  0.9960896968841553
1001741  0.9960888624191284
1001665  0.9960885047912598
1001778  0.9960885047912598
1001530  0.9960874319076538
1001780  0.9960852861404419
1001483  0.9960803389549255
1001777  0.996080219745636
1001527  0.9960768818855286
1001516  0.99607253074646
1001528  0.99607253074646
1001575  0.9960669875144958
1001663  0.9960541725158691
1001662  0.9960495829582214
1002229  0.9960491061210632
1001526  0.9960463643074036
1002230  0.996032178401947
1002232  0.996032178401947
1100835  0.9956828355789185
1004626  0.9950827360153198
1004351  0.9950816631317139
1004784  0.9950811862945557
1004147  0.9950809478759766
1003980  0.9950802326202393
1004649  0.9950802326202393
1004699  0.9950802326202393
1004416  0.9950801134109497
1004615  0.9950801134109497
1004526  0.9950798749923706
1004669  0.995079755783081
1003988  0.995079517364502
1004678  0.995079517364502
1004214  0.9950792789459229
1004639  0.9950792789459229
1004247  0.9950789213180542
1004021  0.9950788021087646
1004611  0.9950786828994751
1004599  0.9950785636901855
1004775  0.9950785636901855
1003983  0.995078444480896
1004068  0.995078444480896
1004108  0.995078444480896
1004655  0.995078444480896
1004790  0.995078444480896
1004335  0.9950783252716064
1004684  0.9950780868530273
1004620  0.9950777292251587
1004793  0.9950777292251587
1004273  0.9950776696205139
1004697  0.9950775504112244
1004781  0.9950775504112244
1004149  0.9950774312019348
1004425  0.9950774312019348
1003994  0.9950773119926453
1003979  0.9950771927833557
1003993  0.9950770735740662
1004378  0.9950763583183289
1004432  0.9950762391090393
1004070  0.9950761198997498
1004181  0.9950761198997498
1004661  0.9950761198997498
1004427  0.9950760006904602
1003957  0.9950757622718811
1004282  0.9950757622718811
1004219  0.995075523853302
1004064  0.9950754046440125
1004279  0.9950754046440125
1004645  0.9950752854347229
1003998  0.9950751662254333
1004001  0.9950751662254333
1003999  0.9950750470161438
1004041  0.9950750470161438
1004075  0.9950749278068542
1004695  0.9950749278068542
1004772  0.9950749278068542
1004178  0.9950746893882751
1004771  0.9950746893882751
1004429  0.9950745701789856
1004646  0.9950745701789856
1004272  0.995074450969696
1004415  0.995074450969696
1004422  0.9950743317604065
1004112  0.9950740933418274
1004144  0.9950739741325378
1004628  0.9950737357139587
1004585  0.9950736165046692
1004072  0.9950734972953796
1004277  0.9950733780860901
1004002  0.9950732588768005
1004729  0.995073139667511
1003984  0.9950730204582214
1004779  0.9950730204582214
1004664  0.9950729012489319
1004177  0.9950726628303528
1004681  0.9950725436210632
1004413  0.9950724244117737
1003997  0.9950723052024841
1004651  0.9950721859931946
1004609  0.9950719475746155
1004071  0.9950718283653259
1003989  0.9950717091560364
1004410  0.9950717091560364
1004217  0.9950716495513916
1003977  0.9950711727142334
1003976  0.9950709342956543
1004786  0.9950709342956543
1004044  0.9950708150863647
1004076  0.9950706958770752
1003990  0.9950703382492065
1004042  0.995070219039917
1004143  0.995070219039917
1004276  0.995070219039917
1004668  0.995070219039917
1004787  0.995070219039917
1004728  0.9950700998306274
1004180  0.9950696229934692
1004594  0.9950692653656006
1004065  0.9950689077377319
1003982  0.9950687885284424
1004411  0.9950687885284424
1004610  0.9950687885284424
1004659  0.9950687885284424
1004731  0.9950685501098633
1004246  0.9950684309005737
1004275  0.9950680732727051
1004420  0.9950679540634155
1004595  0.9950677156448364
1004616  0.9950677156448364
1004674  0.9950677156448364
1004686  0.9950675964355469
1004146  0.9950674772262573
1004414  0.9950674772262573
1004682  0.9950674772262573
1004589  0.9950672388076782
1004624  0.9950672388076782
1004419  0.9950668811798096
1004421  0.9950668811798096
1004774  0.9950662851333618
1004618  0.9950660467147827
1004590  0.9950659275054932
1004693  0.9950658082962036
1004525  0.9950657486915588
1004424  0.9950656294822693
1004023  0.9950655102729797
1003995  0.9950653910636902
1004598  0.9950652718544006
1004650  0.9950651526451111
1004213  0.995064914226532
1004698  0.995064914226532
1004783  0.995064914226532
1004423  0.9950647950172424
1003955  0.9950646758079529
1004020  0.9950645565986633
1004666  0.9950645565986633
1004662  0.9950643181800842
1004114  0.9950641989707947
1004623  0.9950641989707947
1004785  0.9950637221336365
1004431  0.9950636029243469
1004780  0.9950636029243469
1004583  0.9950633645057678
1004702  0.9950631260871887
1004111  0.9950627684593201
1004685  0.9950627684593201
1004067  0.995062530040741
1004183  0.9950622916221619
1004418  0.9950621724128723
1004694  0.9950620532035828
1004657  0.9950619339942932
1004426  0.9950618147850037
1004647  0.9950613379478455
1004782  0.9950610995292664
1004249  0.9950608611106873
1004778  0.9950608611106873
1004069  0.9950607419013977
1004311  0.9950607419013977
1004636  0.9950606226921082
1004635  0.9950602650642395
1004475  0.995059609413147
1004627  0.9950593709945679
1004676  0.9950591325759888
1003953  0.9950586557388306
1004216  0.9950586557388306
1004777  0.9950582981109619
1004606  0.9950578212738037
1004278  0.9950557947158813
1004109  0.9950533509254456
1004078  0.9950514435768127
1004642  0.9950456619262695
1004673  0.9950384497642517
1004670  0.9950348138809204
1002233  0.9944854378700256
1002996  0.9944751858711243
1002995  0.994417667388916
1002998  0.9943488240242004
1002993  0.994209885597229
1002418  0.9941014647483826
1003030  0.9940937161445618
1003029  0.994091808795929
1003026  0.9940788745880127
1003009  0.9940770864486694
1002974  0.9940733313560486
1003032  0.9940729737281799
1003028  0.9940723776817322
1002828  0.9940671920776367
1002427  0.994066596031189
1002853  0.9940618872642517
1003014  0.9940592050552368
1002754  0.9940540194511414
1002428  0.9940523505210876
1002855  0.9940459728240967
1002426  0.9940428137779236
1002999  0.9940411448478699
1002976  0.9940385818481445
1002846  0.9940359592437744
1002736  0.9940330386161804
1002382  0.9940319657325745
1002860  0.9940317273139954
1002722  0.994030773639679
1003031  0.9940288066864014
1002425  0.9940266609191895
1002421  0.9940260648727417
1002529  0.9940207600593567
1002858  0.9940202236175537
1003017  0.9940127730369568
1002763  0.9940112233161926
1003033  0.9940105080604553
1002868  0.9940093755722046
1002977  0.9940093755722046
1002854  0.9940087795257568
1002911  0.9940072298049927
1002430  0.9940065145492554
1002500  0.9940061569213867
1003036  0.9940053820610046
1003008  0.9940033555030823
1002741  0.9940031170845032
1002847  0.9940025210380554
1002236  0.9940022826194763
1002730  0.9940022826194763
1002235  0.9940014481544495
1002415  0.9940010905265808
1002851  0.9939993619918823
1003037  0.9939991235733032
1003016  0.9939987659454346
1003013  0.9939982891082764
1002951  0.9939974546432495
1003010  0.9939967393875122
1002239  0.993995726108551
1002746  0.9939938187599182
1002758  0.9939934611320496
1002978  0.9939923882484436
1002417  0.9939895868301392
1003024  0.9939894676208496
1002422  0.993988037109375
1002719  0.9939877986907959
1002717  0.993986964225769
1002859  0.9939867258071899
1003034  0.9939848780632019
1002419  0.9939836859703064
1003011  0.9939836859703064
1002869  0.9939828515052795
1002723  0.9939781427383423
1002431  0.9939742684364319
1002861  0.9939739108085632
1002311  0.9939733147621155
1002856  0.9939729571342468
1002990  0.9939728379249573
1002865  0.9939717650413513
1002759  0.9939690828323364
1002414  0.9939680099487305
1003012  0.9939658045768738
1002590  0.9939656853675842
1002874  0.9939642548561096
1003001  0.9939635396003723
1003007  0.9939621090888977
1002751  0.99396151304245
1002563  0.9939600229263306
1002720  0.993959903717041
1002721  0.9939597845077515
1002383  0.9939596652984619
1002432  0.9939594268798828
1002872  0.9939582347869873
1002745  0.9939577579498291
1002433  0.9939571619033813
1002621  0.9939565658569336
1003005  0.9939553141593933
1002849  0.9939547181129456
1002792  0.993953287601471
1002749  0.9939530491828918
1002985  0.9939513206481934
1002316  0.9939509630203247
1002984  0.9939502477645874
1002424  0.9939501285552979
1002981  0.9939498901367188
1002731  0.9939489364624023
1003019  0.9939479827880859
1002277  0.9939462542533875
1002857  0.9939451813697815
1002973  0.99394291639328
1003023  0.9939426779747009
1002273  0.9939423203468323
1002748  0.9939423203468323
1002270  0.9939420819282532
1002310  0.9939413070678711
1002987  0.993941068649292
1005586  0.993938684463501
1002384  0.9939380884170532
1003003  0.9939369559288025
1002747  0.9939363598823547
1002381  0.9939332604408264
1002980  0.9939324259757996
1002727  0.9939314126968384
1002871  0.9939295053482056
1002991  0.9939289093017578
1002864  0.9939287900924683
1003022  0.9939277172088623
1002726  0.9939263463020325
1002435  0.9939259886741638
1002317  0.9939256310462952
1002992  0.9939249157905579
1002732  0.9939247965812683
1002850  0.9939242005348206
1002703  0.9939233660697937
1002982  0.9939219951629639
1002867  0.9939204454421997
1002988  0.993919849395752
1002706  0.9939185380935669
1002989  0.9939178228378296
1002385  0.99391770362854
1002983  0.993916928768158
1002712  0.9939160943031311
1003002  0.9939157366752625
1003039  0.9939092397689819
1002650  0.993908166885376
1003020  0.993907630443573
1002275  0.9939051270484924
1002313  0.9939036965370178
1002709  0.9939022064208984
1002728  0.9938992261886597
1002683  0.9938977360725403
1002379  0.9938965439796448
1002702  0.9938951134681702
1002436  0.9938926696777344
1002441  0.9938918352127075
1002423  0.993889570236206
1002237  0.9938855767250061
1002472  0.9938850998878479
1002862  0.9938840270042419
1002378  0.9938836097717285
1002274  0.993882417678833
1002714  0.9938821792602539
1002437  0.9938735961914062
1002708  0.9938725233078003
1002314  0.9938720464706421
1002271  0.9938696622848511
1002439  0.9938564896583557
1003040  0.9938509464263916
1002724  0.9938429594039917
1002388  0.9938404560089111
1002318  0.99383544921875
1002347  0.9938353300094604
1002320  0.9938293099403381
1002438  0.9938212633132935
1003042  0.9937841892242432
1003043  0.9937693476676941
1001445  0.9935124516487122
1003952  0.9893101453781128
1006357  0.9849066138267517
1006358  0.9848093390464783
1006359  0.9844787120819092
1006355  0.984291672706604
1006487  0.9839792251586914
1006490  0.9839786887168884
1006489  0.9839726686477661
1005745  0.9838829636573792
1006354  0.9838735461235046
1006486  0.9838690161705017
1005780  0.9838683605194092
1006113  0.9838645458221436
1006438  0.9838618636131287
1005743  0.9838604927062988
1005778  0.9838586449623108
1006492  0.9838584065437317
1006491  0.9838567972183228
1005744  0.9838532209396362
1006300  0.9838278293609619
1006203  0.9838242530822754
1006299  0.9838236570358276
1006180  0.9838225245475769
1006439  0.9838204383850098
1006064  0.9838142395019531
1006062  0.9838011860847473
1006070  0.9838010668754578
1006403  0.983799934387207
1006402  0.9837990999221802
1006033  0.983793318271637
1005741  0.9837888479232788
1005936  0.9837841987609863
1006302  0.9837830662727356
1006360  0.9837809801101685
1006032  0.9837673902511597
1005779  0.983767032623291
1006499  0.9837645888328552
1006498  0.9837602376937866
1006034  0.9837540984153748
1006092  0.9837530851364136
1006404  0.9837522506713867
1006435  0.9837520122528076
1005746  0.983749270439148
1006493  0.9837474226951599
1005669  0.9837433695793152
1006450  0.9837417602539062
1006135  0.983734130859375
1006178  0.9837332367897034
1005964  0.9837285876274109
1006061  0.983727216720581
1006362  0.983726978302002
1005781  0.9837257266044617
1005709  0.9837228655815125
1006436  0.9837203025817871
1005784  0.9837144017219543
1005932  0.9837114214897156
1006297  0.9837072491645813
1006400  0.9837058782577515
1006000  0.9837027788162231
1005850  0.9836987257003784
1005620  0.9836943745613098
1006002  0.9836943745613098
1006157  0.9836863875389099
1006001  0.9836846590042114
1005998  0.9836830496788025
1006177  0.9836819767951965
1006294  0.983669638633728
1005591  0.983669102191925
1005997  0.9836646914482117
1006448  0.9836646914482117
1006406  0.9836586117744446
1006204  0.9836570620536804
1006067  0.9836519956588745
1005708  0.9836514592170715
1006038  0.9836508631706238
1005710  0.9836487770080566
1005854  0.9836471676826477
1006442  0.9836469292640686
1006248  0.9836455583572388
1006035  0.9836424589157104
1005810  0.9836421012878418
1006288  0.9836376905441284
1005849  0.9836370348930359
1006291  0.9836369156837463
1005931  0.9836344718933105
1006303  0.983634352684021
1006287  0.9836323857307434
1006296  0.9836314916610718
1006030  0.9836313724517822
1005664  0.9836305379867554
1005749  0.9836302399635315
1005973  0.9836276769638062
1006003  0.983626663684845
1005619  0.9836244583129883
1005670  0.9836217761039734
1006065  0.983617901802063
1005930  0.983616054058075
1005851  0.9836090803146362
1006006  0.9836052060127258
1006353  0.9836052060127258
1006399  0.9836025238037109
1006350  0.9836018681526184
1006443  0.9836016297340393
1005776  0.9835981726646423
1005624  0.9835957288742065
1006029  0.9835936427116394
1006397  0.9835917949676514
1005965  0.9835904240608215
1005848  0.9835894107818604
1006066  0.9835888147354126
1005813  0.9835867285728455
1005933  0.9835851192474365
1005811  0.9835847616195679
1006293  0.9835835099220276
1006349  0.9835756421089172
1005970  0.9835754632949829
1006290  0.9835753440856934
1006396  0.9835736155509949
1005885  0.9835687279701233
1005623  0.9835679531097412
1006209  0.9835672378540039
1006312  0.9835664629936218
1006210  0.9835646152496338
1005588  0.9835637807846069
1005884  0.9835630655288696
1006500  0.9835630059242249
1005969  0.9835567474365234
1005671  0.983555257320404
1005775  0.9835543036460876
1005889  0.9835535287857056
1005740  0.9835513234138489
1005706  0.9835494756698608
1006306  0.9835493564605713
1005673  0.9835468530654907
1005887  0.9835466146469116
1006208  0.9835410714149475
1005672  0.9835404753684998
1006345  0.9835383296012878
1006304  0.9835382103919983
1005667  0.9835380911827087
1006310  0.9835372567176819
1006346  0.9835329055786133
1005711  0.9835231900215149
1005967  0.9835211038589478
1005714  0.9835200905799866
1005927  0.9835031032562256
1006309  0.9835029244422913
1005814  0.9835024476051331
1006501  0.983500599861145
1006307  0.9834994673728943
1006447  0.9834976196289062
1005888  0.9834957718849182
1005968  0.9834946990013123
1005893  0.9834893941879272
1005928  0.9834882616996765
1006444  0.9834797382354736
1005663  0.9834691286087036
1005626  0.98346346616745
1005629  0.983456552028656
1005890  0.9834377765655518
1005846  0.9834310412406921
1005674  0.9834184050559998
1005679  0.9834153652191162
1005815  0.9834049940109253
1005712  0.9834038615226746
1005845  0.9833505749702454
1005675  0.9833457469940186
1005705  0.9833375811576843
1005819  0.9833141565322876
1005816  0.9833120107650757
1006503  0.9832773804664612
1005676  0.9832354784011841
1006504  0.9831848740577698
1003044  0.9820267558097839
1003811  0.9721367359161377
1003812  0.9716934561729431
1003809  0.9715306758880615
1003813  0.9710908532142639
1003808  0.9708544015884399
1003932  0.970784068107605
1003935  0.9707605838775635
1003233  0.970696210861206
1003933  0.9706822633743286
1003657  0.970673143863678
1003936  0.9706555604934692
1003938  0.9706307053565979
1003665  0.9706199169158936
1003202  0.9706106185913086
1003898  0.970599353313446
1003204  0.9705990552902222
1003298  0.9705803990364075
1003755  0.9705730080604553
1003658  0.9705571532249451
1003201  0.9705433249473572
1003297  0.9705362915992737
1003268  0.9705314636230469
1003608  0.9705312252044678
1003615  0.9705297350883484
1003616  0.9705194234848022
1003899  0.9705151319503784
1003912  0.9705098867416382
1003889  0.9705074429512024
1003609  0.9705057144165039
1003940  0.9705045819282532
1003939  0.9704986810684204
1003720  0.9704970717430115
1003622  0.9704958200454712
1003613  0.970485270023346
1003563  0.9704800248146057
1003814  0.9704737067222595
1003126  0.9704679846763611
1003888  0.9704660773277283
1003300  0.9704565405845642
1003573  0.9704558849334717
1003127  0.9704517126083374
1003515  0.9704490303993225
1003897  0.9704424142837524
1003664  0.9704321622848511
1003902  0.9704270362854004
1003944  0.9704177975654602
1003661  0.970416247844696
1003666  0.9704153537750244
1003517  0.9704082608222961
1003718  0.9704045653343201
1003620  0.9704039096832275
1003141  0.9703980684280396
1003891  0.9703936576843262
1003612  0.9703935980796814
1003709  0.9703913331031799
1003849  0.9703897833824158
1003140  0.9703851342201233
1003909  0.9703850150108337
1003847  0.9703810214996338
1003571  0.9703779816627502
1003234  0.9703693389892578
1003807  0.9703671932220459
1003758  0.9703649282455444
1003560  0.9703627228736877
1003428  0.9703575372695923
1003662  0.9703548550605774
1003266  0.9703524708747864
1003564  0.9703490138053894
1003459  0.9703422784805298
1003048  0.9703418016433716
1003714  0.970337986946106
1003660  0.9703342914581299
1003175  0.9703214168548584
1003513  0.9703208208084106
1003562  0.9703184962272644
1003945  0.9703180193901062
1003236  0.9703114032745361
1003667  0.970310389995575
1003101  0.9703037738800049
1003706  0.9703008532524109
1003511  0.9703001976013184
1003710  0.9702969193458557
1003524  0.9702968001365662
1003892  0.9702956676483154
1003329  0.9702910780906677
1003514  0.9702862501144409
1003904  0.970285952091217
1003756  0.9702843427658081
1003050  0.9702789783477783
1003946  0.9702783226966858
1003567  0.9702724814414978
1003611  0.9702717661857605
1003559  0.9702706933021545
1003566  0.9702696800231934
1003568  0.9702672958374023
1003716  0.9702516794204712
1003617  0.9702396988868713
1003142  0.9702340960502625
1003671  0.9702305197715759
1003707  0.9702301621437073
1003330  0.9702220559120178
1003119  0.9702180624008179
1003711  0.9702085852622986
1003759  0.9702069163322449
1003818  0.9702057838439941
1003846  0.9702054858207703
1003128  0.97020423412323
1003460  0.97020423412323
1003715  0.9702026844024658
1003138  0.9702025651931763
1003073  0.9702014327049255
1003123  0.9701953530311584
1003047  0.9701860547065735
1003518  0.9701780676841736
1003426  0.9701780080795288
1003805  0.9701769948005676
1003522  0.9701755046844482
1003125  0.970174252986908
1003332  0.9701734781265259
1003804  0.9701720476150513
1003129  0.970170259475708
1003510  0.9701690077781677
1003908  0.9701638221740723
1003764  0.9701616168022156
1003569  0.9701557755470276
1003122  0.9701504707336426
1003618  0.970150351524353
1003462  0.9701438546180725
1003463  0.9701414108276367
1003816  0.9701400399208069
1003713  0.9701364636421204
1003520  0.9701354503631592
1003765  0.9701350331306458
1003669  0.9701293706893921
1003265  0.9701249003410339
1003519  0.9701229929924011
1003425  0.970119833946228
1003361  0.970119059085846
1003131  0.9701184034347534
1003464  0.9701149463653564
1003905  0.9701101183891296
1003762  0.9701085090637207
1003467  0.9701083898544312
1003767  0.9701080918312073
1003769  0.9701029062271118
1003468  0.9700937271118164
1003763  0.9700887799263
1003147  0.9700778126716614
1003130  0.9700712561607361
1003469  0.9700698256492615
1003472  0.9700661301612854
1003906  0.9700625538825989
1003120  0.970058262348175
1003760  0.9700542092323303
1003362  0.9700521230697632
1003146  0.9700493216514587
1003144  0.9700307846069336
1003466  0.9699923396110535
1003137  0.9699848890304565
1003471  0.9699716567993164
1003136  0.9699714779853821
1003396  0.9699474573135376
1003475  0.969946563243866
1003364  0.9699374437332153
1003132  0.9698687195777893
1003393  0.9698575139045715
1003949  0.9698542356491089
1003135  0.9698340892791748
1003394  0.9698042273521423
1003134  0.9697781205177307
1003950  0.9696516990661621
1003951  0.969560444355011
1006505  0.9579328894615173
1100170  0.8878702521324158
1000181  0.7293931841850281
1000192  0.7293931841850281
1000193  0.7293931841850281
1000217  0.7293931841850281
1000236  0.7293931841850281
1000257  0.7293931841850281
1000258  0.7293931841850281
1000260  0.7293931841850281
1000261  0.7293931841850281
1000262  0.7293931841850281
1000265  0.7293931841850281
1000286  0.7293931841850281
1000315  0.7293931841850281
1000341  0.7293931841850281
1000342  0.7293931841850281
1000367  0.7293931841850281
1000395  0.7293931841850281
1000422  0.7293931841850281
1000423  0.7293931841850281
1000425  0.7293931841850281
1000426  0.7293931841850281
1000452  0.7293931841850281
1000482  0.7293931841850281
1000483  0.7293931841850281
1000485  0.7293931841850281
1000486  0.7293931841850281
1000515  0.7293931841850281
1000516  0.7293931841850281
1000518  0.7293931841850281
1000519  0.7293931841850281
1000520  0.7293931841850281
1000521  0.7293931841850281
1000523  0.7293931841850281
1000524  0.7293931841850281
1000526  0.7293931841850281
1000527  0.7293931841850281
1000530  0.7293931841850281
1000560  0.7293931841850281
1000561  0.7293931841850281
1000564  0.7293931841850281
1000565  0.7293931841850281
1000566  0.7293931841850281
1000568  0.7293931841850281
1000569  0.7293931841850281
1000571  0.7293931841850281
1000572  0.7293931841850281
1000575  0.7293931841850281
1000600  0.7293931841850281
1000630  0.7293931841850281
1000631  0.7293931841850281
1000633  0.7293931841850281
1000634  0.7293931841850281
1000635  0.7293931841850281
1000637  0.7293931841850281
1000659  0.7293931841850281
1000660  0.7293931841850281
1000662  0.7293931841850281
1000663  0.7293931841850281
1000665  0.7293931841850281
1000692  0.7293931841850281
1000693  0.7293931841850281
1000695  0.7293931841850281
1000696  0.7293931841850281
1000698  0.7293931841850281
1000699  0.7293931841850281
1000701  0.7293931841850281
1000726  0.7293931841850281
1000727  0.7293931841850281
1000728  0.7293931841850281
1000729  0.7293931841850281
1000730  0.7293931841850281
1000731  0.7293931841850281
1000733  0.7293931841850281
1000760  0.7293931841850281
1000761  0.7293931841850281
1000763  0.7293931841850281
1000793  0.7293931841850281
1000794  0.7293931841850281
1000796  0.7293931841850281
1000824  0.7293931841850281
1000825  0.7293931841850281
1000827  0.7293931841850281
1000864  0.7293931841850281
1000865  0.7293931841850281
1000867  0.7293931841850281
1000905  0.7293931841850281
1000923  0.7293931841850281
1000924  0.7293931841850281
1000926  0.7293931841850281
1000927  0.7293931841850281
1000929  0.7293931841850281
1000930  0.7293931841850281
1000932  0.7293931841850281
1000933  0.7293931841850281
1000935  0.7293931841850281
1000937  0.7293931841850281
1000938  0.7293931841850281
1000940  0.7293931841850281
1000941  0.7293931841850281
1000942  0.7293931841850281
1000971  0.7293931841850281
1001007  0.7293931841850281
1001008  0.7293931841850281
1001010  0.7293931841850281
1001011  0.7293931841850281
1001013  0.7293931841850281
1001014  0.7293931841850281
1001015  0.7293931841850281
1001017  0.7293931841850281
1001018  0.7293931841850281
1001020  0.7293931841850281
1001021  0.7293931841850281
1001022  0.7293931841850281
1001025  0.7293931841850281
1001051  0.7293931841850281
1001052  0.7293931841850281
1001054  0.7293931841850281
1001089  0.7293931841850281
1001090  0.7293931841850281
1001092  0.7293931841850281
1001119  0.7293931841850281
1001120  0.7293931841850281
1001122  0.7293931841850281
1001160  0.7293931841850281
1001200  0.7293931841850281
1001201  0.7293931841850281
1001203  0.7293931841850281
1001230  0.7293931841850281
1001231  0.7293931841850281
1001233  0.7293931841850281
1001269  0.7293931841850281
1001270  0.7293931841850281
1001272  0.7293931841850281
1001273  0.7293931841850281
1001275  0.7293931841850281
1001276  0.7293931841850281
1001278  0.7293931841850281
1001279  0.7293931841850281
1001282  0.7293931841850281
1001283  0.7293931841850281
1001284  0.7293931841850281
1001287  0.7293931841850281
1001313  0.7293931841850281
1001314  0.7293931841850281
1001316  0.7293931841850281
1001342  0.7293931841850281
1001343  0.7293931841850281
1001345  0.7293931841850281
1001373  0.7293931841850281
1001374  0.7293931841850281
1001376  0.7293931841850281
1001377  0.7293931841850281
1001378  0.7293931841850281
1001379  0.7293931841850281
1001380  0.7293931841850281
1001383  0.7293931841850281
1001396  0.7293931841850281
1001397  0.7293931841850281
1001399  0.7293931841850281
1001400  0.7293931841850281
1001401  0.7293931841850281
1001402  0.7293931841850281
1001405  0.7293931841850281
1001434  0.7293931841850281
1001435  0.7293931841850281
1001437  0.7293931841850281
1001438  0.7293931841850281
1001439  0.7293931841850281
1001440  0.7293931841850281
1001441  0.7293931841850281
1001442  0.7293931841850281
1001443  0.7293931841850281
1001444  0.7293931841850281
1006510  0.7293931841850281
1006511  0.7293931841850281
1006515  0.7293931841850281
1006516  0.7293931841850281
1006520  0.7293931841850281
1006521  0.7293931841850281
1006522  0.7293931841850281
1006523  0.7293931841850281
1006524  0.7293931841850281
1006525  0.7293931841850281
1006526  0.7293931841850281
1006529  0.7293931841850281
1006530  0.7293931841850281
1006534  0.7293931841850281
1006538  0.7293931841850281
1006540  0.7293931841850281
1006577  0.7293931841850281
1006578  0.7293931841850281
1006580  0.7293931841850281
1006581  0.7293931841850281
1006583  0.7293931841850281
1006584  0.7293931841850281
1006586  0.7293931841850281
1006587  0.7293931841850281
1006589  0.7293931841850281
1006592  0.7293931841850281
1006635  0.7293931841850281
1006636  0.7293931841850281
1006656  0.7293931841850281
1006657  0.7293931841850281
1006659  0.7293931841850281
1006660  0.7293931841850281
1006661  0.7293931841850281
1006662  0.7293931841850281
1006665  0.7293931841850281
1006667  0.7293931841850281
1006668  0.7293931841850281
1006669  0.7293931841850281
1006670  0.7293931841850281
1006671  0.7293931841850281
1006674  0.7293931841850281
1006675  0.7293931841850281
1006686  0.7293931841850281
1006687  0.7293931841850281
1006690  0.7293931841850281
1006691  0.7293931841850281
1006692  0.7293931841850281
1006694  0.7293931841850281
1006695  0.7293931841850281
1006697  0.7293931841850281
1006701  0.7293931841850281
1006702  0.7293931841850281
1006703  0.7293931841850281
1006708  0.7293931841850281
1006744  0.7293931841850281
1006745  0.7293931841850281
1006747  0.7293931841850281
1006748  0.7293931841850281
1006795  0.7293931841850281
1006796  0.7293931841850281
1006799  0.7293931841850281
1006800  0.7293931841850281
1006801  0.7293931841850281
1006802  0.7293931841850281
1006805  0.7293931841850281
1006807  0.7293931841850281
1006808  0.7293931841850281
1006809  0.7293931841850281
1006810  0.7293931841850281
1006811  0.7293931841850281
1006814  0.7293931841850281
1006815  0.7293931841850281
1006819  0.7293931841850281
1006820  0.7293931841850281
1006821  0.7293931841850281
1006825  0.7293931841850281
1006826  0.7293931841850281
1006829  0.7293931841850281
1006830  0.7293931841850281
1006831  0.7293931841850281
1006834  0.7293931841850281
1006835  0.7293931841850281
1006838  0.7293931841850281
1006839  0.7293931841850281
1006843  0.7293931841850281
1006844  0.7293931841850281
1006848  0.7293931841850281
1006849  0.7293931841850281
1006851  0.7293931841850281
1006854  0.7293931841850281
1006859  0.7293931841850281
1006860  0.7293931841850281
1006861  0.7293931841850281
1006866  0.7293931841850281
1006867  0.7293931841850281
1006869  0.7293931841850281
1006898  0.7293931841850281
1006924  0.7293931841850281
1006939  0.7293931841850281
1006940  0.7293931841850281
1006942  0.7293931841850281
1006943  0.7293931841850281
1006945  0.7293931841850281
1006968  0.7293931841850281
1006969  0.7293931841850281
1006971  0.7293931841850281
1006972  0.7293931841850281
1006973  0.7293931841850281
1006976  0.7293931841850281
1007006  0.7293931841850281
1007033  0.7293931841850281
1007048  0.7293931841850281
1007049  0.7293931841850281
1007051  0.7293931841850281
1007052  0.7293931841850281
1007054  0.7293931841850281
1007055  0.7293931841850281
1007100  0.7293931841850281
1007101  0.7293931841850281
1007103  0.7293931841850281
1007125  0.7293931841850281
1007126  0.7293931841850281
1007128  0.7293931841850281
1007129  0.7293931841850281
1007130  0.7293931841850281
1007133  0.7293931841850281
1007148  0.7293931841850281
1007149  0.7293931841850281
1007151  0.7293931841850281
1007152  0.7293931841850281
1007153  0.7293931841850281
1007154  0.7293931841850281
1007158  0.7293931841850281
1007196  0.7293931841850281
1007234  0.7293931841850281
1007249  0.7293931841850281
1007250  0.7293931841850281
1007252  0.7293931841850281
1007253  0.7293931841850281
1007254  0.7293931841850281
1007255  0.7293931841850281
1007259  0.7293931841850281
1007297  0.7293931841850281
1007335  0.7293931841850281
1007353  0.7293931841850281
1100034  0.7293931841850281
1100036  0.7293931841850281
1100038  0.7293931841850281
1100040  0.7293931841850281
1100042  0.7293931841850281
1100044  0.7293931841850281
1100046  0.7293931841850281
1100048  0.7293931841850281
1100050  0.7293931841850281
1100052  0.7293931841850281
1100054  0.7293931841850281
1100056  0.7293931841850281
1100058  0.7293931841850281
1100060  0.7293931841850281
1100062  0.7293931841850281
1100064  0.7293931841850281
1100066  0.7293931841850281
1100068  0.7293931841850281
1100078  0.7293931841850281
1100079  0.7293931841850281
1100100  0.7293931841850281
1100121  0.7293931841850281
1100122  0.7293931841850281
1100125  0.7293931841850281
1100126  0.7293931841850281
1100127  0.7293931841850281
1100149  0.7293931841850281
1100848  0.7293931841850281
1100851  0.7293931841850281
1100852  0.7293931841850281
1100853  0.7293931841850281
1100854  0.7293931841850281
1100858  0.7293931841850281
1100872  0.7293931841850281
1100875  0.7293931841850281
1100876  0.7293931841850281
1100877  0.7293931841850281
1100878  0.7293931841850281
1100880  0.7293931841850281
1100881  0.7293931841850281
1100885  0.7293931841850281
1100899  0.7293931841850281
1100902  0.7293931841850281
1100903  0.7293931841850281
1100904  0.7293931841850281
1100905  0.7293931841850281
1100907  0.7293931841850281
1100908  0.7293931841850281
1100912  0.7293931841850281
1100927  0.7293931841850281
1100930  0.7293931841850281
1100931  0.7293931841850281
1100932  0.7293931841850281
1100933  0.7293931841850281
1100937  0.7293931841850281
1100950  0.7293931841850281
1100953  0.7293931841850281
1100954  0.7293931841850281
1100955  0.7293931841850281
1100956  0.7293931841850281
1100960  0.7293931841850281
1100973  0.7293931841850281
1100976  0.7293931841850281
1100977  0.7293931841850281
1100978  0.7293931841850281
1100979  0.7293931841850281
1100983  0.7293931841850281
1100996  0.7293931841850281
1100999  0.7293931841850281
1101000  0.7293931841850281
1101001  0.7293931841850281
1101002  0.7293931841850281
1101006  0.7293931841850281
1101020  0.7293931841850281
1101023  0.7293931841850281
1101024  0.7293931841850281
1101025  0.7293931841850281
1101026  0.7293931841850281
1101028  0.7293931841850281
1101029  0.7293931841850281
1101033  0.7293931841850281
1101047  0.7293931841850281
1101050  0.7293931841850281
1101051  0.7293931841850281
1101052  0.7293931841850281
1101053  0.7293931841850281
1101055  0.7293931841850281
1101056  0.7293931841850281
1101060  0.7293931841850281
1101070  0.7293931841850281
1101071  0.7293931841850281
1101072  0.7293931841850281
1101073  0.7293931841850281
1101075  0.7293931841850281
1101088  0.7293931841850281
1101089  0.7293931841850281
1101091  0.7293931841850281
1101092  0.7293931841850281
1101094  0.7293931841850281
1101106  0.7293931841850281
1101107  0.7293931841850281
1101109  0.7293931841850281
1101110  0.7293931841850281
1101112  0.7293931841850281
1101124  0.7293931841850281
1101125  0.7293931841850281
1101127  0.7293931841850281
1101128  0.7293931841850281
1101130  0.7293931841850281
1101142  0.7293931841850281
1101143  0.7293931841850281
1101145  0.7293931841850281
1101146  0.7293931841850281
1101148  0.7293931841850281
1101164  0.7293931841850281
1101180  0.7293931841850281
1101194  0.7293931841850281
1101195  0.7293931841850281
1101197  0.7293931841850281
1101198  0.7293931841850281
1101200  0.7293931841850281
1101212  0.7293931841850281
1101213  0.7293931841850281
1101215  0.7293931841850281
1101216  0.7293931841850281
1101218  0.7293931841850281
1101230  0.7293931841850281
1101231  0.7293931841850281
1101233  0.7293931841850281
1101234  0.7293931841850281
1101236  0.7293931841850281
1101248  0.7293931841850281
1101249  0.7293931841850281
1101251  0.7293931841850281
1101252  0.7293931841850281
1101254  0.7293931841850281
1101270  0.7293931841850281
1101286  0.7293931841850281
1101301  0.7293931841850281
1101302  0.7293931841850281
1101304  0.7293931841850281
1101305  0.7293931841850281
1101306  0.7293931841850281
1101309  0.7293931841850281
1101326  0.7293931841850281
1101327  0.7293931841850281
1101329  0.7293931841850281
1101330  0.7293931841850281
1101331  0.7293931841850281
1101332  0.7293931841850281
1101333  0.7293931841850281
1101334  0.7293931841850281
1101336  0.7293931841850281
1101337  0.7293931841850281
1101338  0.7293931841850281
1101339  0.7293931841850281
1101340  0.7293931841850281
1101343  0.7293931841850281
1101344  0.7293931841850281
1101347  0.7293931841850281
1101350  0.7293931841850281
1101352  0.7293931841850281
1101354  0.7293931841850281
1101357  0.7293931841850281
1101358  0.7293931841850281
1101359  0.7293931841850281
1101360  0.7293931841850281
1101362  0.7293931841850281
1101363  0.7293931841850281
1101365  0.7293931841850281
1101367  0.7293931841850281
1101368  0.7293931841850281
1101370  0.7293931841850281
1101372  0.7293931841850281
1101374  0.7293931841850281
1101375  0.7293931841850281
1101377  0.7293931841850281
1101378  0.7293931841850281
1101379  0.7293931841850281
1101380  0.7293931841850281
1101381  0.7293931841850281
1101383  0.7293931841850281
1101384  0.7293931841850281
1101386  0.7293931841850281
1101388  0.7293931841850281
1101390  0.7293931841850281
1101391  0.7293931841850281
1101393  0.7293931841850281
1101395  0.7293931841850281
1101397  0.7293931841850281
1101399  0.7293931841850281
1101400  0.7293931841850281
1101402  0.7293931841850281
1101405  0.7293931841850281
1101407  0.7293931841850281
1101412  0.7293931841850281
1101414  0.7293931841850281
1101417  0.7293931841850281
1101420  0.7293931841850281
1101424  0.7293931841850281
