1100068  0.8063504695892334
1100046  0.8042249083518982
1100058  0.8012419939041138
1100050  0.8006173372268677
1100062  0.7992038130760193
1100056  0.7986080646514893
1100052  0.797694981098175
1100060  0.796486496925354
1100042  0.796318531036377
1100038  0.7960888743400574
1100054  0.7954815030097961
1100044  0.7954570651054382
1100066  0.7954455614089966
1100064  0.7953305244445801
1100040  0.795255720615387
1100034  0.7950215339660645
1100048  0.791290819644928
1100036  0.7900766730308533
1101070  0.7705433964729309
1101072  0.7670553922653198
1005312  0.7579141855239868
1100490  0.7572605013847351
1002431  0.7570592761039734
1100779  0.7570140957832336
1004278  0.7569760084152222
1005965  0.7569208145141602
1003005  0.7566738128662109
1006835  0.7564787268638611
1101071  0.7558671236038208
1001670  0.7556099891662598
1005205  0.7553480267524719
1101073  0.7551167011260986
1002039  0.7550345659255981
1101075  0.7549911141395569
1001440  0.7547409534454346
1101194  0.7547323703765869
1006503  0.7540569305419922
1006538  0.753849446773529
1006346  0.7536789774894714
1003073  0.7532975673675537
1002500  0.7532831430435181
1001862  0.7532742619514465
1003142  0.7531495094299316
1003977  0.7531490325927734
1006030  0.7531391382217407
1001743  0.7530940771102905
1002728  0.753086507320404
1100501  0.753000795841217
1100251  0.7528496384620667
1101195  0.7527734637260437
1004335  0.7527648210525513
1003300  0.752751886844635
1004626  0.7527156472206116
1002415  0.7525343894958496
1100881  0.7525318264961243
1007049  0.752478301525116
1100876  0.7523936033248901
1005530  0.752326250076294
1101306  0.7523130774497986
1004639  0.7522891163825989
1001671  0.7522230744361877
1002999  0.7521468997001648
1005192  0.752095103263855
1001402  0.7520877718925476
1100330  0.7520791292190552
1005268  0.7519774436950684
1002035  0.7519382834434509
1006396  0.7519267201423645
1100274  0.751908540725708
1006436  0.7518778443336487
1006694  0.7518750429153442
1001966  0.7518237233161926
1003713  0.7518132328987122
1001861  0.7517552375793457
1005745  0.7517392635345459
1002730  0.7516989707946777
1003048  0.7516757249832153
1100880  0.751640796661377
1004695  0.7516023516654968
1000425  0.7515987157821655
1100977  0.7515748739242554
1005314  0.7515466213226318
1005213  0.7514969110488892
1100324  0.7514108419418335
1005710  0.751392126083374
1100848  0.751326322555542
1001773  0.7512949109077454
1101020  0.751258909702301
1005320  0.7512519955635071
1100973  0.7510678172111511
1005274  0.751060426235199
1003569  0.7510600686073303
1006796  0.7509489059448242
1000523  0.7509302496910095
1004782  0.7509288191795349
1005581  0.7508841753005981
1002111  0.7508828639984131
1001160  0.7508368492126465
1001383  0.7507165670394897
1006448  0.7507086992263794
1004416  0.7506579756736755
1004420  0.7506490349769592
1006636  0.7506453394889832
1101212  0.7505379319190979
1006309  0.7505298852920532
1002143  0.7504697442054749
1004627  0.7504671812057495
1003957  0.7504385113716125
1004912  0.7503378987312317
1004217  0.7503060698509216
1003364  0.7502754926681519
1101236  0.7502354383468628
1005814  0.7501826882362366
1101340  0.7501749396324158
1005705  0.7501595616340637
1004598  0.7501240372657776
1001877  0.7501130104064941
1002709  0.7500841617584229
1004899  0.750083327293396
1001777  0.7500786185264587
1006580  0.750049352645874
1004895  0.7500324845314026
1006306  0.750009298324585
1003037  0.750008761882782
1005854  0.7499843835830688
1005933  0.7499545216560364
1002423  0.7498660087585449
1100122  0.7497416734695435
1101047  0.7497262954711914
1006976  0.749725878238678
1000561  0.7497191429138184
1003020  0.7496989965438843
1003899  0.7496799826622009
1003202  0.7496698498725891
1006500  0.7496660947799683
1006838  0.7496576309204102
1100904  0.749656617641449
1002317  0.7496175169944763
1001610  0.7495853304862976
1002860  0.7495639324188232
1003767  0.7495430111885071
1100812  0.7495380640029907
1007154  0.7495366334915161
1002712  0.749518871307373
1006939  0.7495137453079224
1002188  0.7495013475418091
1000422  0.7494962811470032
1006854  0.7494876980781555
1003266  0.7493988871574402
1006744  0.7493950128555298
1004781  0.749373197555542
1007152  0.7493665814399719
1006520  0.7493404150009155
1003769  0.7492750883102417
1003394  0.7492570281028748
1001970  0.7492288947105408
1003949  0.7492081522941589
1100176  0.7491989135742188
1004177  0.7491840720176697
1002428  0.7491831183433533
1100872  0.7491785883903503
1005928  0.7491686344146729
1000569  0.7491637468338013
1002874  0.7491610646247864
1001017  0.7491382956504822
1003616  0.7491335272789001
1006362  0.7491322755813599
1004728  0.7491075992584229
1004275  0.7490983605384827
1006350  0.749079167842865
1001269  0.7490658164024353
1004659  0.7490341067314148
1005888  0.7490174770355225
1007196  0.7489585876464844
1002992  0.7489256262779236
1101029  0.7488507628440857
1004845  0.7488393783569336
1001008  0.7488134503364563
1101145  0.7487577199935913
1000699  0.7487465143203735
1002425  0.7487428784370422
1004246  0.748734176158905
1006029  0.7487313747406006
1000571  0.7487296462059021
1100782  0.7486826777458191
1101397  0.7486568093299866
1003984  0.7486193776130676
1000827  0.7486178874969482
1000485  0.7486018538475037
1003615  0.7485957145690918
1003573  0.74854975938797
1005215  0.7485317587852478
1003042  0.7485193610191345
1003976  0.7485175132751465
1001516  0.7485135197639465
1000258  0.748508870601654
1006656  0.7484788298606873
1004851  0.7484520673751831
1100933  0.7484503984451294
1003009  0.7484436631202698
1004905  0.7484415769577026
1005310  0.7484328746795654
1101286  0.7484315037727356
1002417  0.7484111785888672
1007353  0.7483927011489868
1001961  0.7483035326004028
1003135  0.7482876777648926
1005036  0.7482752203941345
1003329  0.7482742667198181
1101146  0.7482705116271973
1006489  0.7482618689537048
1001203  0.7482606768608093
1004848  0.7482473850250244
1005019  0.7482390999794006
1100955  0.7482381463050842
1100100  0.7482359409332275
1001873  0.7482190132141113
1007055  0.7482096552848816
1006490  0.7481773495674133
1003999  0.7481715083122253
1001517  0.7481554746627808
1100983  0.748150646686554
1003007  0.7481473088264465
1101130  0.7481386065483093
1101399  0.7481251955032349
1005670  0.748076319694519
1003426  0.7480660676956177
1101148  0.7480610013008118
1005016  0.7480600476264954
1002148  0.7480546832084656
1005322  0.7480421662330627
1005404  0.7480366826057434
1003003  0.7480229139328003
1006702  0.7480138540267944
1003265  0.7479716539382935
1003022  0.7479708790779114
1005044  0.7479603290557861
1003034  0.7479580044746399
1003268  0.747953474521637
1006406  0.7479517459869385
1005454  0.747947633266449
1005130  0.7479459047317505
1101372  0.7479207515716553
1002314  0.7478936314582825
1001014  0.7478692531585693
1003126  0.7478486895561218
1002563  0.7478445768356323
1003396  0.7478364109992981
1005740  0.7478273510932922
1002722  0.7478086352348328
1003050  0.7478060126304626
1006581  0.7477971315383911
1003138  0.7477526068687439
1001923  0.7477480173110962
1002016  0.7477389574050903
1006691  0.7477322816848755
1004832  0.7477245330810547
1006671  0.7477217316627502
1007252  0.747715175151825
1006844  0.7476974129676819
1100467  0.7476792335510254
1001052  0.7476473450660706
1100079  0.747643768787384
1001524  0.7476279139518738
1000927  0.747620165348053
1101088  0.7476189732551575
1001707  0.7475581169128418
1100228  0.7475536465644836
1100664  0.7475249767303467
1001373  0.7475082874298096
1002995  0.7475077509880066
1004216  0.7475045323371887
1006703  0.7475031614303589
1100684  0.7474325895309448
1001607  0.747413158416748
1002030  0.7474130392074585
1003847  0.7474110126495361
1004072  0.747380793094635
1100854  0.7473723292350769
1003666  0.7473446130752563
1002723  0.747336208820343
1006345  0.7473226189613342
1101302  0.7473163604736328
1100805  0.7472725510597229
1004891  0.7472588419914246
1003982  0.7472540736198425
1002706  0.7472521662712097
1000726  0.7472331523895264
1005444  0.7472290992736816
1007100  0.7472063899040222
1005667  0.7472059726715088
1101370  0.7471676468849182
1100226  0.747146725654602
1001484  0.7471307516098022
1002758  0.7471093535423279
1003475  0.7471081018447876
1003510  0.7471058964729309
1003707  0.747092604637146
1003013  0.7470768690109253
1001740  0.7470594644546509
1003849  0.7470470666885376
1001439  0.7470259070396423
1001089  0.7470019459724426
1000527  0.746999979019165
1000825  0.7469730973243713
1005038  0.7469700574874878
1001011  0.7469431161880493
1000600  0.7469426989555359
1005714  0.746941864490509
1005321  0.7469283938407898
1002271  0.7469194531440735
1004425  0.7469127774238586
1003026  0.7468752264976501
1007153  0.7468562722206116
1004616  0.7468326687812805
1006808  0.7468039393424988
1005199  0.7467918395996094
1101254  0.7467877268791199
1001342  0.7467771768569946
1003669  0.7467652559280396
1000760  0.7467584013938904
1003811  0.7467526197433472
1006801  0.7467447519302368
1005591  0.7467406392097473
1002080  0.7467333674430847
1101230  0.7467200756072998
1006522  0.7467162609100342
1007297  0.7467044591903687
1100908  0.7466866374015808
1006747  0.7466834187507629
1001282  0.7466703653335571
1005846  0.7466586232185364
1003032  0.7466498613357544
1004790  0.7466329336166382
1006668  0.7466174960136414
1006208  0.7466155290603638
1006443  0.7466153502464294
1100325  0.7465924024581909
1007254  0.7465795278549194
1005673  0.7465580701828003
1006444  0.746555745601654
1101249  0.7465375661849976
1004838  0.7465351819992065
1007103  0.7465094923973083
1005316  0.7465017437934875
1001786  0.7464966773986816
1005346  0.7464842200279236
1004620  0.7464733719825745
1001523  0.7464699149131775
1002859  0.7464696764945984
1002974  0.746464192867279
1006851  0.7464532852172852
1007006  0.7464486360549927
1002763  0.7464296817779541
1001660  0.746427595615387
1101055  0.7464240789413452
1001275  0.7464195489883423
1000265  0.7464094161987305
1004526  0.7463892698287964
1002867  0.7463861703872681
1100472  0.7463802099227905
1005330  0.7463618516921997
1003608  0.7463536858558655
1007158  0.746338963508606
1001617  0.7463237643241882
1002105  0.7463203072547913
1101164  0.7463136911392212
1005307  0.7463065981864929
1000933  0.7462955117225647
1002714  0.7462893128395081
1100802  0.7462798357009888
1001611  0.7462794184684753
1100927  0.7462568879127502
1005072  0.7462361454963684
1006795  0.7462261915206909
1005815  0.7462226748466492
1000521  0.7462223768234253
1002038  0.746195375919342
1100171  0.7461645603179932
1004623  0.7461591958999634
1003715  0.7461579442024231
1101180  0.7461338043212891
1101213  0.7461334466934204
1006066  0.7461270689964294
1003950  0.7461138963699341
1001434  0.7460930943489075
1000660  0.7460895776748657
1005406  0.7460756897926331
1003993  0.746075451374054
1002427  0.7460672855377197
1001456  0.7460388541221619
1005674  0.7460240721702576
1005450  0.7459907531738281
1007130  0.7459883689880371
1001010  0.7459871768951416
1003428  0.7459648251533508
1003566  0.7459607124328613
1000516  0.7459490895271301
1003567  0.7459458112716675
1001441  0.745933473110199
1002529  0.7459158897399902
1100223  0.7459124326705933
1006839  0.7458925247192383
1006001  0.745873749256134
1101270  0.7458683848381042
1006450  0.7458430528640747
1001405  0.7458394169807434
1001875  0.7458391189575195
1003671  0.7458347678184509
1006821  0.7458327412605286
1005412  0.7458299994468689
1001608  0.7458178997039795
1001628  0.7458142042160034
1004647  0.7458122372627258
1005482  0.7458118200302124
1006831  0.7457915544509888
1002951  0.7457912564277649
1005105  0.7457793354988098
1002731  0.7457661032676697
1003043  0.7457528114318848
1002973  0.7457455396652222
1000761  0.7457407712936401
1100954  0.7457405924797058
1001272  0.7457257509231567
1003812  0.7457191348075867
1002113  0.7457049489021301
1101110  0.7457047700881958
1004611  0.7456918358802795
1001977  0.7456333637237549
1000192  0.7456319332122803
1004981  0.7456229329109192
1006516  0.7456148266792297
1005039  0.7456138730049133
1003814  0.7455940246582031
1002747  0.7455888986587524
1001345  0.7455825209617615
1004853  0.7455804347991943
1005022  0.7455793619155884
1006940  0.7455775141716003
1006578  0.7455582022666931
1004146  0.7455505132675171
1001577  0.7455331683158875
1005163  0.7455317378044128
1005403  0.745520830154419
1006802  0.745517373085022
1003846  0.7455166578292847
1006826  0.7455009818077087
1001915  0.7454926371574402
1006942  0.7454809546470642
1002437  0.7454791069030762
1006399  0.7454774975776672
1007151  0.7454756498336792
1001666  0.7454606294631958
1100379  0.745454728603363
1004282  0.7454366683959961
1000935  0.7454110980033875
1002436  0.7454108595848083
1001619  0.7453917264938354
1003471  0.745374858379364
1004075  0.7453712821006775
1006178  0.745369553565979
1003033  0.7453692555427551
1004890  0.745367169380188
1006310  0.7453513145446777
1006032  0.7453466057777405
1006006  0.7453340291976929
1100280  0.7453258633613586
1005932  0.7453082203865051
1003756  0.7453039288520813
1002424  0.7452993392944336
1006349  0.7452556490898132
1004143  0.7452520728111267
1000524  0.7452511191368103
1005018  0.7452393770217896
1002197  0.7452349662780762
1003136  0.745225191116333
1006498  0.7452066540718079
1000923  0.7452043294906616
1001520  0.745175302028656
1100807  0.7451713681221008
1006525  0.7451601624488831
1006404  0.7451491355895996
1004834  0.7451465725898743
1003667  0.7451456189155579
1100170  0.7451367378234863
1001122  0.7451311945915222
1101050  0.7451258301734924
1101091  0.7451198697090149
1004699  0.745112419128418
1002229  0.7450957894325256
1003464  0.7450698018074036
1006859  0.7450574636459351
1006530  0.7450514435768127
1006661  0.745044469833374
1003714  0.7450382709503174
1005816  0.7450305223464966
1001926  0.7450263500213623
1006297  0.7450241446495056
1101197  0.7450201511383057
1003617  0.7450095415115356
1002274  0.7450031638145447
1003990  0.7449939250946045
1001120  0.744990885257721
1003029  0.7449746131896973
1005964  0.744956374168396
1005936  0.7449349164962769
1005706  0.7449333071708679
1101251  0.744933009147644
1004909  0.7449317574501038
1006799  0.7449272871017456
1003818  0.7449245452880859
1002872  0.7449243068695068
1000942  0.7449238300323486
1005025  0.7449225783348083
1101332  0.7449063658714294
1100149  0.7449052333831787
1000730  0.744896650314331
1001287  0.7448710203170776
1005620  0.7448431253433228
1003905  0.7448412775993347
1003612  0.7448313236236572
1003622  0.7448312640190125
1004114  0.7448245882987976
1004183  0.7448140382766724
1005076  0.7448052167892456
1002382  0.7448006868362427
1003012  0.7447977066040039
1002310  0.7447916865348816
1003559  0.7447906136512756
1004606  0.7447885274887085
1000930  0.744787335395813
1000864  0.7447639107704163
1000731  0.7447548508644104
1000941  0.7447543740272522
1002853  0.7447470426559448
1004589  0.7447450757026672
1004779  0.7447401285171509
1005043  0.7447320222854614
1100626  0.7447196841239929
1003571  0.7447172403335571
1003514  0.7447051405906677
1001630  0.7447029948234558
1005586  0.7446930408477783
1001708  0.7446672916412354
1005582  0.7446613907814026
1006843  0.744655191898346
1003393  0.7446455359458923
1101094  0.744645357131958
1007249  0.7446451783180237
1006157  0.7446302175521851
1004778  0.7446295619010925
1005969  0.7446256279945374
1005554  0.7446148991584778
1002726  0.7446132898330688
1002978  0.7445998787879944
1004610  0.7445977330207825
1002441  0.7445955872535706
1005663  0.7445939183235168
1006748  0.7445911765098572
1000926  0.744588315486908
1003297  0.7445851564407349
1100729  0.7445765733718872
1001007  0.7445749640464783
1004065  0.7445720434188843
1101200  0.7445669770240784
1004635  0.7445504069328308
1100960  0.7445487976074219
1101367  0.7445371747016907
1005196  0.7445297837257385
1005326  0.7445266246795654
1101330  0.7445212006568909
1005780  0.7445001602172852
1100829  0.7444990873336792
1003945  0.7444908022880554
1002865  0.7444901466369629
1006898  0.7444871068000793
1005741  0.7444787621498108
1001620  0.7444751858711243
1100352  0.7444573044776917
1005484  0.744452178478241
1003939  0.7444344758987427
1003236  0.7444295287132263
1005216  0.7444180846214294
1005317  0.7444164156913757
1001054  0.744408130645752
1004986  0.7444043755531311
1004693  0.744399905204773
1006745  0.7443823218345642
1002239  0.7443593740463257
1101368  0.7443565726280212
1006825  0.7443435788154602
1004181  0.7443410754203796
1005271  0.7443385720252991
1001483  0.7443303465843201
1004645  0.7443061470985413
1005021  0.7442991137504578
1001527  0.7442768812179565
1005202  0.7442601919174194
1002318  0.7442538142204285
1001775  0.7442529797554016
1005781  0.7442503571510315
1001018  0.7442410588264465
1000633  0.7442305684089661
1100462  0.7442044019699097
1004796  0.7442020177841187
1005810  0.7442015409469604
1002191  0.7441933155059814
1100278  0.7441686391830444
1001201  0.7441611289978027
1004144  0.7441605925559998
1005073  0.7441596388816833
1001669  0.7441564202308655
1004422  0.7441545128822327
1004902  0.7441455721855164
1001871  0.7441354990005493
1006248  0.7441328763961792
1003515  0.7441315650939941
1004686  0.7441311478614807
1101379  0.7441297769546509
1007054  0.7441198825836182
1005746  0.744113028049469
1101198  0.7441122531890869
1001962  0.7441113591194153
1005037  0.7441069483757019
1002871  0.7441050410270691
1100648  0.7441035509109497
1003011  0.7440990805625916
1001621  0.7440950870513916
1002378  0.7440670132637024
1100903  0.7440507411956787
1101028  0.7440466284751892
1002857  0.7440465092658997
1006300  0.7440454363822937
1000794  0.7440401315689087
1004219  0.7440118789672852
1006674  0.7440091967582703
1005672  0.7439929246902466
1006499  0.7439873218536377
1002232  0.7439765334129333
1000867  0.7439737915992737
1003517  0.7439572811126709
1002422  0.7439534664154053
1001445  0.7439530491828918
1000932  0.7439095377922058
1007129  0.7439073324203491
1006491  0.7439057230949402
1005553  0.7438918352127075
1004525  0.7438905239105225
1000727  0.7438814043998718
1004673  0.7438803911209106
1005849  0.7438794374465942
1101106  0.7438787817955017
1003980  0.7438681125640869
1002041  0.7438637614250183
1005446  0.7438603043556213
1000793  0.743860125541687
1006360  0.7438554167747498
1005325  0.7438541054725647
1100329  0.7438461780548096
1000193  0.7438207268714905
1003044  0.7438204884529114
1001374  0.7438201904296875
1003816  0.7438133955001831
1003998  0.7438109517097473
1101089  0.7437971234321594
1000572  0.7437894344329834
1006848  0.7437878847122192
1001200  0.7437852025032043
1100784  0.7437774538993835
1004583  0.7437722086906433
1003520  0.7437681555747986
1002984  0.7437437176704407
1100222  0.7437402606010437
1100835  0.7437335848808289
1000663  0.7437323927879333
1001780  0.7437291145324707
1002987  0.7437233924865723
1001663  0.7437141537666321
1005585  0.7436867356300354
1006061  0.7436860799789429
1004599  0.7436792254447937
1006697  0.743675947189331
1004041  0.7436665892601013
1100303  0.7436572313308716
1101234  0.7436511516571045
1003129  0.7436438798904419
1002316  0.743635892868042
1004847  0.7436274290084839
1005664  0.74362713098526
1003664  0.7436258792877197
1005669  0.7436201572418213
1002854  0.7436168193817139
1002983  0.7436118125915527
1004149  0.7436052560806274
1002430  0.7436001300811768
1006526  0.7435917258262634
1003040  0.7435849905014038
1000515  0.7435760498046875
1001974  0.7435740828514099
1000315  0.7435728311538696
1002754  0.7435463666915894
1004664  0.7435458302497864
1101252  0.7435436844825745
1101052  0.743537425994873
1001876  0.7435346841812134
1004595  0.7435346841812134
1002142  0.7435249090194702
1002746  0.743521511554718
1100953  0.7435115575790405
1005749  0.7434900403022766
1005671  0.7434802651405334
1002749  0.7434779405593872
1100978  0.7434757351875305
1005305  0.7434706687927246
1005201  0.7434611916542053
1000637  0.7434471249580383
1100751  0.7434381246566772
1000865  0.7434259057044983
1000518  0.7434207201004028
1000729  0.7434104084968567
1101033  0.7434068918228149
1003711  0.7434059381484985
1004618  0.7433748841285706
1003718  0.743371307849884
1003031  0.7433539628982544
1004650  0.7433509230613708
1006303  0.7433496713638306
1006814  0.7433496713638306
1100463  0.7433358430862427
1003813  0.7433260083198547
1004976  0.7433021664619446
1001783  0.7432908415794373
1002432  0.7432904243469238
1001013  0.7432766556739807
1101354  0.7432605028152466
1006971  0.7432604432106018
1004839  0.7432600259780884
1006867  0.7432547807693481
1101383  0.7432512044906616
1005889  0.7432357668876648
1003127  0.7432307600975037
1001448  0.7432287335395813
1004651  0.7432168126106262
1003120  0.7432080507278442
1005026  0.7432021498680115
1005887  0.7431947588920593
1001015  0.7431919574737549
1004023  0.7431647777557373
1001924  0.7431581020355225
1006587  0.7431575059890747
1004247  0.7431438565254211
1001967  0.7431222796440125
1006358  0.7431154251098633
1004594  0.7430799603462219
1002721  0.7430681586265564
1003997  0.7430490851402283
1003175  0.7430484294891357
1100127  0.7430470585823059
1003658  0.7430418133735657
1002683  0.7430412769317627
1006204  0.7430365085601807
1005452  0.7430322170257568
1001675  0.7430242300033569
1005277  0.7430156469345093
1001051  0.7430016994476318
1100374  0.7429937124252319
1002034  0.74297034740448
1001532  0.7429652214050293
1100227  0.7429606318473816
1004698  0.742942750453949
1003988  0.7429381012916565
1007259  0.7429335713386536
1003661  0.7429034113883972
1004421  0.7428979873657227
1003955  0.7428923845291138
1003519  0.7428922057151794
1006583  0.7428916096687317
1004842  0.7428879737854004
1006359  0.7428755164146423
1001522  0.7428731322288513
1004112  0.7428695559501648
1001881  0.7428683638572693
1005624  0.7428657412528992
1000665  0.7428463101387024
1004771  0.7428368330001831
1002732  0.7428328394889832
1003518  0.7428312301635742
1004780  0.7428257465362549
1100174  0.7427862882614136
1006180  0.7427853941917419
1003758  0.7427828311920166
1001283  0.7427747249603271
1101336  0.742767870426178
1100976  0.7427608966827393
1006504  0.742753267288208
1003979  0.7427389621734619
1003764  0.7427290678024292
1003560  0.7427150011062622
1006515  0.7427087426185608
1005328  0.7426748871803284
1006695  0.7426692247390747
1004784  0.7426673769950867
1005507  0.7426609992980957
1101390  0.7426552176475525
1100979  0.7426450252532959
1100932  0.7426411509513855
1101327  0.7426369190216064
1001119  0.742632269859314
1003951  0.7426305413246155
1005775  0.7426283359527588
1003462  0.7426257133483887
1002988  0.742623507976532
1003938  0.7426223158836365
1001343  0.7426217198371887
1003467  0.7426000237464905
1003425  0.7425975203514099
1001662  0.7425963878631592
1006304  0.7425926327705383
1003511  0.7425810098648071
1100121  0.7425700426101685
1002381  0.7425597906112671
1101388  0.7425590753555298
1101024  0.7425584197044373
1100785  0.7425522804260254
1002077  0.7425508499145508
1004907  0.7425450682640076
1100279  0.7425412535667419
1003330  0.7425393462181091
1003995  0.7425348162651062
1002856  0.7425344586372375
1005456  0.7425222396850586
1001661  0.7425026893615723
1006819  0.7424839735031128
1004636  0.7424783706665039
1003755  0.74246746301651
1003361  0.7424575686454773
1004774  0.7424567341804504
1002993  0.7424489855766296
1005047  0.7424485087394714
1005973  0.7424411773681641
1003898  0.7424339056015015
1003804  0.7424236536026001
1003513  0.742414653301239
1006291  0.7424009442329407
1003889  0.742390513420105
1002273  0.7423780560493469
1006033  0.7423664927482605
1003019  0.7423642873764038
1003932  0.7423600554466248
1003618  0.7423503994941711
1005884  0.7423493266105652
1006003  0.7423423528671265
1101051  0.7423393726348877
1003940  0.7423304319381714
1004702  0.7423218488693237
1006800  0.7423065900802612
1004415  0.7423056960105896
1002108  0.7423017621040344
1000568  0.7422998547554016
1004418  0.742299497127533
1001276  0.7422963380813599
1005533  0.7422922253608704
1006293  0.742292046546936
1100828  0.7422910928726196
1000560  0.7422844767570496
1002311  0.7422839999198914
1004977  0.7422410845756531
1005998  0.7422370314598083
1002104  0.7422356009483337
1001918  0.7422204613685608
1003201  0.7422133684158325
1101112  0.742190957069397
1100722  0.7421883344650269
1006807  0.7421754002571106
1100937  0.7421730160713196
1001779  0.7421691417694092
1002275  0.7421656847000122
1003805  0.7421528100967407
1002194  0.7421451807022095
1004624  0.7421231269836426
1004411  0.7421218156814575
1006811  0.7421146631240845
1100537  0.7421104907989502
1100902  0.7421050667762756
1002911  0.7421045303344727
1004649  0.7421038150787354
1002426  0.7420990467071533
1002748  0.7420973777770996
1101420  0.7420960664749146
1004982  0.7420843243598938
1100545  0.7420811057090759
1006400  0.7420759797096252
1000426  0.7420588135719299
1100875  0.7420454621315002
1005407  0.7420381903648376
1004978  0.7420363426208496
1003613  0.7420262098312378
1005848  0.7420033812522888
1002347  0.7419911623001099
1001314  0.7419764399528503
1004111  0.741976261138916
1002998  0.7419746518135071
1002149  0.741972029209137
1004984  0.7419534921646118
1003460  0.7419494390487671
1101359  0.741948664188385
1000519  0.7419207692146301
1004983  0.7418859004974365
1001401  0.7418761253356934
1006692  0.7418748736381531
1100825  0.7418684959411621
1002419  0.7418659329414368
1002235  0.7418609857559204
1005851  0.7418559193611145
1001376  0.7418470978736877
1003047  0.7418163418769836
1006312  0.7418060302734375
1003132  0.7417988181114197
1006442  0.7417880296707153
1002745  0.7417868375778198
1003662  0.7417768836021423
1002650  0.7417715191841125
1100328  0.7417711019515991
1001316  0.7417653203010559
1004351  0.741763710975647
1005408  0.7417594194412231
1005850  0.7417591214179993
1003466  0.7417409420013428
1100755  0.7417330145835876
1002724  0.741723895072937
1001615  0.7417168617248535
1001020  0.7417010068893433
1101109  0.7416995763778687
1003765  0.7416994571685791
1004109  0.7416990995407104
1002421  0.7416953444480896
1001526  0.741685688495636
1100551  0.7416850328445435
1004678  0.7416835427284241
1002868  0.7416682243347168
1100275  0.7416551113128662
1100858  0.7416516542434692
1006510  0.7416415214538574
1101375  0.7416374683380127
1002236  0.7416306734085083
1007149  0.7416298985481262
1001451  0.7416170239448547
1005409  0.7416028380393982
1006820  0.7415930032730103
1004590  0.7415915131568909
1100853  0.7415860891342163
1002717  0.7415542006492615
1004427  0.7415515780448914
1101056  0.741546094417572
1003017  0.7415429353713989
1004944  0.7415369153022766
1004850  0.7415367960929871
1005029  0.7415139079093933
1005103  0.7415069937705994
1003234  0.7415059804916382
1005712  0.7415025234222412
1004213  0.7414997816085815
1002858  0.74149489402771
1004431  0.741481602191925
1006062  0.7414647936820984
1002045  0.7414295673370361
1002590  0.7414218187332153
1004910  0.7414010763168335
1101337  0.7413949966430664
1005819  0.7413920760154724
1005778  0.7413827776908875
1004042  0.7413750290870667
1003902  0.741334080696106
1101386  0.7413232922554016
1000630  0.7413168549537659
1101143  0.7413117289543152
1002145  0.7413111925125122
1000564  0.7413020133972168
1006403  0.7412856221199036
1101127  0.7412851452827454
1005504  0.7412624359130859
1101001  0.7412487268447876
1100727  0.7412472367286682
1005813  0.7412394285202026
1101384  0.7412320971488953
1006943  0.7412197589874268
1101402  0.7412149310112
1003472  0.741213858127594
1001880  0.7412120699882507
1100878  0.7412101626396179
1003989  0.7411869764328003
1006701  0.7411717176437378
1001798  0.7411566972732544
1004249  0.7411515712738037
1100899  0.7411457896232605
1003760  0.7411212921142578
1005032  0.7411049604415894
1001613  0.7411026358604431
1001931  0.7410950660705566
1003028  0.7410799264907837
1006209  0.7410752773284912
1100175  0.7410743832588196
1006397  0.7410657405853271
1005267  0.741064727306366
1001826  0.7410613298416138
1101357  0.7410546541213989
1001528  0.7410416603088379
1001022  0.7410285472869873
1005270  0.7410208582878113
1001437  0.7410183548927307
1005811  0.7410178780555725
1004670  0.7410165071487427
1005784  0.7410158514976501
1100956  0.7410127520561218
1004785  0.741007387638092
1005449  0.741004228591919
1004894  0.7409985065460205
1001438  0.740990936756134
1101352  0.7409818172454834
1004685  0.7409785389900208
1002989  0.7409627437591553
1002433  0.740960955619812
1004432  0.7409566044807434
1003233  0.7409223914146423
1002869  0.7409196496009827
1002741  0.740917444229126
1006861  0.7409170269966125
1101381  0.7409098744392395
1000566  0.7408906817436218
1002152  0.7408801913261414
1100726  0.7408788204193115
1100907  0.7408690452575684
1002383  0.7408689260482788
1002388  0.7408652305603027
1001273  0.7408581376075745
1004694  0.7408450245857239
1101006  0.7408421635627747
1003016  0.7408329248428345
1001657  0.7408291101455688
1002025  0.7408255934715271
1100789  0.740821361541748
1001782  0.7408183813095093
1002851  0.740818202495575
1003332  0.740816593170166
1003904  0.7408139109611511
1101215  0.7408068776130676
1001658  0.7408037185668945
1005035  0.7407991290092468
1000631  0.7407922148704529
1006708  0.7407861948013306
1004777  0.7407746911048889
1101218  0.7407705783843994
1007128  0.7407674193382263
1002981  0.7407645583152771
1006065  0.7407634258270264
1000565  0.7407417297363281
1003137  0.740736186504364
1003563  0.7407326698303223
1002075  0.740721583366394
1004021  0.7407135963439941
1006002  0.7407082915306091
1000940  0.7407004833221436
1100851  0.7406808733940125
1000342  0.7406753897666931
1002720  0.7406628131866455
1004070  0.740654706954956
1005779  0.7406531572341919
1002022  0.7406530976295471
1004980  0.740649402141571
1002071  0.7406459450721741
1001486  0.7406452298164368
1004180  0.7406289577484131
1001021  0.7406272888183594
1001788  0.7406265139579773
1000728  0.7406220436096191
1005030  0.7406142950057983
1004775  0.7406138777732849
1004178  0.7406126856803894
1004410  0.7406006455421448
1004646  0.7405938506126404
1005023  0.7405931353569031
1000662  0.7405887246131897
1004676  0.7405844926834106
1101023  0.7405844926834106
1100680  0.7405779361724854
1006402  0.740568995475769
1000693  0.7405654191970825
1005311  0.7405446171760559
1004906  0.7405390739440918
1001667  0.7405328750610352
1003720  0.7405210733413696
1003716  0.740516722202301
1006511  0.7405136823654175
1001230  0.7405045628547668
1001828  0.740495502948761
1002759  0.7404934763908386
1004147  0.7404865622520447
1003134  0.740482747554779
1003611  0.7404695153236389
1003568  0.7404677271842957
1006493  0.740454912185669
1006299  0.7404393553733826
1001971  0.74043208360672
1004903  0.740426242351532
1001704  0.7404226660728455
1005198  0.7404114603996277
1005413  0.7403967380523682
1001279  0.7403865456581116
1003298  0.7403740286827087
1006287  0.7403723001480103
1100950  0.7403602004051208
1004974  0.7403351068496704
1006064  0.7403249144554138
1100199  0.7403198480606079
1003522  0.7403162717819214
1002991  0.7403063178062439
1003362  0.7403031587600708
1100699  0.7403005957603455
1003039  0.7402941584587097
1003023  0.7402851581573486
1003897  0.7402600646018982
1100529  0.740246057510376
1005242  0.7402453422546387
1003119  0.7402293682098389
1004001  0.7402287125587463
1005893  0.7401978373527527
1000575  0.7401909232139587
1001711  0.7401899099349976
1005619  0.7401890754699707
1003001  0.7401876449584961
1006690  0.7401764988899231
1100806  0.7401726841926575
1006589  0.740166962146759
1006860  0.740156888961792
1002042  0.7401431798934937
1006092  0.7401339411735535
1005711  0.7401329278945923
1101393  0.7401281595230103
1003908  0.7401256561279297
1006296  0.7401256561279297
1002384  0.7401230335235596
1007148  0.7401198148727417
1004424  0.740118682384491
1006657  0.7401118874549866
1007051  0.7401114106178284
1005709  0.7401086091995239
1005159  0.7400929927825928
1007335  0.7400901317596436
1100633  0.7400888800621033
1001378  0.740084707736969
1000659  0.7400758862495422
1100930  0.740069568157196
1005743  0.7400687336921692
1004071  0.7400534749031067
1006592  0.7400422096252441
1005676  0.7400282025337219
1100716  0.7400202751159668
1004973  0.7400175333023071
1002847  0.740016520023346
1007133  0.740016520023346
1003709  0.7400089502334595
1001741  0.7400007247924805
1000929  0.7399902939796448
1006505  0.739985466003418
1004674  0.7399599552154541
1004076  0.7399584650993347
1001447  0.7399563193321228
1000635  0.7399556040763855
1000971  0.7399551272392273
1006521  0.7399447560310364
1004729  0.7399431467056274
1000526  0.739936888217926
1006584  0.7399275898933411
1001525  0.7399253249168396
1003131  0.7399203777313232
1004044  0.7399178743362427
1001872  0.7399020195007324
1101128  0.739899754524231
1004585  0.7398807406425476
1004642  0.7398685216903687
1006665  0.7398681640625
1001713  0.7398496866226196
1000530  0.739835798740387
1005160  0.7398275136947632
1004414  0.7398239970207214
1006834  0.7398113012313843
1006177  0.7398026585578918
1001025  0.7398009896278381
1101414  0.7397918701171875
1004067  0.7397792339324951
1001869  0.7397754788398743
1100468  0.7397721409797668
1001542  0.739768922328949
1004783  0.7397663593292236
1002849  0.7397626042366028
1004855  0.7397527098655701
1006355  0.7397407293319702
1007101  0.739727258682251
1005629  0.7397178411483765
1005193  0.739715039730072
1006523  0.7397132515907288
1000483  0.7397118210792542
1003952  0.7397108674049377
1003946  0.739696741104126
1002708  0.7396815419197083
1001921  0.7396773099899292
1002195  0.7396708130836487
1005375  0.7396591305732727
1003010  0.7396513223648071
1003909  0.7396499514579773
1001973  0.7396462559700012
1002187  0.739634096622467
1004378  0.7396328449249268
1001825  0.7396326065063477
1003953  0.7396308779716492
1004666  0.7396245002746582
1100831  0.7396196722984314
1003204  0.7396038174629211
1005626  0.7395699620246887
1005970  0.7395684123039246
1005211  0.7395548820495605
1001781  0.7395542860031128
1002702  0.7395434379577637
1002996  0.7395363450050354
1007125  0.7395337820053101
1003147  0.7395261526107788
1003936  0.7395247220993042
1004020  0.7395243048667908
1000486  0.7395204305648804
1005034  0.7395051717758179
1006447  0.7395004630088806
1100730  0.7394946217536926
1101002  0.7394746541976929
1005041  0.7394624352455139
1100733  0.739460825920105
1001233  0.7394266724586487
1004429  0.7393811941146851
1002313  0.739358127117157
1005930  0.7393547296524048
1003024  0.7393543720245361
1101000  0.7393531203269958
1001885  0.7393423318862915
1001574  0.7393271327018738
1005845  0.7393205165863037
1006302  0.7393123507499695
1005275  0.7392979264259338
1006067  0.7392929196357727
1005744  0.7392816543579102
1006586  0.7392814755439758
1006501  0.7392650246620178
1006492  0.7392412424087524
1007033  0.7392386794090271
1100681  0.7392322421073914
1005776  0.739226758480072
1004002  0.7392204999923706
1003983  0.7391920685768127
1002151  0.7391869425773621
1001278  0.7391802072525024
1004837  0.7391782999038696
1004793  0.7391718626022339
1000924  0.7391566634178162
1000796  0.7391471266746521
1002107  0.7391455769538879
1006829  0.7391403913497925
1006070  0.7391393780708313
1006439  0.7391255497932434
1005015  0.7391136288642883
1002977  0.7391135692596436
1100125  0.7390912175178528
1004628  0.7390844225883484
1004662  0.7390797138214111
1002193  0.7390768527984619
1001710  0.7390599250793457
1002472  0.7390496730804443
1000695  0.7390479445457458
1003140  0.7390427589416504
1003609  0.7390384078025818
1101060  0.7390283942222595
1007048  0.739014744758606
1004896  0.7389963269233704
1101360  0.738986074924469
1101142  0.7389811873435974
1004684  0.7389606237411499
1006686  0.738959550857544
1006529  0.7389583587646484
1001444  0.7389485239982605
1006035  0.738925576210022
1100885  0.7389094829559326
1001922  0.7389065027236938
1005209  0.7389035820960999
1006968  0.7388920783996582
1001705  0.7388841509819031
1003002  0.738858699798584
1101124  0.7388512492179871
1000482  0.7388500571250916
1004731  0.7388392090797424
1100373  0.7388378381729126
1004786  0.7388226389884949
1004214  0.7388085126876831
1004279  0.7388052940368652
1006866  0.7388051748275757
1006670  0.7387920022010803
1101107  0.7387887835502625
1002990  0.7387736439704895
1004311  0.7387709617614746
1101424  0.738763689994812
1100721  0.7387573719024658
1005304  0.7387519478797913
1000937  0.7387322783470154
1101378  0.738727867603302
1000423  0.7387253046035767
1100877  0.7386932373046875
1101216  0.7386928796768188
1100526  0.7386918067932129
1004609  0.7386866211891174
1005308  0.7386861443519592
1006294  0.7386815547943115
1101053  0.7386776804924011
1101377  0.7386767268180847
1006662  0.7386468052864075
1000692  0.738635778427124
1001270  0.7385988831520081
1004475  0.7385945916175842
1005885  0.7385736107826233
1002072  0.7385678887367249
1005481  0.7385673522949219
1004844  0.7385583519935608
1007052  0.7385351061820984
1001927  0.7385209798812866
1100500  0.7385194897651672
1003912  0.7385162711143494
1006486  0.738509476184845
1101233  0.738508939743042
1101248  0.7384752631187439
1004277  0.7384530901908875
1002017  0.7384043335914612
1005455  0.7383944988250732
1003665  0.7383589148521423
1100540  0.7383508086204529
1002270  0.7383381724357605
1101092  0.7383235692977905
1006815  0.7382904291152954
1000367  0.7382895350456238
1100852  0.7382764220237732
1006810  0.7382692694664001
1004615  0.7382354140281677
1001575  0.7382168769836426
1003141  0.738213837146759
1006969  0.7382079362869263
1004841  0.738201379776001
1006667  0.7381851673126221
1100455  0.7381706833839417
1002792  0.7381700277328491
1002154  0.7381601333618164
1006687  0.738155722618103
1007250  0.7381501197814941
1000341  0.7381166219711304
1004064  0.7381097078323364
1006635  0.738104522228241
1003459  0.7381015419960022
1005195  0.738095223903656
1005165  0.7380920648574829
1000286  0.7380850315093994
1005447  0.7380713820457458
1002379  0.7380611896514893
1002861  0.7380450367927551
1006669  0.7380427718162537
1001442  0.7380080819129944
1003710  0.7379968762397766
1005708  0.7379937767982483
1003759  0.7379903793334961
1001443  0.7379599809646606
1005272  0.7379546761512756
1002024  0.73795086145401
1003807  0.7379428148269653
1004069  0.7379177808761597
1003463  0.7379171848297119
1005218  0.7379164695739746
1006487  0.737913191318512
1006210  0.7378929853439331
1006307  0.7378864288330078
1100999  0.7378836870193481
1100783  0.7378697991371155
1000520  0.7378479838371277
1001870  0.7378467321395874
1006438  0.7378422021865845
1006675  0.7378377914428711
1001313  0.7378107905387878
1003935  0.7378039956092834
1001618  0.7377386093139648
1003469  0.7377281188964844
1001616  0.7377272844314575
1000733  0.737706184387207
1000938  0.7377021312713623
1002439  0.73769611120224
1005208  0.7376857995986938
1004681  0.7376729846000671
1005556  0.7376688718795776
1003123  0.737661600112915
1000824  0.7376019358634949
1006577  0.7375959753990173
1005045  0.7375801205635071
1006660  0.7375466227531433
1101374  0.7375418543815613
1002230  0.7375311851501465
1003122  0.7375133633613586
1003146  0.7375041246414185
1003620  0.7374404668807983
1002074  0.737436056137085
1004413  0.7374293804168701
1101125  0.7374212741851807
1005214  0.7374138832092285
1006534  0.7374051809310913
1001530  0.7373883724212646
1101405  0.7373852729797363
1002850  0.7373688817024231
1003014  0.7373502850532532
1005927  0.7373166680335999
1004426  0.7373138070106506
1004668  0.7372863292694092
1100912  0.7372849583625793
1101365  0.7372540831565857
1002982  0.737250030040741
1004423  0.7372430562973022
1003892  0.7372384071350098
1006830  0.7372132539749146
1003036  0.7371976971626282
1004419  0.7371783256530762
1003808  0.7371770143508911
1100737  0.7371563911437988
1001664  0.737151563167572
1000763  0.7371177077293396
1002190  0.7371127605438232
1004682  0.7370778918266296
1003891  0.7370744943618774
1006659  0.7370660901069641
1001533  0.7370330691337585
1003706  0.7370299696922302
1001521  0.7370249629020691
1001231  0.737002432346344
1100126  0.7369764447212219
1101231  0.7369543313980103
1005675  0.7369527816772461
1005505  0.7369373440742493
1004772  0.7369352579116821
1002985  0.7369142770767212
1001778  0.7369070649147034
1005204  0.7368800640106201
1001776  0.7367988228797913
1100830  0.7367985844612122
1007253  0.7367656826972961
1002414  0.7367566823959351
1005323  0.7367420792579651
1001612  0.7367225885391235
1000452  0.7367128133773804
1005156  0.7367008328437805
1101025  0.7366918325424194
1001789  0.7366505265235901
1101326  0.7366503477096558
1002719  0.7366418838500977
1001793  0.7366245985031128
1001380  0.7366051077842712
1100469  0.7366020679473877
1002320  0.7365941405296326
1006354  0.7365918159484863
1004852  0.7365810871124268
1002980  0.7365777492523193
1001784  0.7365766167640686
1100471  0.7365654110908508
1100728  0.7365453839302063
1003906  0.7365433573722839
1100377  0.7365209460258484
1002621  0.7365058064460754
1006924  0.7364891171455383
1005997  0.7364610433578491
1001867  0.7364596724510193
1005104  0.7364524602890015
1100723  0.7364454865455627
1003524  0.7364320158958435
1002021  0.7364282011985779
1005890  0.7364206910133362
1101331  0.7364131808280945
1004697  0.7363641262054443
1003933  0.7363556623458862
1006540  0.7363243699073792
1004078  0.7363076210021973
1003130  0.7362514138221741
1004661  0.7362452745437622
1100474  0.7361923456192017
1101338  0.7361889481544495
1006034  0.7361503839492798
1006288  0.7361373901367188
1003008  0.7361186742782593
1005531  0.7361109256744385
1006203  0.7361015677452087
1101334  0.7360938787460327
1002435  0.7360898852348328
1003468  0.7360866069793701
1101391  0.7360842823982239
1101380  0.7360726594924927
1003657  0.736066997051239
1003944  0.7360615730285645
1003660  0.7359728813171387
1001377  0.7359703183174133
1101358  0.7359534502029419
1004794  0.7359495759010315
1001435  0.7359400987625122
1101329  0.7359383702278137
1004272  0.7359290719032288
1001399  0.7359104752540588
1000905  0.7358527183532715
1100552  0.7358313798904419
1001772  0.7358183860778809
1004835  0.7358179092407227
1006849  0.7358039617538452
1006973  0.7357783913612366
1007255  0.7357645630836487
1002385  0.7357630729675293
1005411  0.735658586025238
1001284  0.7356399893760681
1101400  0.7356359362602234
1001920  0.7356346249580383
1006435  0.735632598400116
1005327  0.7355856895446777
1100078  0.7355698347091675
1001919  0.7354580760002136
1006357  0.7354504466056824
1001379  0.7353659868240356
1007126  0.7353116869926453
1004108  0.7353082299232483
1002110  0.7352471351623535
1006524  0.7352461218833923
1001519  0.735241174697876
1002233  0.7352400422096252
1002751  0.7352269291877747
1002029  0.7351802587509155
1001090  0.7351616621017456
1001928  0.735159158706665
1003125  0.7351303100585938
1100719  0.7351100444793701
1003809  0.7351018786430359
1001665  0.7350671291351318
1003144  0.7350651621818542
1006805  0.7350099682807922
1000698  0.7350056171417236
1006809  0.7349512577056885
1101395  0.7349505424499512
1000236  0.7349287867546082
1000395  0.7349128127098083
1003562  0.734835684299469
1002736  0.7348255515098572
1005968  0.7347978353500366
1005313  0.7347643375396729
1000696  0.7347617149353027
1004276  0.7347485423088074
1002862  0.7347185611724854
1006353  0.7347018718719482
1100452  0.7346907258033752
1005155  0.7346684336662292
1101026  0.734634280204773
1100808  0.7346286177635193
1007234  0.73460453748703
1000634  0.7345946431159973
1005107  0.7345781922340393
1002418  0.7345584630966187
1003763  0.7345578670501709
1100583  0.7345455884933472
1001864  0.7345361113548279
1100605  0.7344725131988525
1101350  0.7344352602958679
1005158  0.7343960404396057
1100731  0.7343858480453491
1005443  0.7343822121620178
1100494  0.7343631386756897
1001092  0.734352707862854
1100611  0.7343380451202393
1101343  0.7342590093612671
1002703  0.734239399433136
1003888  0.7342227697372437
1006869  0.7342122197151184
1002828  0.7341704368591309
1003101  0.7341523766517639
1003030  0.7341203093528748
1005200  0.7341198921203613
1004831  0.7341050505638123
1101412  0.734086811542511
1001397  0.7340676784515381
1100931  0.7340495586395264
1002864  0.7340424656867981
1004273  0.7340359091758728
1001916  0.7339904308319092
1100996  0.7339895367622375
1006000  0.7339510917663574
1003994  0.7339228987693787
1100599  0.7338922023773193
1006038  0.7338579297065735
1006135  0.733797550201416
1100732  0.7337793707847595
1006972  0.7337691187858582
1100905  0.7337653636932373
1003564  0.7337437272071838
1002078  0.7337332367897034
1005588  0.7335729598999023
1100378  0.7334035038948059
1004655  0.7333973050117493
1101362  0.7333104610443115
1006113  0.7332804799079895
1100579  0.7332741618156433
1006945  0.7332728505134583
1003762  0.7332626581192017
1101344  0.7332581281661987
1004068  0.7332485318183899
1001396  0.7331101298332214
1005210  0.7331079840660095
1005679  0.7330232262611389
1005931  0.7330008149147034
1100578  0.7329829931259155
1100715  0.7329481840133667
1101333  0.7329410314559937
1100564  0.7329388856887817
1003128  0.7329331636428833
1002846  0.7329295873641968
1004657  0.732901394367218
1002277  0.7328720688819885
1101363  0.732846200466156
1100559  0.7327867150306702
1005451  0.7327818274497986
1002146  0.7327485084533691
1005623  0.7327219843864441
1100720  0.7327178716659546
1002855  0.732671320438385
1101339  0.7325296401977539
1100584  0.7325173020362854
1004787  0.7324689626693726
1004897  0.7324369549751282
1002727  0.7324322462081909
1004669  0.7323846220970154
1002438  0.732132077217102
1100489  0.7320348024368286
1005162  0.7317906022071838
1006290  0.7317301630973816
1101407  0.7317180633544922
1100587  0.7315178513526917
1000701  0.7314953207969666
1101347  0.7312472462654114
1001537  0.7312339544296265
1100736  0.7310417294502258
1100556  0.7308943271636963
1100718  0.7306730151176453
1005077  0.7302141189575195
1005967  0.7298769950866699
1100532  0.7298412322998047
1100543  0.7298249006271362
1100503  0.7293999195098877
1002237  0.7287598848342896
1001400  0.7287189364433289
1101417  0.7280154228210449
1100725  0.7279404401779175
1002976  0.7278064489364624
1100762  0.727572500705719
1100573  0.7267401814460754
1000260  0.7265021800994873
1100488  0.72580885887146
1100451  0.7252697944641113
1100601  0.724953830242157
1100554  0.7249224185943604
1100609  0.7241224050521851
1100536  0.7233300805091858
1100550  0.7228496670722961
1100511  0.7224014401435852
1100558  0.7217620015144348
1100461  0.7200356125831604
1000257  0.7194579839706421
1100595  0.7192121148109436
1100596  0.7187455296516418
1100613  0.718259334564209
1000181  0.7172415852546692
1100481  0.7172303795814514
1100521  0.7171958684921265
1100499  0.7167541980743408
1101305  0.7164708375930786
1100454  0.7161857485771179
1100591  0.7160276770591736
1100575  0.7157478928565979
1000261  0.7153313159942627
1100458  0.7143510580062866
1100570  0.7142649292945862
1000262  0.7142226696014404
1100606  0.7136883735656738
1100466  0.7136709690093994
1100486  0.7134308815002441
1100701  0.7117691040039062
1100604  0.7112343311309814
1100571  0.7110240459442139
1100513  0.7109777927398682
1101309  0.7108112573623657
1100492  0.7091240882873535
1100593  0.707206666469574
1100480  0.706534743309021
1100460  0.7064366936683655
1100476  0.7059221267700195
1100485  0.7055478096008301
1000217  0.7053054571151733
1100496  0.7041286826133728
1100666  0.7038615942001343
1101301  0.7038534283638
1100750  0.7030515074729919
1100459  0.7025083899497986
1100603  0.7023331522941589
1100497  0.7016509771347046
1101304  0.6997774243354797
1100525  0.6995113492012024
1100510  0.699407160282135
1100594  0.6969829797744751
1100698  0.6968794465065002
1100754  0.6960679292678833
1100516  0.6945747137069702
1100505  0.6943784356117249
1100650  0.6938614249229431
1100663  0.6925331354141235
1100507  0.6924946904182434
1100764  0.692421019077301
1100757  0.6918336749076843
1100517  0.691637396812439
1100647  0.6867023706436157
1100518  0.686339795589447
1100629  0.6731455326080322
1100630  0.6656169891357422
1100628  0.6643770933151245
1100509  0.6596565246582031
1100625  0.6592242121696472
