15500122  inf
15500123  inf
10200026  17.19047619047619
10200028  17.19047619047619
10200034  17.19047619047619
10200035  17.19047619047619
10200036  17.19047619047619
10200037  17.19047619047619
10200038  17.19047619047619
2200008  15.695652173913043
2200011  15.695652173913043
10200032  13.136363636363637
10300067  12.565217391304348
6500041  9.941176470588236
6500042  9.941176470588236
6500044  9.941176470588236
10300068  9.0
10200030  6.75
6500023  5.2631578947368425
6500064  4.266666666666667
6500048  4.0
6500049  4.0
6500051  4.0
4400013  2.7222222222222223
4400016  2.7222222222222223
18700227  2.5714285714285716
6500055  2.4
12400069  2.4
4400019  2.25
6500069  2.25
15300040  2.16
15300041  2.16
15300042  2.16
15300058  2.16
15300065  2.16
6500054  2.1176470588235294
6500060  2.1176470588235294
15500035  1.3837837837837839
6500035  1.2803030303030303
6500045  1.25
15500107  1.2461538461538462
15500121  1.168284789644013
18100060  1.0343839541547277
12400022  1.0212765957446808
12400023  1.0212765957446808
12400024  1.0212765957446808
12400025  1.0212765957446808
17300078  1.0197740112994351
17300079  1.0197740112994351
4600039  1.0055710306406684
17300071  1.0055710306406684
11700032  1.0027777777777778
11100024  1.0
13000067  1.0
6600032  0.976878612716763
11300034  0.976878612716763
11300035  0.976878612716763
11300036  0.976878612716763
17300083  0.9756756756756757
17300063  0.9704301075268817
4700014  0.96
4700015  0.96
4700016  0.96
15500110  0.9283667621776505
13200050  0.9171974522292994
13200051  0.9171974522292994
16500070  0.9171974522292994
6500017  0.9152542372881356
6500018  0.9152542372881356
15500106  0.9152542372881356
15500103  0.9126760563380282
15500104  0.9126760563380282
15500105  0.9126760563380282
3300042  0.9093198992443325
3700038  0.9093198992443325
4600018  0.9093198992443325
4600022  0.9093198992443325
10200047  0.9059561128526645
10800031  0.9056603773584906
10800032  0.9056603773584906
10800033  0.9056603773584906
10800035  0.9056603773584906
10800036  0.9056603773584906
18700809  0.9029850746268657
6500015  0.9025069637883009
6500022  0.9025069637883009
15500060  0.9
16500065  0.9
16500066  0.9
10200044  0.8975155279503105
15500098  0.8901098901098901
15500099  0.8901098901098901
15500101  0.8901098901098901
11500019  0.8837920489296636
11500020  0.8837920489296636
11500021  0.8837920489296636
13200049  0.8834355828220859
3300013  0.8804878048780488
3300014  0.8804878048780488
3300058  0.8804878048780488
3300059  0.8804878048780488
3300060  0.8804878048780488
3300061  0.8804878048780488
3300062  0.8804878048780488
3300063  0.8804878048780488
3300064  0.8804878048780488
3300065  0.8804878048780488
3300069  0.8804878048780488
3300070  0.8804878048780488
3300071  0.8804878048780488
3300072  0.8804878048780488
3300073  0.8804878048780488
3300074  0.8804878048780488
3300075  0.8804878048780488
3300076  0.8804878048780488
3300078  0.8804878048780488
3300079  0.8804878048780488
3300080  0.8804878048780488
3300081  0.8804878048780488
3300082  0.8804878048780488
3300083  0.8804878048780488
3300084  0.8804878048780488
3300085  0.8804878048780488
3300086  0.8804878048780488
14100090  0.878345498783455
10100032  0.8768115942028986
10100033  0.8768115942028986
10100034  0.8768115942028986
12900044  0.8768115942028986
12900045  0.8768115942028986
12900046  0.8768115942028986
9500030  0.8705035971223022
13200045  0.8657074340527577
13200046  0.8657074340527577
16300098  0.8657074340527577
16300105  0.8657074340527577
16300106  0.8657074340527577
3000022  0.8642857142857143
3000075  0.8642857142857143
3000101  0.8636363636363636
16300097  0.8636363636363636
8700017  0.8622754491017964
8700018  0.8622754491017964
8700019  0.8622754491017964
11600042  0.8622754491017964
11600043  0.8622754491017964
13200080  0.8622754491017964
13200081  0.8622754491017964
13200082  0.8622754491017964
3000093  0.8595238095238096
3000094  0.8595238095238096
3000072  0.8581560283687943
12900032  0.8581560283687943
12900033  0.8581560283687943
3000068  0.852112676056338
9500034  0.852112676056338
13200085  0.8514150943396226
13200087  0.8514150943396226
14200081  0.8514150943396226
3000064  0.8402777777777778
9500017  0.8402777777777778
9500018  0.8402777777777778
9500019  0.8402777777777778
5100018  0.8333333333333334
13200079  0.8323699421965318
15500052  0.8244274809160306
11400028  0.8231292517006803
11400029  0.8231292517006803
16300091  0.8167420814479638
16300093  0.8167420814479638
3700026  0.8148984198645598
13600029  0.8112359550561797
13600030  0.8112359550561797
13600031  0.8112359550561797
15300037  0.8112359550561797
15300038  0.8112359550561797
15300039  0.8112359550561797
15300048  0.8112359550561797
15300055  0.8112359550561797
3700042  0.8094170403587444
5100014  0.8058035714285714
6600028  0.8058035714285714
6600029  0.8058035714285714
11300030  0.8058035714285714
11300031  0.8058035714285714
11400019  0.8058035714285714
11400020  0.8058035714285714
11400021  0.8058035714285714
16300086  0.8058035714285714
16300087  0.8058035714285714
16300088  0.8058035714285714
10800048  0.8013245033112583
10800049  0.8013245033112583
11400024  0.8013245033112583
12000046  0.8013245033112583
11300054  0.7986725663716814
13200077  0.7969094922737306
13200078  0.7969094922737306
12000038  0.7967479674796748
13200103  0.7908496732026143
10800024  0.7899343544857768
10800025  0.7899343544857768
10800026  0.7899343544857768
10800027  0.7899343544857768
12900041  0.7864923747276689
16500080  0.7857142857142857
19901616  0.7857142857142857
13200040  0.7830802603036876
13200041  0.7830802603036876
13200042  0.7830802603036876
16300068  0.7830802603036876
16300071  0.7830802603036876
16300063  0.7796976241900648
6600040  0.7780172413793104
16300061  0.7780172413793104
3700016  0.7763440860215054
3700017  0.7763440860215054
3700018  0.7763440860215054
3700019  0.7763440860215054
11300053  0.7763440860215054
3700012  0.7746781115879828
10100024  0.7713675213675214
10100026  0.7713675213675214
10100027  0.7713675213675214
10100038  0.7713675213675214
16500079  0.7707006369426752
1600012  0.7697228144989339
10100023  0.7697228144989339
10100031  0.7697228144989339
12900040  0.7697228144989339
16300052  0.7697228144989339
1600009  0.7680851063829788
3000011  0.7680851063829788
3000013  0.7680851063829788
12000021  0.7680851063829788
12000022  0.7680851063829788
12000023  0.7680851063829788
13200099  0.7664543524416136
6600068  0.7632135306553911
15500048  0.76
4500013  0.7544642857142857
6500026  0.7538461538461538
2500017  0.7398843930635838
2500019  0.7398843930635838
2500022  0.7398843930635838
2500023  0.7398843930635838
6600044  0.7272727272727273
6600045  0.7272727272727273
8100018  0.7258064516129032
8100019  0.7258064516129032
8100022  0.7258064516129032
8100023  0.7258064516129032
8100027  0.7258064516129032
8100032  0.7258064516129032
8100033  0.7258064516129032
15400048  0.7258064516129032
15400068  0.7258064516129032
15400069  0.7258064516129032
15400071  0.7258064516129032
15400075  0.7258064516129032
15400082  0.7258064516129032
15400085  0.7258064516129032
11600020  0.7236180904522613
11600024  0.7236180904522613
11600025  0.7236180904522613
11600026  0.7236180904522613
13200061  0.7236180904522613
13200063  0.7236180904522613
13200064  0.7236180904522613
13200067  0.7236180904522613
13200069  0.7236180904522613
13200070  0.7236180904522613
18200125  0.7234726688102894
18200126  0.7234726688102894
18200128  0.7234726688102894
18200132  0.7234726688102894
18200138  0.7234726688102894
18200141  0.7234726688102894
11300063  0.72
11300064  0.72
11300065  0.72
5000014  0.7188498402555911
5000015  0.7188498402555911
5000016  0.7188498402555911
5000017  0.7188498402555911
5000020  0.7188498402555911
5000021  0.7188498402555911
5000023  0.7188498402555911
5000029  0.7188498402555911
5000030  0.7188498402555911
5000031  0.7188498402555911
10200042  0.7106299212598425
10200043  0.7106299212598425
10200050  0.7106299212598425
15500033  0.7106299212598425
3000037  0.7093596059113301
6600052  0.7093596059113301
6600053  0.7093596059113301
12500071  0.7053291536050157
13500035  0.7053291536050157
15400043  0.703125
15400047  0.703125
15400066  0.703125
15400067  0.703125
18200123  0.703125
18200124  0.703125
15500030  0.6996124031007752
15500031  0.6996124031007752
15500032  0.6996124031007752
15500037  0.6996124031007752
3000033  0.6990291262135923
3000029  0.6956521739130435
9700023  0.6923076923076923
14800071  0.6923076923076923
14800072  0.6923076923076923
4500024  0.6901408450704225
3000025  0.6889952153110048
11300093  0.6857142857142857
11300094  0.6857142857142857
13200058  0.6857142857142857
13200059  0.6857142857142857
13200060  0.6857142857142857
3000021  0.676056338028169
10200022  0.671003717472119
10700018  0.6563636363636364
10700019  0.6563636363636364
10700021  0.6563636363636364
10700022  0.6563636363636364
10700023  0.6563636363636364
10700024  0.6563636363636364
3000016  0.6515837104072398
3000017  0.6515837104072398
17300103  0.632258064516129
17300105  0.632258064516129
17300107  0.632258064516129
17300109  0.632258064516129
17300111  0.632258064516129
17300113  0.632258064516129
17300115  0.632258064516129
17300119  0.632258064516129
17300087  0.6302250803858521
17300089  0.6302250803858521
17300091  0.6302250803858521
17300093  0.6302250803858521
17300095  0.6302250803858521
17300097  0.6302250803858521
17300099  0.6302250803858521
17300101  0.6302250803858521
12500063  0.6164383561643836
15600031  0.6164383561643836
15600032  0.6164383561643836
15600033  0.6164383561643836
15600036  0.6164383561643836
15600051  0.6164383561643836
15600055  0.6164383561643836
15700067  0.6164383561643836
15700135  0.6164383561643836
15700136  0.6164383561643836
15700137  0.6164383561643836
16200045  0.6164383561643836
6500030  0.599388379204893
8800017  0.596694214876033
1500023  0.5957095709570958
1800008  0.5957095709570958
2300012  0.5957095709570958
2400017  0.5957095709570958
8800021  0.5957095709570958
19901378  0.579454253611557
7600039  0.5766773162939297
6900015  0.5724381625441696
6900017  0.5724381625441696
6900018  0.5724381625441696
6900019  0.5724381625441696
6900020  0.5724381625441696
6900021  0.5724381625441696
6900029  0.5724381625441696
6600048  0.572107765451664
6600049  0.572107765451664
11300068  0.572107765451664
11300071  0.572107765451664
11300076  0.572107765451664
18900154  0.5714285714285714
1100013  0.5694006309148265
1200014  0.5694006309148265
6600072  0.5658307210031348
6600073  0.5658307210031348
11300113  0.5658307210031348
11300116  0.5658307210031348
11300117  0.5658307210031348
12300033  0.5658307210031348
12300035  0.5658307210031348
12300036  0.5658307210031348
12300040  0.5658307210031348
14200077  0.5658307210031348
16500059  0.5658307210031348
16500060  0.5658307210031348
16500061  0.5658307210031348
10800018  0.564945226917058
10800021  0.564945226917058
17400053  0.564945226917058
1100005  0.5640625
1100010  0.5640625
4300013  0.5640625
4300016  0.5640625
4300017  0.5640625
4300018  0.5640625
4300020  0.5640625
7600072  0.5640625
9700018  0.5640625
9700019  0.5640625
9700025  0.5640625
10100018  0.5640625
11200024  0.5640625
11200028  0.5640625
11200030  0.5640625
11200031  0.5640625
11200032  0.5640625
11200040  0.5640625
11200044  0.5640625
11200049  0.5640625
11200053  0.5640625
11200055  0.5640625
11200059  0.5640625
11200063  0.5640625
11200064  0.5640625
11200066  0.5640625
12300031  0.5640625
13200027  0.5640625
13200029  0.5640625
13200034  0.5640625
13200035  0.5640625
13200036  0.5640625
13200037  0.5640625
13200137  0.5640625
13600024  0.5640625
13600025  0.5640625
13600026  0.5640625
14200040  0.5640625
14200041  0.5640625
14200042  0.5640625
14200043  0.5640625
14200044  0.5640625
14200045  0.5640625
14200046  0.5640625
14200047  0.5640625
14200048  0.5640625
14200049  0.5640625
14200050  0.5640625
14200051  0.5640625
14200052  0.5640625
14200055  0.5640625
14200059  0.5640625
14200060  0.5640625
14200064  0.5640625
14200068  0.5640625
14200069  0.5640625
14200073  0.5640625
14200089  0.5640625
14200090  0.5640625
14200102  0.5640625
14200106  0.5640625
14200114  0.5640625
14800112  0.5640625
14800161  0.5640625
14800175  0.5640625
14800178  0.5640625
14800179  0.5640625
14800180  0.5640625
14800181  0.5640625
14800182  0.5640625
14800186  0.5640625
14800187  0.5640625
14800190  0.5640625
15300030  0.5640625
15300031  0.5640625
15300032  0.5640625
15300033  0.5640625
16300039  0.5640625
16300040  0.5640625
16300044  0.5640625
16300045  0.5640625
16300046  0.5640625
16300047  0.5640625
16300048  0.5640625
16300049  0.5640625
16500058  0.5640625
1100007  0.5631825273010921
1200006  0.5631825273010921
1200011  0.5631825273010921
7600066  0.5631825273010921
7600069  0.5631825273010921
13000063  0.5631825273010921
13200023  0.5631825273010921
14200098  0.5631825273010921
14800108  0.5631825273010921
14800174  0.5631825273010921
2500011  0.5625
2500029  0.5625
2500030  0.5625
2500031  0.5625
7600059  0.5623052959501558
14200094  0.5623052959501558
14800169  0.5623052959501558
2500009  0.561525129982669
7600015  0.5614307931570762
7600017  0.5614307931570762
7600020  0.5614307931570762
7600023  0.5614307931570762
7600026  0.5614307931570762
7600030  0.5614307931570762
7600035  0.5614307931570762
7600038  0.5614307931570762
12300027  0.5614307931570762
14800063  0.5614307931570762
14800067  0.5614307931570762
14800165  0.5614307931570762
14800167  0.5614307931570762
14800168  0.5614307931570762
16500052  0.5614307931570762
16500057  0.5614307931570762
14200026  0.5605590062111802
14200031  0.5605590062111802
14200032  0.5605590062111802
14200037  0.5605590062111802
14800027  0.5605590062111802
14800081  0.5605590062111802
14800082  0.5605590062111802
14800085  0.5605590062111802
19902380  0.5605590062111802
2000008  0.5596899224806201
2000009  0.5596899224806201
2000014  0.5596899224806201
2000019  0.5596899224806201
2000024  0.5596899224806201
4900014  0.5562403697996918
4900017  0.5562403697996918
4900018  0.5562403697996918
11100019  0.5562403697996918
14100026  0.5562403697996918
14100034  0.5562403697996918
14100043  0.5562403697996918
14100052  0.5562403697996918
14100062  0.5562403697996918
14100071  0.5562403697996918
14100076  0.5562403697996918
14100077  0.5562403697996918
14100078  0.5562403697996918
15800033  0.5562403697996918
16000036  0.5562403697996918
16000040  0.5562403697996918
16000055  0.5562403697996918
16500041  0.5562403697996918
16500043  0.5562403697996918
16500044  0.5562403697996918
16500045  0.5562403697996918
16900043  0.5562403697996918
16900163  0.5562403697996918
17100048  0.5562403697996918
17100051  0.5562403697996918
18700100  0.5562403697996918
19901069  0.5562403697996918
19901080  0.5562403697996918
19901112  0.5562403697996918
19901125  0.5562403697996918
19901212  0.5562403697996918
19901246  0.5562403697996918
4600013  0.5553846153846154
17300053  0.5553846153846154
17300056  0.5553846153846154
17300057  0.5553846153846154
6500025  0.5552407932011332
6600021  0.5519877675840978
6600022  0.5519877675840978
6600024  0.5519877675840978
11300019  0.5519877675840978
11300021  0.5519877675840978
11300022  0.5519877675840978
11300026  0.5519877675840978
11300081  0.5519877675840978
11300083  0.5519877675840978
11300089  0.5519877675840978
11300090  0.5519877675840978
11300109  0.5519877675840978
12900022  0.5519877675840978
12900026  0.5519877675840978
12900112  0.5519877675840978
12900117  0.5519877675840978
13000047  0.5519877675840978
13000048  0.5519877675840978
19500253  0.5517241379310345
19500254  0.5517241379310345
19500280  0.5517241379310345
19500287  0.5517241379310345
19500288  0.5517241379310345
1500033  0.5511450381679389
2400027  0.5511450381679389
6600015  0.5511450381679389
6600018  0.5511450381679389
12300022  0.5511450381679389
12300024  0.5511450381679389
17500054  0.5511450381679389
13000040  0.5477996965098634
17800068  0.5477996965098634
17800072  0.5477996965098634
17800075  0.5477996965098634
1000005  0.546969696969697
1500007  0.546969696969697
1500009  0.546969696969697
1500012  0.546969696969697
1500015  0.546969696969697
2300009  0.546969696969697
2400011  0.546969696969697
2800016  0.546969696969697
2800017  0.546969696969697
2800020  0.546969696969697
5600014  0.546969696969697
5600015  0.546969696969697
5600016  0.546969696969697
5600019  0.546969696969697
5600039  0.546969696969697
7800016  0.546969696969697
7800017  0.546969696969697
7800018  0.546969696969697
7800024  0.546969696969697
7800025  0.546969696969697
7800033  0.546969696969697
7800046  0.546969696969697
7800047  0.546969696969697
7800052  0.546969696969697
7800055  0.546969696969697
7800058  0.546969696969697
7800059  0.546969696969697
7800064  0.546969696969697
11700020  0.546969696969697
13000022  0.546969696969697
13000029  0.546969696969697
13000031  0.546969696969697
13000032  0.546969696969697
13000034  0.546969696969697
13000037  0.546969696969697
13000038  0.546969696969697
13000039  0.546969696969697
17800056  0.546969696969697
3100021  0.5373134328358209
3100022  0.5373134328358209
3100025  0.5373134328358209
5200020  0.5373134328358209
5300014  0.5373134328358209
5300020  0.5373134328358209
5300041  0.5373134328358209
5300042  0.5373134328358209
5300044  0.5373134328358209
5300046  0.5373134328358209
8100016  0.5373134328358209
8200016  0.5373134328358209
8200018  0.5373134328358209
8200019  0.5373134328358209
8200020  0.5373134328358209
8400016  0.5373134328358209
8400017  0.5373134328358209
8400018  0.5373134328358209
8500016  0.5373134328358209
8900017  0.5373134328358209
8900020  0.5373134328358209
8900026  0.5373134328358209
9600017  0.5373134328358209
11700039  0.5373134328358209
12500022  0.5373134328358209
12500032  0.5373134328358209
12500033  0.5373134328358209
12500034  0.5373134328358209
12500035  0.5373134328358209
12500047  0.5373134328358209
12500048  0.5373134328358209
12500056  0.5373134328358209
12500057  0.5373134328358209
12500066  0.5373134328358209
12800022  0.5373134328358209
13000055  0.5373134328358209
13500023  0.5373134328358209
13500024  0.5373134328358209
13500025  0.5373134328358209
13500055  0.5373134328358209
13500056  0.5373134328358209
13500057  0.5373134328358209
13500060  0.5373134328358209
13500061  0.5373134328358209
13500062  0.5373134328358209
13500063  0.5373134328358209
13500065  0.5373134328358209
13500068  0.5373134328358209
13500069  0.5373134328358209
13500071  0.5373134328358209
13500073  0.5373134328358209
13500075  0.5373134328358209
13500077  0.5373134328358209
13500090  0.5373134328358209
13500091  0.5373134328358209
13500092  0.5373134328358209
13500094  0.5373134328358209
13500095  0.5373134328358209
13500096  0.5373134328358209
13500097  0.5373134328358209
13500100  0.5373134328358209
13500101  0.5373134328358209
13800048  0.5373134328358209
15000028  0.5373134328358209
15200029  0.5373134328358209
15200030  0.5373134328358209
15200031  0.5373134328358209
15200040  0.5373134328358209
15200041  0.5373134328358209
15200049  0.5373134328358209
15200050  0.5373134328358209
15200051  0.5373134328358209
15200058  0.5373134328358209
15400030  0.5373134328358209
15400032  0.5373134328358209
15400033  0.5373134328358209
15400034  0.5373134328358209
15400035  0.5373134328358209
15400036  0.5373134328358209
15400058  0.5373134328358209
15400059  0.5373134328358209
15400062  0.5373134328358209
15400063  0.5373134328358209
15400079  0.5373134328358209
15700034  0.5373134328358209
15700037  0.5373134328358209
15700124  0.5373134328358209
15700132  0.5373134328358209
15700133  0.5373134328358209
15700134  0.5373134328358209
15700138  0.5373134328358209
15700146  0.5373134328358209
15700150  0.5373134328358209
15700151  0.5373134328358209
15700152  0.5373134328358209
15700156  0.5373134328358209
16200038  0.5373134328358209
16200041  0.5373134328358209
16400040  0.5373134328358209
16400048  0.5373134328358209
16400049  0.5373134328358209
16400074  0.5373134328358209
16700042  0.5373134328358209
17600055  0.5373134328358209
17600056  0.5373134328358209
17600058  0.5373134328358209
17600059  0.5373134328358209
17600065  0.5373134328358209
17600066  0.5373134328358209
17600067  0.5373134328358209
17600068  0.5373134328358209
17600071  0.5373134328358209
17600072  0.5373134328358209
17600076  0.5373134328358209
17600077  0.5373134328358209
17600081  0.5373134328358209
17600082  0.5373134328358209
17600086  0.5373134328358209
17600087  0.5373134328358209
17600091  0.5373134328358209
17600095  0.5373134328358209
18000060  0.5373134328358209
18000062  0.5373134328358209
18200090  0.5373134328358209
18200094  0.5373134328358209
18200095  0.5373134328358209
18200098  0.5373134328358209
18200101  0.5373134328358209
18200102  0.5373134328358209
18200103  0.5373134328358209
18200108  0.5373134328358209
18200109  0.5373134328358209
18200112  0.5373134328358209
18200114  0.5373134328358209
18200117  0.5373134328358209
18300064  0.5373134328358209
15700032  0.5364238410596026
18500191  0.5333333333333333
18900132  0.5333333333333333
18900133  0.5333333333333333
18900134  0.5333333333333333
3100014  0.5285481239804242
3100017  0.5285481239804242
13600035  0.519893899204244
12500059  0.517921146953405
12500061  0.517921146953405
12500062  0.517921146953405
12500070  0.517921146953405
12500080  0.517921146953405
15200052  0.517921146953405
15400064  0.517921146953405
15400065  0.517921146953405
16400050  0.517921146953405
18200115  0.517921146953405
18200121  0.517921146953405
18200122  0.517921146953405
18200135  0.517921146953405
12000041  0.5
3300053  0.4188034188034188
19901256  0.40468227424749165
4500037  0.4025157232704403
13000026  0.39335664335664333
6600060  0.39267015706806285
6600061  0.39267015706806285
11300103  0.39267015706806285
11300104  0.39267015706806285
11300105  0.39267015706806285
11300106  0.39267015706806285
12900123  0.39267015706806285
12900124  0.39267015706806285
2900014  0.39263803680981596
12400032  0.3888888888888889
6600064  0.387263339070568
6600065  0.387263339070568
11300049  0.38200339558573854
11300050  0.38200339558573854
19500250  0.37209302325581395
19500251  0.37209302325581395
19500270  0.37209302325581395
19500271  0.37209302325581395
19500277  0.37209302325581395
19500283  0.37209302325581395
19500284  0.37209302325581395
19500286  0.37209302325581395
14300036  0.36363636363636365
13100025  0.3333333333333333
13100026  0.3333333333333333
13400045  0.3333333333333333
14300038  0.3333333333333333
13100043  0.3302752293577982
2900013  0.3282051282051282
11500024  0.3282051282051282
19500216  0.32653061224489793
19500243  0.32653061224489793
19500244  0.32653061224489793
19500245  0.32653061224489793
19500246  0.32653061224489793
19500247  0.32653061224489793
19600217  0.32653061224489793
13100040  0.3157894736842105
9700020  0.3151041666666667
9700021  0.3151041666666667
9700032  0.3151041666666667
9700033  0.3151041666666667
9700038  0.3151041666666667
13100022  0.3130434782608696
13100028  0.3130434782608696
13100029  0.3130434782608696
13100030  0.3130434782608696
13100031  0.3130434782608696
13100034  0.3130434782608696
13100036  0.3130434782608696
13100037  0.3130434782608696
12300066  0.2722117202268431
11000024  0.26666666666666666
14300035  0.2647058823529412
4500040  0.2571428571428571
12300074  0.2513089005235602
14300034  0.2482758620689655
13400023  0.2465753424657534
13400024  0.2465753424657534
17300084  0.24509803921568626
13400032  0.24489795918367346
13400034  0.24489795918367346
11000019  0.23880597014925373
11000020  0.23880597014925373
11000021  0.23880597014925373
13400026  0.23841059602649006
13400027  0.23841059602649006
13400028  0.23841059602649006
13400029  0.23841059602649006
10300070  0.23529411764705882
10300071  0.23529411764705882
10300072  0.23529411764705882
10300074  0.23529411764705882
19600219  0.23529411764705882
19600220  0.23529411764705882
19600225  0.23529411764705882
6500065  0.2222222222222222
3300032  0.21367521367521367
3300029  0.211864406779661
3300030  0.211864406779661
12000039  0.211864406779661
9300020  0.20809248554913296
13200084  0.20253164556962025
17400055  0.19215686274509805
3900015  0.18848167539267016
3900021  0.1875
18700406  0.18181818181818182
3200017  0.17883211678832117
10800040  0.17883211678832117
10800041  0.17883211678832117
10800042  0.17883211678832117
10800044  0.17883211678832117
13200121  0.17883211678832117
19902111  0.1782178217821782
12100028  0.17647058823529413
13600033  0.17482517482517482
3200016  0.17314487632508835
3200019  0.17314487632508835
3600012  0.16363636363636364
3600018  0.16363636363636364
3600019  0.16363636363636364
3600022  0.16363636363636364
3600023  0.16363636363636364
3600026  0.16363636363636364
3600032  0.16363636363636364
3600033  0.16363636363636364
3600036  0.16363636363636364
3600039  0.16363636363636364
3900012  0.16363636363636364
8600017  0.16363636363636364
8600018  0.16363636363636364
8600019  0.16363636363636364
8600022  0.16363636363636364
8600023  0.16363636363636364
8600027  0.16363636363636364
8600028  0.16363636363636364
9100017  0.16363636363636364
9100018  0.16363636363636364
9100019  0.16363636363636364
9100023  0.16363636363636364
9100025  0.16363636363636364
9100028  0.16363636363636364
9100029  0.16363636363636364
12200022  0.16363636363636364
12200023  0.16363636363636364
12200031  0.16363636363636364
12200035  0.16363636363636364
12200037  0.16363636363636364
12200038  0.16363636363636364
12200041  0.16363636363636364
12200045  0.16363636363636364
12200046  0.16363636363636364
14600027  0.16363636363636364
14600028  0.16363636363636364
17700056  0.16363636363636364
17700057  0.16363636363636364
17700058  0.16363636363636364
17700062  0.16363636363636364
17700063  0.16363636363636364
17700067  0.16363636363636364
17700072  0.16363636363636364
17700073  0.16363636363636364
3200014  0.16225165562913907
3200015  0.16225165562913907
3200020  0.16225165562913907
16500160  0.16071428571428573
16500161  0.16071428571428573
19902346  0.16071428571428573
19902347  0.16071428571428573
19000145  0.15319148936170213
2700025  0.1506276150627615
14300026  0.1506276150627615
14300027  0.1506276150627615
14300030  0.1506276150627615
14300031  0.1506276150627615
12100032  0.14754098360655737
12100043  0.1469387755102041
16300075  0.1469387755102041
16300132  0.1469387755102041
6700025  0.14634146341463414
16300074  0.14634146341463414
16300128  0.14634146341463414
6100021  0.145748987854251
11300057  0.145748987854251
11300058  0.145748987854251
11300059  0.145748987854251
12100039  0.145748987854251
12100040  0.145748987854251
19000140  0.14516129032258066
19000141  0.14516129032258066
19000142  0.14516129032258066
6600036  0.14342629482071714
6600037  0.14342629482071714
16500089  0.14342629482071714
16500090  0.14342629482071714
15500044  0.14285714285714285
6100015  0.1422924901185771
6100016  0.1422924901185771
6100017  0.1422924901185771
6100018  0.1422924901185771
11300040  0.1422924901185771
11300041  0.1422924901185771
11300042  0.1422924901185771
11300043  0.1422924901185771
6700015  0.140625
6700016  0.140625
6700017  0.140625
6700018  0.140625
12100024  0.13953488372093023
12100025  0.13953488372093023
12100021  0.13846153846153847
12100022  0.13846153846153847
12100023  0.13846153846153847
12100036  0.13846153846153847
16500086  0.13793103448275862
16500084  0.13740458015267176
19901647  0.13114754098360656
9300017  0.12413793103448276
9300149  0.12413793103448276
9400022  0.10526315789473684
18700270  0.10256410256410256
12300070  0.09045226130653267
12500076  0.09045226130653267
4500032  0.08695652173913043
12500072  0.08591885441527446
12500086  0.08591885441527446
2900020  0.07692307692307693
2900017  0.07627118644067797
2900041  0.07627118644067797
2900015  0.0743801652892562
6500027  0.06716417910447761
9400017  0.06666666666666667
9400019  0.06666666666666667
4500038  0.06557377049180328
19901673  0.05333333333333334
18900182  0.05263157894736842
5100076  0.047619047619047616
4700033  0.045454545454545456
11400037  0.045454545454545456
11400038  0.045454545454545456
16500074  0.045454545454545456
16500075  0.045454545454545456
19901550  0.045454545454545456
5100072  0.043478260869565216
13200129  0.041666666666666664
3700034  0.041474654377880185
7700022  0.04
7700023  0.04
7700037  0.038461538461538464
7700016  0.037037037037037035
7700017  0.037037037037037035
7700018  0.037037037037037035
7700019  0.037037037037037035
13600046  0.037037037037037035
16300111  0.037037037037037035
16500155  0.037037037037037035
16500156  0.037037037037037035
19901804  0.037037037037037035
3000030  0.03571428571428571
3000055  0.03571428571428571
13200091  0.03571428571428571
13200092  0.03571428571428571
15300072  0.03571428571428571
18700244  0.03571428571428571
3000052  0.034482758620689655
12000070  0.034482758620689655
16500154  0.03225806451612903
11400043  0.03125
16500168  0.03125
16500169  0.03125
16500170  0.03125
18700523  0.02857142857142857
18700200  0.027777777777777776
4500056  0.02564102564102564
10500028  0.021739130434782608
10500029  0.021739130434782608
10500030  0.021739130434782608
10500025  0.02127659574468085
17000069  0.02127659574468085
17000116  0.02127659574468085
17000068  0.020833333333333332
17000110  0.020833333333333332
17000113  0.020833333333333332
17000067  0.02040816326530612
17000104  0.02040816326530612
17000107  0.02040816326530612
17000061  0.02
17000062  0.02
17000066  0.02
17000098  0.02
17000101  0.02
3000084  0.0196078431372549
17000095  0.0196078431372549
17000082  0.018867924528301886
17000083  0.018867924528301886
17000090  0.018867924528301886
3000018  0.01818181818181818
17000071  0.01818181818181818
17000072  0.01818181818181818
17000073  0.01818181818181818
17000074  0.01818181818181818
6900024  0.01694915254237288
16300058  0.01694915254237288
16300059  0.01694915254237288
17000064  0.01694915254237288
17000065  0.01694915254237288
3000083  0.016666666666666666
13200112  0.016666666666666666
13200113  0.016666666666666666
3000078  0.015873015873015872
3000079  0.015873015873015872
10500034  0.015873015873015872
16300054  0.015873015873015872
10500018  0.015625
10500020  0.015625
10500021  0.015625
10500022  0.015625
13200107  0.015384615384615385
13200108  0.015384615384615385
13200109  0.015384615384615385
13200110  0.015384615384615385
15500040  0.0136986301369863
15500041  0.0136986301369863
16800062  0.013333333333333334
15500113  0.013157894736842105
16800043  0.010309278350515464
16800044  0.010309278350515464
16800045  0.010309278350515464
16800046  0.010309278350515464
16800047  0.010309278350515464
16800048  0.010309278350515464
16800049  0.010309278350515464
16800050  0.010309278350515464
16800051  0.010309278350515464
14000026  0.008333333333333333
14000027  0.008333333333333333
14000028  0.008333333333333333
14000029  0.008333333333333333
14000030  0.008333333333333333
14000031  0.008333333333333333
14000032  0.008333333333333333
14000033  0.008333333333333333
14000034  0.008333333333333333
14000053  0.008333333333333333
10200023  0.007434944237918215
16300094  0.005780346820809248
11600031  0.005681818181818182
11600032  0.005681818181818182
15500127  0.004219409282700422
15500128  0.004219409282700422
4100021  0.0035714285714285713
4100020  0.0034602076124567475
13000059  0.0034602076124567475
4100013  0.0033783783783783786
4100016  0.0033783783783783786
4100017  0.0033783783783783786
15500126  0.0030581039755351682
15500150  0.0030581039755351682
12300057  0.002932551319648094
12300058  0.002932551319648094
12300056  0.002898550724637681
12300052  0.002890173410404624
1000007  0.0
1100011  0.0
1300007  0.0
1300009  0.0
1300010  0.0
1300011  0.0
1300012  0.0
1300013  0.0
1300014  0.0
1300017  0.0
1400007  0.0
1400009  0.0
1400012  0.0
1400016  0.0
1600007  0.0
1700007  0.0
1700008  0.0
1800010  0.0
1800011  0.0
1800012  0.0
1800013  0.0
1800014  0.0
1800015  0.0
1900008  0.0
1900011  0.0
1900012  0.0
1900016  0.0
1900017  0.0
1900019  0.0
1900020  0.0
2100008  0.0
2100009  0.0
2400009  0.0
2500020  0.0
2600010  0.0
2600012  0.0
2600015  0.0
2600016  0.0
2600017  0.0
2600019  0.0
2600020  0.0
2600024  0.0
2600025  0.0
2700010  0.0
2700013  0.0
2700017  0.0
2700021  0.0
2700029  0.0
2700033  0.0
2700037  0.0
2800010  0.0
2800018  0.0
2900010  0.0
2900016  0.0
2900018  0.0
2900025  0.0
2900030  0.0
2900034  0.0
2900035  0.0
2900037  0.0
3000026  0.0
3000034  0.0
3000035  0.0
3000040  0.0
3000042  0.0
3000043  0.0
3000044  0.0
3000049  0.0
3000053  0.0
3000058  0.0
3000059  0.0
3000061  0.0
3000065  0.0
3000069  0.0
3000073  0.0
3000080  0.0
3000087  0.0
3000088  0.0
3000090  0.0
3000095  0.0
3100011  0.0
3100015  0.0
3100023  0.0
3100024  0.0
3200011  0.0
3200023  0.0
3300011  0.0
3400011  0.0
3400013  0.0
3400016  0.0
3400020  0.0
3400021  0.0
3500011  0.0
3500014  0.0
3500015  0.0
3500017  0.0
3500021  0.0
3500022  0.0
3500023  0.0
3500024  0.0
3500025  0.0
3500027  0.0
3500028  0.0
3500029  0.0
3500030  0.0
3600020  0.0
3600021  0.0
3600034  0.0
3600035  0.0
3600040  0.0
3600041  0.0
3600042  0.0
3600043  0.0
3700022  0.0
3700030  0.0
3700046  0.0
3700055  0.0
3700056  0.0
3700058  0.0
3700059  0.0
3700060  0.0
3700062  0.0
3700068  0.0
3800012  0.0
3800017  0.0
3900016  0.0
3900017  0.0
3900018  0.0
3900022  0.0
3900023  0.0
3900026  0.0
3900028  0.0
3900029  0.0
3900030  0.0
3900031  0.0
4000013  0.0
4000014  0.0
4100023  0.0
4100024  0.0
4100025  0.0
4200013  0.0
4200014  0.0
4200015  0.0
4200019  0.0
4200020  0.0
4200024  0.0
4200025  0.0
4200026  0.0
4200027  0.0
4200029  0.0
4500016  0.0
4500020  0.0
4500028  0.0
4500044  0.0
4500048  0.0
4500052  0.0
4600028  0.0
4600034  0.0
4700019  0.0
4700020  0.0
4700024  0.0
4700028  0.0
4700029  0.0
4800014  0.0
4800015  0.0
4900021  0.0
4900022  0.0
4900023  0.0
4900026  0.0
4900030  0.0
4900031  0.0
4900034  0.0
5000024  0.0
5000025  0.0
5000026  0.0
5000027  0.0
5100022  0.0
5100023  0.0
5100025  0.0
5100027  0.0
5100028  0.0
5100030  0.0
5100034  0.0
5100038  0.0
5100039  0.0
5100041  0.0
5100042  0.0
5100043  0.0
5100044  0.0
5100046  0.0
5100049  0.0
5100053  0.0
5100057  0.0
5100058  0.0
5100060  0.0
5100061  0.0
5100062  0.0
5100063  0.0
5100065  0.0
5100068  0.0
5100080  0.0
5200014  0.0
5200016  0.0
5200024  0.0
5200028  0.0
5200029  0.0
5200031  0.0
5300068  0.0
5300069  0.0
5300071  0.0
5300089  0.0
5400014  0.0
5400015  0.0
5400018  0.0
5400019  0.0
5500014  0.0
5500019  0.0
5500020  0.0
5500023  0.0
5500024  0.0
5500027  0.0
5500031  0.0
5600020  0.0
5600022  0.0
5600023  0.0
5600024  0.0
5600029  0.0
5600032  0.0
5600033  0.0
5600034  0.0
5600036  0.0
5700014  0.0
5700023  0.0
5700024  0.0
5700025  0.0
5700026  0.0
5700027  0.0
5700028  0.0
5700030  0.0
5700033  0.0
5800014  0.0
5800015  0.0
5900015  0.0
5900016  0.0
6000015  0.0
6000016  0.0
6100025  0.0
6200015  0.0
6200016  0.0
6200019  0.0
6200020  0.0
6300015  0.0
6300016  0.0
6400015  0.0
6400016  0.0
6500037  0.0
6500057  0.0
6500061  0.0
6600056  0.0
6600076  0.0
6600077  0.0
6700021  0.0
6700022  0.0
6800015  0.0
6800016  0.0
6900030  0.0
6900031  0.0
7000015  0.0
7000016  0.0
7100015  0.0
7100021  0.0
7100022  0.0
7100025  0.0
7100026  0.0
7100027  0.0
7100028  0.0
7100032  0.0
7100034  0.0
7100035  0.0
7100036  0.0
7100041  0.0
7100042  0.0
7100043  0.0
7100048  0.0
7200015  0.0
7200016  0.0
7300015  0.0
7300016  0.0
7400015  0.0
7400016  0.0
7500015  0.0
7500016  0.0
7600021  0.0
7600027  0.0
7600031  0.0
7600032  0.0
7600034  0.0
7600041  0.0
7600042  0.0
7600044  0.0
7600047  0.0
7600048  0.0
7600050  0.0
7600051  0.0
7600053  0.0
7600064  0.0
7600070  0.0
7700027  0.0
7700028  0.0
7700032  0.0
7700033  0.0
7800026  0.0
7800034  0.0
7800035  0.0
7800048  0.0
7800053  0.0
7800054  0.0
7800060  0.0
7800061  0.0
7800062  0.0
7800065  0.0
7800066  0.0
7900016  0.0
7900017  0.0
7900021  0.0
8000016  0.0
8000017  0.0
8000018  0.0
8000019  0.0
8000020  0.0
8000028  0.0
8000037  0.0
8000046  0.0
8000055  0.0
8100020  0.0
8100025  0.0
8100028  0.0
8200023  0.0
8200024  0.0
8200025  0.0
8200026  0.0
8200027  0.0
8200029  0.0
8200030  0.0
8200032  0.0
8300016  0.0
8300017  0.0
8300021  0.0
8400021  0.0
8400022  0.0
8400023  0.0
8400024  0.0
8400026  0.0
8400028  0.0
8500019  0.0
8600030  0.0
8600032  0.0
8600033  0.0
8600034  0.0
8600041  0.0
8600042  0.0
8600043  0.0
8700022  0.0
8800031  0.0
8800033  0.0
8800034  0.0
8800035  0.0
8800036  0.0
8800037  0.0
8800039  0.0
8800040  0.0
8800041  0.0
8800046  0.0
8800047  0.0
8800049  0.0
8800052  0.0
8800053  0.0
8800054  0.0
8800055  0.0
9000017  0.0
9000020  0.0
9000021  0.0
9000022  0.0
9000026  0.0
9000027  0.0
9000028  0.0
9000032  0.0
9000033  0.0
9000034  0.0
9000035  0.0
9000036  0.0
9000038  0.0
9000040  0.0
9000041  0.0
9000042  0.0
9100026  0.0
9100027  0.0
9200017  0.0
9200020  0.0
9200021  0.0
9300024  0.0
9300025  0.0
9300044  0.0
9300045  0.0
9300047  0.0
9300048  0.0
9300050  0.0
9300055  0.0
9300056  0.0
9300057  0.0
9300058  0.0
9300059  0.0
9300060  0.0
9300062  0.0
9300063  0.0
9300067  0.0
9300068  0.0
9300069  0.0
9300071  0.0
9300072  0.0
9300076  0.0
9300077  0.0
9300078  0.0
9300079  0.0
9300081  0.0
9300082  0.0
9300084  0.0
9300085  0.0
9300087  0.0
9300089  0.0
9300093  0.0
9300097  0.0
9300098  0.0
9300099  0.0
9300100  0.0
9300102  0.0
9300103  0.0
9300107  0.0
9300108  0.0
9300110  0.0
9300111  0.0
9300116  0.0
9300118  0.0
9300119  0.0
9300121  0.0
9300126  0.0
9300127  0.0
9300128  0.0
9300129  0.0
9300131  0.0
9300133  0.0
9300134  0.0
9300176  0.0
9300177  0.0
9300178  0.0
9300179  0.0
9300181  0.0
9300183  0.0
9300184  0.0
9400026  0.0
9400027  0.0
9500022  0.0
9500026  0.0
9500039  0.0
9600019  0.0
9600020  0.0
9600021  0.0
9600025  0.0
9600026  0.0
9700027  0.0
9700028  0.0
9700029  0.0
9700035  0.0
9700042  0.0
9700047  0.0
9800018  0.0
9800019  0.0
9800020  0.0
9800021  0.0
9800022  0.0
9800025  0.0
9800029  0.0
9800033  0.0
9900018  0.0
9900020  0.0
9900022  0.0
9900023  0.0
9900024  0.0
9900027  0.0
10000018  0.0
10000022  0.0
10000025  0.0
10000026  0.0
10000029  0.0
10000033  0.0
10000034  0.0
10000035  0.0
10000039  0.0
10000043  0.0
10000044  0.0
10000047  0.0
10000048  0.0
10000049  0.0
10000050  0.0
10000051  0.0
10000053  0.0
10000058  0.0
10000062  0.0
10100035  0.0
10200018  0.0
10200045  0.0
10300018  0.0
10300019  0.0
10300022  0.0
10300023  0.0
10300024  0.0
10300025  0.0
10300026  0.0
10300027  0.0
10300028  0.0
10300029  0.0
10300030  0.0
10300031  0.0
10300032  0.0
10300033  0.0
10300034  0.0
10300035  0.0
10300036  0.0
10300037  0.0
10300038  0.0
10300039  0.0
10300040  0.0
10300041  0.0
10300042  0.0
10300044  0.0
10300048  0.0
10300049  0.0
10300051  0.0
10300053  0.0
10300056  0.0
10300057  0.0
10300058  0.0
10300059  0.0
10300060  0.0
10300063  0.0
10300064  0.0
10400018  0.0
10400022  0.0
10400023  0.0
10400024  0.0
10400026  0.0
10400029  0.0
10400030  0.0
10400032  0.0
10400033  0.0
10400035  0.0
10500026  0.0
10600018  0.0
10600019  0.0
10700028  0.0
10700029  0.0
10700030  0.0
10700032  0.0
10800050  0.0
10900019  0.0
10900020  0.0
10900021  0.0
10900024  0.0
10900028  0.0
10900029  0.0
11000028  0.0
11000029  0.0
11200019  0.0
11200020  0.0
11200021  0.0
11200056  0.0
11200070  0.0
11200071  0.0
11200073  0.0
11300072  0.0
11300073  0.0
11300074  0.0
11300084  0.0
11300085  0.0
11300086  0.0
11300097  0.0
11300114  0.0
11300120  0.0
11300121  0.0
11400025  0.0
11400033  0.0
11400047  0.0
11500028  0.0
11500029  0.0
11500032  0.0
11500036  0.0
11500037  0.0
11500038  0.0
11500039  0.0
11500041  0.0
11500046  0.0
11500051  0.0
11500052  0.0
11500054  0.0
11500055  0.0
11500060  0.0
11500064  0.0
11500071  0.0
11600033  0.0
11600034  0.0
11600038  0.0
11600039  0.0
11600046  0.0
11600051  0.0
11700027  0.0
11700046  0.0
11700053  0.0
11800020  0.0
11800021  0.0
11800023  0.0
11800024  0.0
11800025  0.0
11800026  0.0
11800030  0.0
11800034  0.0
11800039  0.0
11900021  0.0
11900022  0.0
11900023  0.0
11900024  0.0
11900026  0.0
11900027  0.0
11900028  0.0
11900031  0.0
11900035  0.0
12000026  0.0
12000027  0.0
12000028  0.0
12000029  0.0
12000030  0.0
12000034  0.0
12000050  0.0
12000054  0.0
12000058  0.0
12000062  0.0
12000066  0.0
12100037  0.0
12100041  0.0
12300037  0.0
12300044  0.0
12300045  0.0
12300046  0.0
12300048  0.0
12300049  0.0
12300053  0.0
12300060  0.0
12300078  0.0
12300082  0.0
12300084  0.0
12300085  0.0
12300087  0.0
12300090  0.0
12400029  0.0
12400036  0.0
12400037  0.0
12400040  0.0
12400045  0.0
12400049  0.0
12400050  0.0
12400052  0.0
12400057  0.0
12400062  0.0
12400063  0.0
12400065  0.0
12500073  0.0
12500074  0.0
12600022  0.0
12700022  0.0
12700023  0.0
12700024  0.0
12700025  0.0
12700028  0.0
12700029  0.0
12700030  0.0
12700031  0.0
12800024  0.0
12800025  0.0
12900053  0.0
12900054  0.0
12900055  0.0
12900056  0.0
12900063  0.0
12900064  0.0
12900065  0.0
12900066  0.0
12900073  0.0
12900074  0.0
12900075  0.0
12900076  0.0
12900080  0.0
12900081  0.0
12900082  0.0
12900085  0.0
12900086  0.0
12900087  0.0
12900088  0.0
12900090  0.0
12900094  0.0
12900095  0.0
12900096  0.0
12900098  0.0
12900101  0.0
12900102  0.0
12900103  0.0
12900104  0.0
12900106  0.0
12900113  0.0
12900114  0.0
12900115  0.0
13000042  0.0
13000051  0.0
13100038  0.0
13100039  0.0
13100041  0.0
13100042  0.0
13100044  0.0
13100045  0.0
13100048  0.0
13100049  0.0
13200054  0.0
13200055  0.0
13200065  0.0
13200073  0.0
13200095  0.0
13200096  0.0
13200117  0.0
13200125  0.0
13200133  0.0
13300023  0.0
13300026  0.0
13300027  0.0
13300029  0.0
13300030  0.0
13300031  0.0
13300032  0.0
13300035  0.0
13300037  0.0
13300039  0.0
13300040  0.0
13300041  0.0
13300042  0.0
13300043  0.0
13300044  0.0
13300047  0.0
13300048  0.0
13400035  0.0
13400036  0.0
13400037  0.0
13400038  0.0
13400039  0.0
13400040  0.0
13400041  0.0
13400042  0.0
13600042  0.0
13600050  0.0
13600051  0.0
13600054  0.0
13700024  0.0
13700026  0.0
13800025  0.0
13800036  0.0
13800054  0.0
13900025  0.0
13900026  0.0
13900028  0.0
13900029  0.0
13900030  0.0
13900031  0.0
13900034  0.0
13900036  0.0
13900037  0.0
13900040  0.0
13900041  0.0
13900049  0.0
13900050  0.0
13900051  0.0
13900052  0.0
13900053  0.0
13900056  0.0
13900057  0.0
13900058  0.0
13900059  0.0
13900062  0.0
13900063  0.0
13900065  0.0
14000037  0.0
14000041  0.0
14000045  0.0
14000049  0.0
14000057  0.0
14000062  0.0
14000063  0.0
14000064  0.0
14000067  0.0
14000068  0.0
14000069  0.0
14000072  0.0
14000078  0.0
14000083  0.0
14000084  0.0
14000085  0.0
14000086  0.0
14000087  0.0
14000088  0.0
14000089  0.0
14000090  0.0
14000091  0.0
14000092  0.0
14000093  0.0
14000094  0.0
14000095  0.0
14000096  0.0
14000097  0.0
14000098  0.0
14000099  0.0
14000100  0.0
14000101  0.0
14000102  0.0
14000103  0.0
14000104  0.0
14000105  0.0
14000106  0.0
14000107  0.0
14100086  0.0
14200085  0.0
14200110  0.0
14300028  0.0
14300039  0.0
14300040  0.0
14300043  0.0
14300044  0.0
14300046  0.0
14300047  0.0
14300048  0.0
14300050  0.0
14300051  0.0
14300052  0.0
14300056  0.0
14400026  0.0
14400027  0.0
14400028  0.0
14400030  0.0
14400031  0.0
14400034  0.0
14400035  0.0
14400037  0.0
14400038  0.0
14400040  0.0
14400041  0.0
14400044  0.0
14400045  0.0
14400047  0.0
14400048  0.0
14400050  0.0
14400051  0.0
14400054  0.0
14400055  0.0
14400059  0.0
14500027  0.0
14500030  0.0
14500031  0.0
14500033  0.0
14500034  0.0
14500035  0.0
14500036  0.0
14700027  0.0
14700028  0.0
14700029  0.0
14700030  0.0
14700033  0.0
14700036  0.0
14700037  0.0
14700038  0.0
14700041  0.0
14700045  0.0
14700046  0.0
14700047  0.0
14700048  0.0
14700050  0.0
14700054  0.0
14700058  0.0
14700059  0.0
14700062  0.0
14700063  0.0
14800034  0.0
14800038  0.0
14800039  0.0
14800043  0.0
14800044  0.0
14800047  0.0
14800048  0.0
14800049  0.0
14800050  0.0
14800051  0.0
14800054  0.0
14800055  0.0
14800059  0.0
14800076  0.0
14800077  0.0
14800083  0.0
14800089  0.0
14800093  0.0
14800094  0.0
14800098  0.0
14800099  0.0
14800103  0.0
14800104  0.0
14800116  0.0
14800120  0.0
14800121  0.0
14800123  0.0
14800127  0.0
14800128  0.0
14800130  0.0
14800131  0.0
14800132  0.0
14800134  0.0
14800136  0.0
14800140  0.0
14800141  0.0
14800142  0.0
14800144  0.0
14800145  0.0
14800149  0.0
14800153  0.0
14800157  0.0
14800188  0.0
14900028  0.0
14900029  0.0
14900030  0.0
14900031  0.0
14900035  0.0
14900036  0.0
14900040  0.0
14900042  0.0
14900043  0.0
14900044  0.0
14900047  0.0
15000032  0.0
15000035  0.0
15000037  0.0
15000038  0.0
15000041  0.0
15000043  0.0
15000050  0.0
15000051  0.0
15000052  0.0
15000055  0.0
15100029  0.0
15100030  0.0
15100031  0.0
15100034  0.0
15100035  0.0
15100036  0.0
15100039  0.0
15100041  0.0
15100042  0.0
15100043  0.0
15100046  0.0
15200053  0.0
15200054  0.0
15200062  0.0
15200063  0.0
15200064  0.0
15200067  0.0
15300050  0.0
15300051  0.0
15300052  0.0
15300053  0.0
15300054  0.0
15300060  0.0
15300061  0.0
15300062  0.0
15300063  0.0
15300064  0.0
15300068  0.0
15300076  0.0
15300077  0.0
15300080  0.0
15400050  0.0
15400072  0.0
15400073  0.0
15400083  0.0
15500056  0.0
15500067  0.0
15500068  0.0
15500069  0.0
15500078  0.0
15500079  0.0
15500081  0.0
15500082  0.0
15500083  0.0
15500084  0.0
15500086  0.0
15500087  0.0
15500090  0.0
15500092  0.0
15500108  0.0
15500117  0.0
15500129  0.0
15500153  0.0
15500154  0.0
15500155  0.0
15500157  0.0
15500161  0.0
15500168  0.0
15500170  0.0
15500171  0.0
15500172  0.0
15500174  0.0
15600041  0.0
15600042  0.0
15600044  0.0
15600046  0.0
15600059  0.0
15600060  0.0
15600066  0.0
15700055  0.0
15700059  0.0
15700063  0.0
15700071  0.0
15700075  0.0
15700076  0.0
15700079  0.0
15700083  0.0
15700084  0.0
15700086  0.0
15700087  0.0
15700091  0.0
15700095  0.0
15700099  0.0
15700100  0.0
15700101  0.0
15700102  0.0
15700105  0.0
15700110  0.0
15700112  0.0
15700116  0.0
15700120  0.0
15700128  0.0
15700142  0.0
15700153  0.0
15700154  0.0
15800037  0.0
15800038  0.0
15800040  0.0
15900035  0.0
16000043  0.0
16000044  0.0
16000045  0.0
16000047  0.0
16000048  0.0
16000049  0.0
16000050  0.0
16000052  0.0
16100036  0.0
16100037  0.0
16100038  0.0
16100041  0.0
16100042  0.0
16100047  0.0
16100053  0.0
16100057  0.0
16100061  0.0
16100065  0.0
16100066  0.0
16100068  0.0
16100072  0.0
16100076  0.0
16100077  0.0
16100081  0.0
16100084  0.0
16100085  0.0
16100086  0.0
16100088  0.0
16100089  0.0
16100092  0.0
16100096  0.0
16100098  0.0
16100099  0.0
16100102  0.0
16100103  0.0
16100105  0.0
16100106  0.0
16100108  0.0
16200049  0.0
16200050  0.0
16300076  0.0
16300077  0.0
16300081  0.0
16300095  0.0
16300115  0.0
16300120  0.0
16300121  0.0
16300124  0.0
16300129  0.0
16400043  0.0
16400051  0.0
16400052  0.0
16400055  0.0
16400056  0.0
16400057  0.0
16400060  0.0
16400061  0.0
16400062  0.0
16400067  0.0
16400069  0.0
16400070  0.0
16400071  0.0
16400077  0.0
16400078  0.0
16400079  0.0
16400081  0.0
16400085  0.0
16400088  0.0
16400089  0.0
16400090  0.0
16400092  0.0
16400093  0.0
16400094  0.0
16400095  0.0
16400096  0.0
16400100  0.0
16400107  0.0
16400108  0.0
16400109  0.0
16400110  0.0
16400112  0.0
16400113  0.0
16400114  0.0
16400117  0.0
16400123  0.0
16400124  0.0
16400125  0.0
16400128  0.0
16500048  0.0
16500053  0.0
16500067  0.0
16500068  0.0
16500085  0.0
16500087  0.0
16500094  0.0
16500095  0.0
16500096  0.0
16500098  0.0
16500099  0.0
16500101  0.0
16500104  0.0
16500105  0.0
16500106  0.0
16500108  0.0
16500109  0.0
16500111  0.0
16500112  0.0
16500113  0.0
16500114  0.0
16500115  0.0
16500116  0.0
16500118  0.0
16500121  0.0
16500122  0.0
16500123  0.0
16500124  0.0
16500125  0.0
16500128  0.0
16500129  0.0
16500131  0.0
16500134  0.0
16500135  0.0
16500137  0.0
16500138  0.0
16500139  0.0
16500140  0.0
16500141  0.0
16500144  0.0
16500148  0.0
16500149  0.0
16500150  0.0
16500174  0.0
16500175  0.0
16500176  0.0
16500177  0.0
16500178  0.0
16500179  0.0
16500181  0.0
16500183  0.0
16500187  0.0
16600041  0.0
16600043  0.0
16700045  0.0
16700046  0.0
16700047  0.0
16700051  0.0
16700052  0.0
16700054  0.0
16700055  0.0
16700056  0.0
16700057  0.0
16700058  0.0
16700061  0.0
16800054  0.0
16800058  0.0
16800066  0.0
16800070  0.0
16800074  0.0
16800078  0.0
16800079  0.0
16800082  0.0
16800084  0.0
16800088  0.0
16800093  0.0
16800097  0.0
16800101  0.0
16800105  0.0
16800109  0.0
16800113  0.0
16800114  0.0
16800116  0.0
16800120  0.0
16800121  0.0
16800124  0.0
16800128  0.0
16800129  0.0
16800132  0.0
16800136  0.0
16800137  0.0
16900048  0.0
16900051  0.0
16900052  0.0
16900053  0.0
16900056  0.0
16900060  0.0
16900061  0.0
16900064  0.0
16900065  0.0
16900066  0.0
16900068  0.0
16900071  0.0
16900089  0.0
16900090  0.0
16900097  0.0
16900101  0.0
16900106  0.0
16900110  0.0
16900114  0.0
16900115  0.0
16900119  0.0
16900120  0.0
16900156  0.0
16900160  0.0
17000046  0.0
17000047  0.0
17000086  0.0
17000087  0.0
17000088  0.0
17000096  0.0
17000102  0.0
17000108  0.0
17000114  0.0
17000119  0.0
17000120  0.0
17000121  0.0
17000124  0.0
17100057  0.0
17100058  0.0
17100059  0.0
17100062  0.0
17100063  0.0
17100067  0.0
17100068  0.0
17100069  0.0
17100070  0.0
17100071  0.0
17100073  0.0
17200052  0.0
17300064  0.0
17300065  0.0
17300066  0.0
17300067  0.0
17300069  0.0
17300075  0.0
17300088  0.0
17300090  0.0
17300092  0.0
17300094  0.0
17300096  0.0
17300098  0.0
17300100  0.0
17300102  0.0
17300104  0.0
17300106  0.0
17300108  0.0
17300110  0.0
17300112  0.0
17300114  0.0
17300116  0.0
17500057  0.0
17500064  0.0
17500071  0.0
17500089  0.0
17500102  0.0
17500117  0.0
17500130  0.0
17500134  0.0
17500145  0.0
17500157  0.0
17500165  0.0
17500174  0.0
17500184  0.0
17500194  0.0
17500203  0.0
17500212  0.0
17500221  0.0
17500230  0.0
17500239  0.0
17500258  0.0
17500279  0.0
17500286  0.0
17500295  0.0
17500296  0.0
17500297  0.0
17500298  0.0
17500302  0.0
17500311  0.0
17500315  0.0
17500320  0.0
17500321  0.0
17500323  0.0
17500324  0.0
17500325  0.0
17500329  0.0
17500330  0.0
17500333  0.0
17500334  0.0
17500338  0.0
17500347  0.0
17500360  0.0
17500361  0.0
17500366  0.0
17500377  0.0
17500388  0.0
17500389  0.0
17500396  0.0
17500399  0.0
17500406  0.0
17500410  0.0
17500412  0.0
17500416  0.0
17500418  0.0
17500424  0.0
17500425  0.0
17500427  0.0
17500437  0.0
17500446  0.0
17500456  0.0
17500473  0.0
17500485  0.0
17500500  0.0
17500512  0.0
17500516  0.0
17500534  0.0
17500545  0.0
17500560  0.0
17500566  0.0
17500573  0.0
17500581  0.0
17500587  0.0
17500598  0.0
17500607  0.0
17500617  0.0
17500623  0.0
17500628  0.0
17500639  0.0
17500651  0.0
17500662  0.0
17500671  0.0
17500675  0.0
17500679  0.0
17500685  0.0
17500695  0.0
17500696  0.0
17500698  0.0
17500702  0.0
17500713  0.0
17500719  0.0
17500726  0.0
17500739  0.0
17500740  0.0
17500741  0.0
17500744  0.0
17500745  0.0
17500746  0.0
17500748  0.0
17500749  0.0
17500751  0.0
17500754  0.0
17500758  0.0
17500780  0.0
17500784  0.0
17500796  0.0
17500806  0.0
17500816  0.0
17500820  0.0
17500829  0.0
17600062  0.0
17600063  0.0
17600092  0.0
17600093  0.0
17600094  0.0
17800069  0.0
17800071  0.0
17800076  0.0
17800077  0.0
17800078  0.0
17800079  0.0
17900059  0.0
17900060  0.0
17900061  0.0
17900062  0.0
17900065  0.0
17900066  0.0
17900070  0.0
17900071  0.0
18000073  0.0
18000076  0.0
18000077  0.0
18000078  0.0
18000079  0.0
18000080  0.0
18000081  0.0
18000083  0.0
18000087  0.0
18000089  0.0
18000090  0.0
18000091  0.0
18000092  0.0
18000093  0.0
18000095  0.0
18000096  0.0
18000097  0.0
18000102  0.0
18000103  0.0
18000105  0.0
18000107  0.0
18000108  0.0
18000112  0.0
18000113  0.0
18000114  0.0
18000115  0.0
18000116  0.0
18000117  0.0
18000118  0.0
18000120  0.0
18000121  0.0
18000125  0.0
18000126  0.0
18000128  0.0
18100089  0.0
18100090  0.0
18100091  0.0
18200064  0.0
18200078  0.0
18200091  0.0
18200129  0.0
18200130  0.0
18200139  0.0
18300066  0.0
18400066  0.0
18400067  0.0
18500067  0.0
18500209  0.0
18500310  0.0
18500374  0.0
18500382  0.0
18500390  0.0
18500398  0.0
18500406  0.0
18500414  0.0
18600072  0.0
18600073  0.0
18600074  0.0
18600077  0.0
18600078  0.0
18600079  0.0
18600081  0.0
18600085  0.0
18600086  0.0
18600087  0.0
18600088  0.0
18700098  0.0
18700110  0.0
18700121  0.0
18700132  0.0
18700143  0.0
18700154  0.0
18700165  0.0
18700176  0.0
18700187  0.0
18700259  0.0
18700281  0.0
18700300  0.0
18700311  0.0
18700330  0.0
18700341  0.0
18700361  0.0
18700372  0.0
18700391  0.0
18700419  0.0
18700432  0.0
18700445  0.0
18700458  0.0
18700471  0.0
18700484  0.0
18700497  0.0
18700510  0.0
18700547  0.0
18700562  0.0
18700573  0.0
18700586  0.0
18700599  0.0
18700614  0.0
18700627  0.0
18700642  0.0
18700655  0.0
18700668  0.0
18700681  0.0
18700694  0.0
18700709  0.0
18700721  0.0
18700733  0.0
18700745  0.0
18700757  0.0
18700769  0.0
18700781  0.0
18700793  0.0
18700805  0.0
18800128  0.0
18800129  0.0
18800130  0.0
18800134  0.0
18800137  0.0
18900140  0.0
18900147  0.0
18900161  0.0
18900168  0.0
18900174  0.0
18900178  0.0
19100146  0.0
19100147  0.0
19100148  0.0
19100150  0.0
19200152  0.0
19200153  0.0
19200154  0.0
19200157  0.0
19300164  0.0
19300165  0.0
19400169  0.0
19400170  0.0
19400171  0.0
19400172  0.0
19400175  0.0
19400176  0.0
19400178  0.0
19400179  0.0
19400181  0.0
19400182  0.0
19400183  0.0
19400185  0.0
19400186  0.0
19400187  0.0
19400188  0.0
19400189  0.0
19400190  0.0
19400191  0.0
19400192  0.0
19400193  0.0
19400195  0.0
19400196  0.0
19500256  0.0
19500257  0.0
19500258  0.0
19500260  0.0
19500261  0.0
19500262  0.0
19500263  0.0
19500264  0.0
19500265  0.0
19500266  0.0
19500267  0.0
19500268  0.0
19500278  0.0
19600221  0.0
19600222  0.0
19600223  0.0
19600229  0.0
19600230  0.0
19600231  0.0
19600232  0.0
19600235  0.0
19700238  0.0
19700239  0.0
19700240  0.0
19700247  0.0
19700255  0.0
19800315  0.0
19800316  0.0
19800317  0.0
19800323  0.0
19800330  0.0
19800337  0.0
19800344  0.0
19800351  0.0
19800358  0.0
19800365  0.0
19901067  0.0
19901275  0.0
19901293  0.0
19901328  0.0
19901351  0.0
19901461  0.0
19901495  0.0
19901704  0.0
19901705  0.0
19901749  0.0
19901750  0.0
19901768  0.0
19901769  0.0
19901822  0.0
19901843  0.0
19901879  0.0
19901905  0.0
19901947  0.0
19901997  0.0
19902028  0.0
19902095  0.0
19902132  0.0
19902147  0.0
19902163  0.0
19902179  0.0
19902196  0.0
19902216  0.0
19902257  0.0
19902297  0.0
19902388  0.0
