15500122  1.0
15500123  1.0
10200026  0.689202437604511
10200028  0.689202437604511
10200034  0.689202437604511
10200035  0.689202437604511
10200036  0.689202437604511
10200037  0.689202437604511
10200038  0.689202437604511
2200008  0.6725927091345493
2200011  0.6725927091345493
10200032  0.641167143444007
10300067  0.6326744884300688
10200030  0.6225430174794672
6500041  0.6087807775281011
6500042  0.6087807775281011
6500044  0.6087807775281011
10300068  0.5735393346764044
6500064  0.5298129428260175
18700227  0.5202659817144719
6500023  0.5129891760425771
6500048  0.5090278103806222
6500049  0.5090278103806222
6500051  0.5090278103806222
6500055  0.48666426339228763
12400069  0.48666426339228763
4400019  0.45883146774112354
6500069  0.45883146774112354
4400013  0.44539933408304444
4400016  0.44539933408304444
6500054  0.435285750066007
6500060  0.435285750066007
6500045  0.3458572319330373
10300070  0.3244428422615251
10300071  0.3244428422615251
10300072  0.3244428422615251
10300074  0.3244428422615251
19600219  0.3244428422615251
19600220  0.3244428422615251
19600225  0.3244428422615251
15300040  0.3195490046002369
15300041  0.3195490046002369
15300042  0.3195490046002369
15300058  0.3195490046002369
15300065  0.3195490046002369
6500065  0.26490647141300877
15500035  0.26086186029040986
6500035  0.2529642514924419
15500107  0.24811659931452726
15500121  0.24067993117061648
12400022  0.22783897474717274
12400023  0.22783897474717274
12400024  0.22783897474717274
12400025  0.22783897474717274
18100060  0.22722331478659644
17300078  0.22569523211979595
17300079  0.22569523211979595
4600039  0.22419756971151641
17300071  0.22419756971151641
11700032  0.22390159919342253
11100024  0.22360679774997896
13000067  0.22360679774997896
18900154  0.2225659536298629
6600032  0.22229530961845007
11300034  0.22229530961845007
11300035  0.22229530961845007
11300036  0.22229530961845007
4700014  0.22112538215902428
4700015  0.22112538215902428
4700016  0.22112538215902428
17300083  0.22100494940310358
17300063  0.22043899469837844
19500253  0.21629522817435007
19500254  0.21629522817435007
19500280  0.21629522817435007
19500287  0.21629522817435007
19500288  0.21629522817435007
13200050  0.21629522817435004
13200051  0.21629522817435004
16500070  0.21629522817435004
15500110  0.21585154518781072
18700809  0.2156033979363274
10800031  0.21497230917000557
10800032  0.21497230917000557
10800033  0.21497230917000557
10800035  0.21497230917000557
10800036  0.21497230917000557
6500017  0.21439208595485462
6500018  0.21439208595485462
15500106  0.21439208595485462
16500065  0.21431988791072792
16500066  0.21431988791072792
15500103  0.21410373063141291
15500104  0.21410373063141291
15500105  0.21410373063141291
3300042  0.21371260356627758
3700038  0.21371260356627758
4600018  0.21371260356627758
4600022  0.21371260356627758
10200047  0.21340219762566992
6500015  0.21296183592613546
6500022  0.21296183592613546
15500060  0.21267920562784623
10100032  0.21252319110217674
10100033  0.21252319110217674
10100034  0.21252319110217674
12900044  0.21252319110217674
12900045  0.21252319110217674
12900046  0.21252319110217674
10200044  0.2124502128151236
13200049  0.2123976976214366
9500030  0.21177354788054273
15500098  0.2115598336153083
15500099  0.2115598336153083
15500101  0.2115598336153083
3000022  0.21103178186108743
3000075  0.21103178186108743
11500019  0.21089149614335628
11500020  0.21089149614335628
11500021  0.21089149614335628
18500191  0.21052631578947367
18900132  0.21052631578947367
18900133  0.21052631578947367
18900134  0.21052631578947367
3300013  0.21044962411238535
3300014  0.21044962411238535
3300058  0.21044962411238535
3300059  0.21044962411238535
3300060  0.21044962411238535
3300061  0.21044962411238535
3300062  0.21044962411238535
3300063  0.21044962411238535
3300064  0.21044962411238535
3300065  0.21044962411238535
3300069  0.21044962411238535
3300070  0.21044962411238535
3300071  0.21044962411238535
3300072  0.21044962411238535
3300073  0.21044962411238535
3300074  0.21044962411238535
3300075  0.21044962411238535
3300076  0.21044962411238535
3300078  0.21044962411238535
3300079  0.21044962411238535
3300080  0.21044962411238535
3300081  0.21044962411238535
3300082  0.21044962411238535
3300083  0.21044962411238535
3300084  0.21044962411238535
3300085  0.21044962411238535
3300086  0.21044962411238535
3000072  0.21029775604801496
12900032  0.21029775604801496
12900033  0.21029775604801496
14100090  0.21020477280886823
8700017  0.20991342856239587
8700018  0.20991342856239587
8700019  0.20991342856239587
11600042  0.20991342856239587
11600043  0.20991342856239587
13200080  0.20991342856239587
13200081  0.20991342856239587
13200082  0.20991342856239587
3000068  0.20957133675806577
9500034  0.20957133675806577
13200045  0.20875339913729823
13200046  0.20875339913729823
16300098  0.20875339913729823
16300105  0.20875339913729823
16300106  0.20875339913729823
5100018  0.20855975806414706
3000101  0.20851441405707474
16300097  0.20851441405707474
3000064  0.20814079896736404
9500017  0.20814079896736404
9500018  0.20814079896736404
9500019  0.20814079896736404
3000093  0.20803889596021757
3000094  0.20803889596021757
13200085  0.20709753866037944
13200087  0.20709753866037944
14200081  0.20709753866037944
13200079  0.20634523498827265
11400028  0.20604887854797269
11400029  0.20604887854797269
15500052  0.2039406392529356
10800048  0.2033553133277973
10800049  0.2033553133277973
11400024  0.2033553133277973
12000046  0.2033553133277973
16300091  0.20301416340319545
16300093  0.20301416340319545
3700026  0.20279433208435863
13600029  0.20235680335009487
13600030  0.20235680335009487
13600031  0.20235680335009487
15300037  0.20235680335009487
15300038  0.20235680335009487
15300039  0.20235680335009487
15300048  0.20235680335009487
15300055  0.20235680335009487
3700042  0.20213909828077162
13200103  0.2020475485519274
5100014  0.20170578781829845
6600028  0.20170578781829845
6600029  0.20170578781829845
11300030  0.20170578781829845
11300031  0.20170578781829845
11400019  0.20170578781829845
11400020  0.20170578781829845
11400021  0.20170578781829845
16300086  0.20170578781829845
16300087  0.20170578781829845
16300088  0.20170578781829845
16500080  0.20140305712187076
19901616  0.20140305712187076
12000038  0.2011319874296206
11300054  0.2008474614230534
13200077  0.20063458647036805
13200078  0.20063458647036805
10800024  0.19978980551207967
10800025  0.19978980551207967
10800026  0.19978980551207967
10800027  0.19978980551207967
16500079  0.1995059687802532
12900041  0.1993713970831709
13200040  0.19895560643855534
13200041  0.19895560643855534
13200042  0.19895560643855534
16300068  0.19895560643855534
16300071  0.19895560643855534
16300063  0.19854240639452686
6600040  0.1983367694606394
16300061  0.1983367694606394
3700016  0.1981317701609397
3700017  0.1981317701609397
3700018  0.1981317701609397
3700019  0.1981317701609397
11300053  0.1981317701609397
3700012  0.19792740520695654
4500024  0.19767387315371676
10100024  0.19752056530050852
10100026  0.19752056530050852
10100027  0.19752056530050852
10100038  0.19752056530050852
1600012  0.19731808388870037
10100023  0.19731808388870037
10100031  0.19731808388870037
12900040  0.19731808388870037
16300052  0.19731808388870037
1600009  0.19711622390349146
3000011  0.19711622390349146
3000013  0.19711622390349146
12000021  0.19711622390349146
12000022  0.19711622390349146
12000023  0.19711622390349146
13200099  0.19691498217271744
6600068  0.19651434089872877
4500013  0.196227812235748
15500048  0.19611613513818402
6500026  0.19582813830875506
2500017  0.19372958935012197
2500019  0.19372958935012197
2500022  0.19372958935012197
2500023  0.19372958935012197
6600044  0.1932219348329695
6600045  0.1932219348329695
11600020  0.19274776986097067
11600024  0.19274776986097067
11600025  0.19274776986097067
11600026  0.19274776986097067
13200061  0.19274776986097067
13200063  0.19274776986097067
13200064  0.19274776986097067
13200067  0.19274776986097067
13200069  0.19274776986097067
13200070  0.19274776986097067
11300063  0.19227707863369356
11300064  0.19227707863369356
11300065  0.19227707863369356
8100018  0.19207106407446567
8100019  0.19207106407446567
8100022  0.19207106407446567
8100023  0.19207106407446567
8100027  0.19207106407446567
8100032  0.19207106407446567
8100033  0.19207106407446567
15400048  0.19207106407446567
15400068  0.19207106407446567
15400069  0.19207106407446567
15400071  0.19207106407446567
15400075  0.19207106407446567
15400082  0.19207106407446567
15400085  0.19207106407446567
18200125  0.19177258516207424
18200126  0.19177258516207424
18200128  0.19177258516207424
18200132  0.19177258516207424
18200138  0.19177258516207424
18200141  0.19177258516207424
5000014  0.1911797782254681
5000015  0.1911797782254681
5000016  0.1911797782254681
5000017  0.1911797782254681
5000020  0.1911797782254681
5000021  0.1911797782254681
5000023  0.1911797782254681
5000029  0.1911797782254681
5000030  0.1911797782254681
5000031  0.1911797782254681
3000037  0.19088542889273333
6600052  0.19088542889273333
6600053  0.19088542889273333
10200042  0.18987662028220134
10200043  0.18987662028220134
10200050  0.18987662028220134
15500033  0.18987662028220134
3000033  0.18952356539717713
12500071  0.1894338076060206
13500035  0.1894338076060206
15400043  0.18914743736276202
15400047  0.18914743736276202
15400066  0.18914743736276202
15400067  0.18914743736276202
18200123  0.18914743736276202
18200124  0.18914743736276202
3000029  0.18907604749897633
15500030  0.18845163488701494
15500031  0.18845163488701494
15500032  0.18845163488701494
15500037  0.18845163488701494
3000025  0.1881904405343417
11300093  0.18775227826222526
11300094  0.18775227826222526
13200058  0.18775227826222526
13200059  0.18775227826222526
13200060  0.18775227826222526
9700023  0.18773481537065959
14800071  0.18773481537065959
14800072  0.18773481537065959
3000021  0.18645592942196912
10200022  0.18469247573320252
3000016  0.18312609138786262
3000017  0.18312609138786262
10700018  0.18273454966556343
10700019  0.18273454966556343
10700021  0.18273454966556343
10700022  0.18273454966556343
10700023  0.18273454966556343
10700024  0.18273454966556343
17300103  0.1798274118053964
17300105  0.1798274118053964
17300107  0.1798274118053964
17300109  0.1798274118053964
17300111  0.1798274118053964
17300113  0.1798274118053964
17300115  0.1798274118053964
17300119  0.1798274118053964
17300087  0.17954621161490197
17300089  0.17954621161490197
17300091  0.17954621161490197
17300093  0.17954621161490197
17300095  0.17954621161490197
17300097  0.17954621161490197
17300099  0.17954621161490197
17300101  0.17954621161490197
12500063  0.1774681966051129
15600031  0.1774681966051129
15600032  0.1774681966051129
15600033  0.1774681966051129
15600036  0.1774681966051129
15600051  0.1774681966051129
15600055  0.1774681966051129
15700067  0.1774681966051129
15700135  0.1774681966051129
15700136  0.1774681966051129
15700137  0.1774681966051129
16200045  0.1774681966051129
6500030  0.17521916101261562
8800017  0.1744956101130282
1500023  0.17435595774162696
1800008  0.17435595774162696
2300012  0.17435595774162696
2400017  0.17435595774162696
8800021  0.17435595774162696
18700406  0.173421993904824
19901378  0.17203201904390933
7600039  0.17163147829313033
6900015  0.17102571992659635
6900017  0.17102571992659635
6900018  0.17102571992659635
6900019  0.17102571992659635
6900020  0.17102571992659635
6900021  0.17102571992659635
6900029  0.17102571992659635
6600048  0.17097008285302207
6600049  0.17097008285302207
11300068  0.17097008285302207
11300071  0.17097008285302207
11300076  0.17097008285302207
1100013  0.17057689701361456
1200014  0.17057689701361456
6600072  0.17005684428800066
6600073  0.17005684428800066
11300113  0.17005684428800066
11300116  0.17005684428800066
11300117  0.17005684428800066
12300033  0.17005684428800066
12300035  0.17005684428800066
12300036  0.17005684428800066
12300040  0.17005684428800066
14200077  0.17005684428800066
16500059  0.17005684428800066
16500060  0.17005684428800066
16500061  0.17005684428800066
10800018  0.1699275726278985
10800021  0.1699275726278985
17400053  0.1699275726278985
1100005  0.1697985953245884
1100010  0.1697985953245884
4300013  0.1697985953245884
4300016  0.1697985953245884
4300017  0.1697985953245884
4300018  0.1697985953245884
4300020  0.1697985953245884
7600072  0.1697985953245884
9700018  0.1697985953245884
9700019  0.1697985953245884
9700025  0.1697985953245884
10100018  0.1697985953245884
11200024  0.1697985953245884
11200028  0.1697985953245884
11200030  0.1697985953245884
11200031  0.1697985953245884
11200032  0.1697985953245884
11200040  0.1697985953245884
11200044  0.1697985953245884
11200049  0.1697985953245884
11200053  0.1697985953245884
11200055  0.1697985953245884
11200059  0.1697985953245884
11200063  0.1697985953245884
11200064  0.1697985953245884
11200066  0.1697985953245884
12300031  0.1697985953245884
13200027  0.1697985953245884
13200029  0.1697985953245884
13200034  0.1697985953245884
13200035  0.1697985953245884
13200036  0.1697985953245884
13200037  0.1697985953245884
13200137  0.1697985953245884
13600024  0.1697985953245884
13600025  0.1697985953245884
13600026  0.1697985953245884
14200040  0.1697985953245884
14200041  0.1697985953245884
14200042  0.1697985953245884
14200043  0.1697985953245884
14200044  0.1697985953245884
14200045  0.1697985953245884
14200046  0.1697985953245884
14200047  0.1697985953245884
14200048  0.1697985953245884
14200049  0.1697985953245884
14200050  0.1697985953245884
14200051  0.1697985953245884
14200052  0.1697985953245884
14200055  0.1697985953245884
14200059  0.1697985953245884
14200060  0.1697985953245884
14200064  0.1697985953245884
14200068  0.1697985953245884
14200069  0.1697985953245884
14200073  0.1697985953245884
14200089  0.1697985953245884
14200090  0.1697985953245884
14200102  0.1697985953245884
14200106  0.1697985953245884
14200114  0.1697985953245884
14800112  0.1697985953245884
14800161  0.1697985953245884
14800175  0.1697985953245884
14800178  0.1697985953245884
14800179  0.1697985953245884
14800180  0.1697985953245884
14800181  0.1697985953245884
14800182  0.1697985953245884
14800186  0.1697985953245884
14800187  0.1697985953245884
14800190  0.1697985953245884
15300030  0.1697985953245884
15300031  0.1697985953245884
15300032  0.1697985953245884
15300033  0.1697985953245884
16300039  0.1697985953245884
16300040  0.1697985953245884
16300044  0.1697985953245884
16300045  0.1697985953245884
16300046  0.1697985953245884
16300047  0.1697985953245884
16300048  0.1697985953245884
16300049  0.1697985953245884
16500058  0.1697985953245884
1100007  0.1696699112626596
1200006  0.1696699112626596
1200011  0.1696699112626596
7600066  0.1696699112626596
7600069  0.1696699112626596
13000063  0.1696699112626596
13200023  0.1696699112626596
14200098  0.1696699112626596
14800108  0.1696699112626596
14800174  0.1696699112626596
2500011  0.16957755059066473
2500029  0.16957755059066473
2500030  0.16957755059066473
2500031  0.16957755059066473
7600059  0.16954151933260975
14200094  0.16954151933260975
14800169  0.16954151933260975
2500009  0.1694347484174715
7600015  0.16941341843080457
7600017  0.16941341843080457
7600020  0.16941341843080457
7600023  0.16941341843080457
7600026  0.16941341843080457
7600030  0.16941341843080457
7600035  0.16941341843080457
7600038  0.16941341843080457
12300027  0.16941341843080457
14800063  0.16941341843080457
14800067  0.16941341843080457
14800165  0.16941341843080457
14800167  0.16941341843080457
14800168  0.16941341843080457
16500052  0.16941341843080457
16500057  0.16941341843080457
14200026  0.16928560745943824
14200031  0.16928560745943824
14200032  0.16928560745943824
14200037  0.16928560745943824
14800027  0.16928560745943824
14800081  0.16928560745943824
14800082  0.16928560745943824
14800085  0.16928560745943824
19902380  0.16928560745943824
2000008  0.16915808532649362
2000009  0.16915808532649362
2000014  0.16915808532649362
2000019  0.16915808532649362
2000024  0.16915808532649362
6500025  0.16880952581134903
4900014  0.1686508635390139
4900017  0.1686508635390139
4900018  0.1686508635390139
11100019  0.1686508635390139
14100026  0.1686508635390139
14100034  0.1686508635390139
14100043  0.1686508635390139
14100052  0.1686508635390139
14100062  0.1686508635390139
14100071  0.1686508635390139
14100076  0.1686508635390139
14100077  0.1686508635390139
14100078  0.1686508635390139
15800033  0.1686508635390139
16000036  0.1686508635390139
16000040  0.1686508635390139
16000055  0.1686508635390139
16500041  0.1686508635390139
16500043  0.1686508635390139
16500044  0.1686508635390139
16500045  0.1686508635390139
16900043  0.1686508635390139
16900163  0.1686508635390139
17100048  0.1686508635390139
17100051  0.1686508635390139
18700100  0.1686508635390139
19901069  0.1686508635390139
19901080  0.1686508635390139
19901112  0.1686508635390139
19901125  0.1686508635390139
19901212  0.1686508635390139
19901246  0.1686508635390139
4600013  0.16852476941780506
17300053  0.16852476941780506
17300056  0.16852476941780506
17300057  0.16852476941780506
6600021  0.16802320649172917
6600022  0.16802320649172917
6600024  0.16802320649172917
11300019  0.16802320649172917
11300021  0.16802320649172917
11300022  0.16802320649172917
11300026  0.16802320649172917
11300081  0.16802320649172917
11300083  0.16802320649172917
11300089  0.16802320649172917
11300090  0.16802320649172917
11300109  0.16802320649172917
12900022  0.16802320649172917
12900026  0.16802320649172917
12900112  0.16802320649172917
12900117  0.16802320649172917
13000047  0.16802320649172917
13000048  0.16802320649172917
1500033  0.1678985139279931
2400027  0.1678985139279931
6600015  0.1678985139279931
6600018  0.1678985139279931
12300022  0.1678985139279931
12300024  0.1678985139279931
17500054  0.1678985139279931
13000040  0.16740250541750862
17800068  0.16740250541750862
17800072  0.16740250541750862
17800075  0.16740250541750862
1000005  0.16727918863803445
1500007  0.16727918863803445
1500009  0.16727918863803445
1500012  0.16727918863803445
1500015  0.16727918863803445
2300009  0.16727918863803445
2400011  0.16727918863803445
2800016  0.16727918863803445
2800017  0.16727918863803445
2800020  0.16727918863803445
5600014  0.16727918863803445
5600015  0.16727918863803445
5600016  0.16727918863803445
5600019  0.16727918863803445
5600039  0.16727918863803445
7800016  0.16727918863803445
7800017  0.16727918863803445
7800018  0.16727918863803445
7800024  0.16727918863803445
7800025  0.16727918863803445
7800033  0.16727918863803445
7800046  0.16727918863803445
7800047  0.16727918863803445
7800052  0.16727918863803445
7800055  0.16727918863803445
7800058  0.16727918863803445
7800059  0.16727918863803445
7800064  0.16727918863803445
11700020  0.16727918863803445
13000022  0.16727918863803445
13000029  0.16727918863803445
13000031  0.16727918863803445
13000032  0.16727918863803445
13000034  0.16727918863803445
13000037  0.16727918863803445
13000038  0.16727918863803445
13000039  0.16727918863803445
17800056  0.16727918863803445
3100021  0.16584403661926822
3100022  0.16584403661926822
3100025  0.16584403661926822
5200020  0.16584403661926822
5300014  0.16584403661926822
5300020  0.16584403661926822
5300041  0.16584403661926822
5300042  0.16584403661926822
5300044  0.16584403661926822
5300046  0.16584403661926822
8100016  0.16584403661926822
8200016  0.16584403661926822
8200018  0.16584403661926822
8200019  0.16584403661926822
8200020  0.16584403661926822
8400016  0.16584403661926822
8400017  0.16584403661926822
8400018  0.16584403661926822
8500016  0.16584403661926822
8900017  0.16584403661926822
8900020  0.16584403661926822
8900026  0.16584403661926822
9600017  0.16584403661926822
11700039  0.16584403661926822
12500022  0.16584403661926822
12500032  0.16584403661926822
12500033  0.16584403661926822
12500034  0.16584403661926822
12500035  0.16584403661926822
12500047  0.16584403661926822
12500048  0.16584403661926822
12500056  0.16584403661926822
12500057  0.16584403661926822
12500066  0.16584403661926822
12800022  0.16584403661926822
13000055  0.16584403661926822
13500023  0.16584403661926822
13500024  0.16584403661926822
13500025  0.16584403661926822
13500055  0.16584403661926822
13500056  0.16584403661926822
13500057  0.16584403661926822
13500060  0.16584403661926822
13500061  0.16584403661926822
13500062  0.16584403661926822
13500063  0.16584403661926822
13500065  0.16584403661926822
13500068  0.16584403661926822
13500069  0.16584403661926822
13500071  0.16584403661926822
13500073  0.16584403661926822
13500075  0.16584403661926822
13500077  0.16584403661926822
13500090  0.16584403661926822
13500091  0.16584403661926822
13500092  0.16584403661926822
13500094  0.16584403661926822
13500095  0.16584403661926822
13500096  0.16584403661926822
13500097  0.16584403661926822
13500100  0.16584403661926822
13500101  0.16584403661926822
13800048  0.16584403661926822
15000028  0.16584403661926822
15200029  0.16584403661926822
15200030  0.16584403661926822
15200031  0.16584403661926822
15200040  0.16584403661926822
15200041  0.16584403661926822
15200049  0.16584403661926822
15200050  0.16584403661926822
15200051  0.16584403661926822
15200058  0.16584403661926822
15400030  0.16584403661926822
15400032  0.16584403661926822
15400033  0.16584403661926822
15400034  0.16584403661926822
15400035  0.16584403661926822
15400036  0.16584403661926822
15400058  0.16584403661926822
15400059  0.16584403661926822
15400062  0.16584403661926822
15400063  0.16584403661926822
15400079  0.16584403661926822
15700034  0.16584403661926822
15700037  0.16584403661926822
15700124  0.16584403661926822
15700132  0.16584403661926822
15700133  0.16584403661926822
15700134  0.16584403661926822
15700138  0.16584403661926822
15700146  0.16584403661926822
15700150  0.16584403661926822
15700151  0.16584403661926822
15700152  0.16584403661926822
15700156  0.16584403661926822
16200038  0.16584403661926822
16200041  0.16584403661926822
16400040  0.16584403661926822
16400048  0.16584403661926822
16400049  0.16584403661926822
16400074  0.16584403661926822
16700042  0.16584403661926822
17600055  0.16584403661926822
17600056  0.16584403661926822
17600058  0.16584403661926822
17600059  0.16584403661926822
17600065  0.16584403661926822
17600066  0.16584403661926822
17600067  0.16584403661926822
17600068  0.16584403661926822
17600071  0.16584403661926822
17600072  0.16584403661926822
17600076  0.16584403661926822
17600077  0.16584403661926822
17600081  0.16584403661926822
17600082  0.16584403661926822
17600086  0.16584403661926822
17600087  0.16584403661926822
17600091  0.16584403661926822
17600095  0.16584403661926822
18000060  0.16584403661926822
18000062  0.16584403661926822
18200090  0.16584403661926822
18200094  0.16584403661926822
18200095  0.16584403661926822
18200098  0.16584403661926822
18200101  0.16584403661926822
18200102  0.16584403661926822
18200103  0.16584403661926822
18200108  0.16584403661926822
18200109  0.16584403661926822
18200112  0.16584403661926822
18200114  0.16584403661926822
18200117  0.16584403661926822
18300064  0.16584403661926822
15700032  0.16571045299983225
3100014  0.16452254913212455
3100017  0.16452254913212455
13600035  0.16347734765426397
12500059  0.1629276561682646
12500061  0.1629276561682646
12500062  0.1629276561682646
12500070  0.1629276561682646
12500080  0.1629276561682646
15200052  0.1629276561682646
15400064  0.1629276561682646
15400065  0.1629276561682646
16400050  0.1629276561682646
18200115  0.1629276561682646
18200121  0.1629276561682646
18200122  0.1629276561682646
18200135  0.1629276561682646
12000041  0.16272443449653284
18900182  0.16222142113076254
19500250  0.16222142113076254
19500251  0.16222142113076254
19500270  0.16222142113076254
19500271  0.16222142113076254
19500277  0.16222142113076254
19500283  0.16222142113076254
19500284  0.16222142113076254
19500286  0.16222142113076254
3300053  0.15174424466672098
19500216  0.14886458551295736
19500243  0.14886458551295736
19500244  0.14886458551295736
19500245  0.14886458551295736
19500246  0.14886458551295736
19500247  0.14886458551295736
19600217  0.14886458551295736
4500037  0.146943671674129
12400032  0.14599183064490293
19901256  0.1452153123098375
2900014  0.14509525002200233
14300036  0.14350946197048195
13000026  0.14252143327216363
6600060  0.14239935921698296
6600061  0.14239935921698296
11300103  0.14239935921698296
11300104  0.14239935921698296
11300105  0.14239935921698296
11300106  0.14239935921698296
12900123  0.14239935921698296
12900124  0.14239935921698296
6600064  0.14143392870088392
6600065  0.14143392870088392
11300049  0.1404878717372541
11300050  0.1404878717372541
13100025  0.13696631233231585
13100026  0.13696631233231585
13400045  0.13696631233231585
14300038  0.13696631233231585
13100043  0.13629325512727639
13100040  0.13307073665631672
2900013  0.13245323570650439
11500024  0.13245323570650439
13100022  0.13245323570650439
13100028  0.13245323570650439
13100029  0.13245323570650439
13100030  0.13245323570650439
13100031  0.13245323570650439
13100034  0.13245323570650439
13100036  0.13245323570650439
13100037  0.13245323570650439
11000024  0.13109470506889243
9700020  0.1282804285659086
9700021  0.1282804285659086
9700032  0.1282804285659086
9700033  0.1282804285659086
9700038  0.1282804285659086
11000019  0.12262786789699316
11000020  0.12262786789699316
11000021  0.12262786789699316
14300035  0.12119357448701654
4500040  0.11935720200291386
12300066  0.1191334769664758
17300084  0.11894651701745163
14300034  0.11717498502967605
13400023  0.1167527314580501
13400024  0.1167527314580501
13400032  0.1163350101494222
13400034  0.1163350101494222
13400026  0.11470786693528089
13400027  0.11470786693528089
13400028  0.11470786693528089
13400029  0.11470786693528089
5100076  0.11470786693528087
12300074  0.11450923844524415
13200084  0.11128297681493145
3300032  0.11037769642208699
3300029  0.10987021007226223
3300030  0.10987021007226223
12000039  0.10987021007226223
9300020  0.1068366854693644
3600012  0.1061988488107183
3600018  0.1061988488107183
3600019  0.1061988488107183
3600022  0.1061988488107183
3600023  0.1061988488107183
3600026  0.1061988488107183
3600032  0.1061988488107183
3600033  0.1061988488107183
3600036  0.1061988488107183
3600039  0.1061988488107183
8600017  0.1061988488107183
8600018  0.1061988488107183
8600019  0.1061988488107183
8600022  0.1061988488107183
8600023  0.1061988488107183
8600027  0.1061988488107183
8600028  0.1061988488107183
9100017  0.1061988488107183
9100018  0.1061988488107183
9100019  0.1061988488107183
9100023  0.1061988488107183
9100025  0.1061988488107183
9100028  0.1061988488107183
9100029  0.1061988488107183
12200022  0.1061988488107183
12200023  0.1061988488107183
12200031  0.1061988488107183
12200035  0.1061988488107183
12200037  0.1061988488107183
12200038  0.1061988488107183
12200041  0.1061988488107183
12200045  0.1061988488107183
12200046  0.1061988488107183
14600027  0.1061988488107183
14600028  0.1061988488107183
17700056  0.1061988488107183
17700057  0.1061988488107183
17700058  0.1061988488107183
17700062  0.1061988488107183
17700063  0.1061988488107183
17700067  0.1061988488107183
17700072  0.1061988488107183
17700073  0.1061988488107183
16500160  0.10495671428119793
16500161  0.10495671428119793
19902346  0.10495671428119793
19902347  0.10495671428119793
4700033  0.10259783520851541
11400037  0.10259783520851541
11400038  0.10259783520851541
16500074  0.10259783520851541
16500075  0.10259783520851541
19901550  0.10259783520851541
17400055  0.10156667501540162
3900015  0.10147651372376075
3900021  0.10120188124801117
13600033  0.09909250441117726
19902111  0.09857281161802883
12100028  0.09807116555453334
3200017  0.09791406915437753
10800040  0.09791406915437753
10800041  0.09791406915437753
10800042  0.09791406915437753
10800044  0.09791406915437753
13200121  0.09791406915437753
3200016  0.0963160894920457
3200019  0.0963160894920457
9400022  0.09567297464698797
3900012  0.09431584242294394
5100072  0.0936585811581694
18700270  0.0936585811581694
3200014  0.09318435744693503
3200015  0.09318435744693503
3200020  0.09318435744693503
19000145  0.0911605688194146
2700025  0.09037128496931669
14300026  0.09037128496931669
14300027  0.09037128496931669
14300030  0.09037128496931669
14300031  0.09037128496931669
12100032  0.08941291975913453
12100043  0.08922487976181032
16300075  0.08922487976181032
16300132  0.08922487976181032
6700025  0.08903802116977641
16300074  0.08903802116977641
16300128  0.08903802116977641
6100021  0.08885233166386385
11300057  0.08885233166386385
11300058  0.08885233166386385
11300059  0.08885233166386385
12100039  0.08885233166386385
12100040  0.08885233166386385
19000140  0.08866779910399915
19000141  0.08866779910399915
19000142  0.08866779910399915
6600036  0.08812102431690699
6600037  0.08812102431690699
16500089  0.08812102431690699
16500090  0.08812102431690699
15500044  0.08794100160729892
6100015  0.08776207771572381
6100016  0.08776207771572381
6100017  0.08776207771572381
6100018  0.08776207771572381
11300040  0.08776207771572381
11300041  0.08776207771572381
11300042  0.08776207771572381
11300043  0.08776207771572381
6700015  0.0872317884033869
6700016  0.0872317884033869
6700017  0.0872317884033869
6700018  0.0872317884033869
19901647  0.08710071126186844
12100024  0.08688355632100421
12100025  0.08688355632100421
13200129  0.086710996952412
12100021  0.0865394616767029
12100022  0.0865394616767029
12100023  0.0865394616767029
12100036  0.0865394616767029
16500086  0.0863689404042689
16500084  0.08619942318412312
4500032  0.08240856434303293
9300017  0.08182409906409667
9300149  0.08182409906409667
7700022  0.08111071056538127
7700023  0.08111071056538127
7700037  0.07647191129018725
7700016  0.07254762501100116
7700017  0.07254762501100116
7700018  0.07254762501100116
7700019  0.07254762501100116
13600046  0.07254762501100116
16300111  0.07254762501100116
16500155  0.07254762501100116
16500156  0.07254762501100116
19901804  0.07254762501100116
12300070  0.06961231411527741
12500076  0.06961231411527741
3000030  0.06917144638660747
3000055  0.06917144638660747
13200091  0.06917144638660747
13200092  0.06917144638660747
15300072  0.06917144638660747
18700244  0.06917144638660747
9400017  0.06839855680567694
9400019  0.06839855680567694
12500072  0.06781501183626366
12500086  0.06781501183626366
4500038  0.06765100914917384
2900020  0.06748819059987712
2900017  0.06716604942594676
2900041  0.06716604942594676
2900015  0.06622661785325219
3000052  0.06622661785325219
12000070  0.06622661785325219
6500027  0.06256792741924412
16500154  0.06131393394849658
11400043  0.05923488777590923
16500168  0.05923488777590923
16500169  0.05923488777590923
16500170  0.05923488777590923
19901673  0.05923488777590923
18700523  0.05407380704358752
18700200  0.05263157894736842
4500056  0.04891159880445185
3700034  0.04818694246524267
10500028  0.042601432284230495
10500029  0.042601432284230495
10500030  0.042601432284230495
10500025  0.04188539082916955
17000069  0.04188539082916955
17000116  0.04188539082916955
17000068  0.04120428217151646
17000110  0.04120428217151646
17000113  0.04120428217151646
17000067  0.040555355282690636
17000104  0.040555355282690636
17000107  0.040555355282690636
17000061  0.03993615319154358
17000062  0.03993615319154358
17000066  0.03993615319154358
17000098  0.03993615319154358
17000101  0.03993615319154358
3000084  0.039344473768231684
17000095  0.039344473768231684
17000082  0.038235955645093626
17000083  0.038235955645093626
17000090  0.038235955645093626
3000018  0.03721614637823934
17000071  0.03721614637823934
17000072  0.03721614637823934
17000073  0.03721614637823934
17000074  0.03721614637823934
6900024  0.03539961627023943
16300058  0.03539961627023943
16300059  0.03539961627023943
17000064  0.03539961627023943
17000065  0.03539961627023943
3000083  0.03498557142706598
13200112  0.03498557142706598
13200113  0.03498557142706598
3000078  0.03382550457458692
3000079  0.03382550457458692
10500034  0.03382550457458692
16300054  0.03382550457458692
10500018  0.033463724070512735
10500020  0.033463724070512735
10500021  0.033463724070512735
10500022  0.033463724070512735
13200107  0.033113308926626096
13200108  0.033113308926626096
13200109  0.033113308926626096
13200110  0.033113308926626096
15500040  0.03065696697424829
15500041  0.03065696697424829
16800062  0.0301237616564389
15500113  0.029867384554474945
16800043  0.025649458802128853
16800044  0.025649458802128853
16800045  0.025649458802128853
16800046  0.025649458802128853
16800047  0.025649458802128853
16800048  0.025649458802128853
16800049  0.025649458802128853
16800050  0.025649458802128853
16800051  0.025649458802128853
14000026  0.02260500394542122
14000027  0.02260500394542122
14000028  0.02260500394542122
14000029  0.02260500394542122
14000030  0.02260500394542122
14000031  0.02260500394542122
14000032  0.02260500394542122
14000033  0.02260500394542122
14000034  0.02260500394542122
14000053  0.02260500394542122
10200023  0.02006329924645778
16300094  0.018367958959266125
11600031  0.018193851153474074
11600032  0.018193851153474074
15500127  0.015467205622243648
15500128  0.015467205622243648
4100021  0.014146380174561475
4100020  0.013910372101866431
13000059  0.013910372101866431
4100013  0.013734760723838819
4100016  0.013734760723838819
4100017  0.013734760723838819
15500126  0.013029938101426072
15500150  0.013029938101426072
12300057  0.012745318548364542
12300058  0.012745318548364542
12300056  0.012667364798453498
12300052  0.012648098833237538
1100011  0.0
1300007  0.0
1300009  0.0
1300010  0.0
1300013  0.0
1300014  0.0
1300017  0.0
1400009  0.0
1400016  0.0
1700007  0.0
1700008  0.0
1800010  0.0
1800011  0.0
1800012  0.0
1800013  0.0
1800014  0.0
1800015  0.0
1900011  0.0
1900012  0.0
1900016  0.0
1900017  0.0
1900019  0.0
1900020  0.0
2100008  0.0
2100009  0.0
2600010  0.0
2600012  0.0
2600015  0.0
2600016  0.0
2600017  0.0
2600019  0.0
2600020  0.0
2600024  0.0
2600025  0.0
2700013  0.0
2700017  0.0
2700021  0.0
2700029  0.0
2700033  0.0
2700037  0.0
2900016  0.0
2900018  0.0
2900025  0.0
2900030  0.0
2900034  0.0
2900035  0.0
2900037  0.0
3000026  0.0
3000034  0.0
3000035  0.0
3000040  0.0
3000042  0.0
3000043  0.0
3000049  0.0
3000058  0.0
3000061  0.0
3000087  0.0
3000090  0.0
3100023  0.0
3100024  0.0
3400011  0.0
3400013  0.0
3400016  0.0
3400020  0.0
3400021  0.0
3500011  0.0
3500014  0.0
3500015  0.0
3500017  0.0
3500021  0.0
3500022  0.0
3500023  0.0
3500024  0.0
3500025  0.0
3500027  0.0
3500028  0.0
3500029  0.0
3500030  0.0
3700030  0.0
3800012  0.0
3800017  0.0
3900016  0.0
3900017  0.0
3900018  0.0
3900022  0.0
3900023  0.0
3900026  0.0
3900028  0.0
3900029  0.0
3900030  0.0
3900031  0.0
4100023  0.0
4100024  0.0
4100025  0.0
4200013  0.0
4200014  0.0
4200015  0.0
4200019  0.0
4200024  0.0
4200025  0.0
4200026  0.0
4500016  0.0
4500020  0.0
4500028  0.0
4500044  0.0
4500048  0.0
4500052  0.0
4700019  0.0
4700020  0.0
4700028  0.0
4700029  0.0
4800014  0.0
4800015  0.0
4900021  0.0
4900022  0.0
4900023  0.0
4900026  0.0
4900030  0.0
4900034  0.0
5100022  0.0
5100023  0.0
5100027  0.0
5100028  0.0
5100030  0.0
5100034  0.0
5100038  0.0
5100041  0.0
5100042  0.0
5100043  0.0
5100044  0.0
5100046  0.0
5100049  0.0
5100053  0.0
5100057  0.0
5100060  0.0
5100061  0.0
5100062  0.0
5100063  0.0
5100068  0.0
5100080  0.0
5200016  0.0
5200028  0.0
5200031  0.0
5300068  0.0
5300069  0.0
5300071  0.0
5300089  0.0
5500014  0.0
5500019  0.0
5500020  0.0
5500023  0.0
5500024  0.0
5500031  0.0
5600020  0.0
5600022  0.0
5600023  0.0
5600024  0.0
5600029  0.0
5600032  0.0
5600033  0.0
5600034  0.0
5600036  0.0
5700014  0.0
5700023  0.0
5700024  0.0
5700025  0.0
5700026  0.0
5700027  0.0
5700028  0.0
5700030  0.0
5700033  0.0
5800014  0.0
5800015  0.0
6000015  0.0
6000016  0.0
6100025  0.0
6200015  0.0
6200016  0.0
6300015  0.0
6300016  0.0
6400015  0.0
6400016  0.0
6500037  0.0
6500057  0.0
6500061  0.0
6700021  0.0
6700022  0.0
6800015  0.0
6800016  0.0
7000015  0.0
7000016  0.0
7100015  0.0
7100021  0.0
7100022  0.0
7100025  0.0
7100026  0.0
7100027  0.0
7100028  0.0
7100032  0.0
7100034  0.0
7100035  0.0
7100036  0.0
7100041  0.0
7100042  0.0
7100043  0.0
7100048  0.0
7200015  0.0
7200016  0.0
7300015  0.0
7300016  0.0
7400015  0.0
7400016  0.0
7500015  0.0
7500016  0.0
7600031  0.0
7600034  0.0
7600041  0.0
7600044  0.0
7700027  0.0
7700028  0.0
7700032  0.0
7700033  0.0
8000016  0.0
8000017  0.0
8000018  0.0
8000019  0.0
8000020  0.0
8000028  0.0
8000037  0.0
8000046  0.0
8000055  0.0
8100020  0.0
8100025  0.0
8100028  0.0
8200023  0.0
8200024  0.0
8200025  0.0
8200026  0.0
8200027  0.0
8200029  0.0
8200030  0.0
8200032  0.0
8300016  0.0
8300017  0.0
8400021  0.0
8400022  0.0
8400023  0.0
8400024  0.0
8400026  0.0
8400028  0.0
8500019  0.0
8700022  0.0
8800031  0.0
8800033  0.0
8800034  0.0
8800035  0.0
8800036  0.0
8800037  0.0
8800039  0.0
8800040  0.0
8800041  0.0
8800046  0.0
8800047  0.0
8800049  0.0
8800052  0.0
8800053  0.0
8800054  0.0
8800055  0.0
9000017  0.0
9000020  0.0
9000021  0.0
9000022  0.0
9000026  0.0
9000027  0.0
9000028  0.0
9000032  0.0
9000033  0.0
9000034  0.0
9000035  0.0
9000036  0.0
9000038  0.0
9000040  0.0
9000041  0.0
9000042  0.0
9200017  0.0
9200020  0.0
9200021  0.0
9300024  0.0
9300025  0.0
9300044  0.0
9300045  0.0
9300047  0.0
9300048  0.0
9300050  0.0
9300055  0.0
9300056  0.0
9300057  0.0
9300058  0.0
9300059  0.0
9300060  0.0
9300062  0.0
9300063  0.0
9300067  0.0
9300068  0.0
9300069  0.0
9300071  0.0
9300076  0.0
9300077  0.0
9300078  0.0
9300079  0.0
9300081  0.0
9300082  0.0
9300084  0.0
9300085  0.0
9300087  0.0
9300089  0.0
9300093  0.0
9300097  0.0
9300098  0.0
9300099  0.0
9300100  0.0
9300102  0.0
9300103  0.0
9300107  0.0
9300108  0.0
9300110  0.0
9300111  0.0
9300116  0.0
9300118  0.0
9300119  0.0
9300121  0.0
9300126  0.0
9300127  0.0
9300128  0.0
9300129  0.0
9300131  0.0
9300133  0.0
9300134  0.0
9300176  0.0
9300177  0.0
9300178  0.0
9300179  0.0
9300181  0.0
9300183  0.0
9300184  0.0
9400026  0.0
9400027  0.0
9500022  0.0
9500026  0.0
9600019  0.0
9600020  0.0
9600025  0.0
9600026  0.0
9700027  0.0
9700028  0.0
9700029  0.0
9700042  0.0
9700047  0.0
9800018  0.0
9800019  0.0
9800020  0.0
9800021  0.0
9800022  0.0
9800025  0.0
9800029  0.0
9800033  0.0
9900018  0.0
9900020  0.0
9900022  0.0
9900023  0.0
9900024  0.0
10000018  0.0
10000022  0.0
10000025  0.0
10000026  0.0
10000029  0.0
10000039  0.0
10000043  0.0
10000044  0.0
10000047  0.0
10000048  0.0
10000049  0.0
10000050  0.0
10000051  0.0
10000053  0.0
10000058  0.0
10000062  0.0
10200045  0.0
10300018  0.0
10300019  0.0
10300022  0.0
10300023  0.0
10300024  0.0
10300025  0.0
10300026  0.0
10300027  0.0
10300028  0.0
10300029  0.0
10300030  0.0
10300031  0.0
10300032  0.0
10300033  0.0
10300034  0.0
10300035  0.0
10300036  0.0
10300037  0.0
10300038  0.0
10300039  0.0
10300040  0.0
10300041  0.0
10300042  0.0
10300048  0.0
10300049  0.0
10300051  0.0
10300053  0.0
10300056  0.0
10300057  0.0
10300058  0.0
10300059  0.0
10300060  0.0
10300063  0.0
10300064  0.0
10400018  0.0
10400022  0.0
10400023  0.0
10400026  0.0
10400029  0.0
10400030  0.0
10400032  0.0
10400035  0.0
10500026  0.0
10600018  0.0
10600019  0.0
10700028  0.0
10700029  0.0
10700032  0.0
10900019  0.0
10900020  0.0
10900021  0.0
10900024  0.0
11000028  0.0
11000029  0.0
11200019  0.0
11200020  0.0
11200021  0.0
11200056  0.0
11300072  0.0
11300073  0.0
11300084  0.0
11300085  0.0
11300114  0.0
11300120  0.0
11300121  0.0
11400033  0.0
11500028  0.0
11500029  0.0
11500032  0.0
11500036  0.0
11500037  0.0
11500038  0.0
11500039  0.0
11500041  0.0
11500046  0.0
11500064  0.0
11500071  0.0
11600033  0.0
11600034  0.0
11600038  0.0
11600039  0.0
11600046  0.0
11700053  0.0
11800020  0.0
11800021  0.0
11800023  0.0
11800024  0.0
11800025  0.0
11800026  0.0
11800030  0.0
11900021  0.0
11900022  0.0
11900023  0.0
11900024  0.0
11900026  0.0
11900027  0.0
11900028  0.0
11900031  0.0
11900035  0.0
12000026  0.0
12000027  0.0
12000028  0.0
12000029  0.0
12000030  0.0
12000034  0.0
12000050  0.0
12000054  0.0
12000058  0.0
12100037  0.0
12300037  0.0
12300044  0.0
12300045  0.0
12300046  0.0
12300048  0.0
12300049  0.0
12300053  0.0
12300060  0.0
12300078  0.0
12300082  0.0
12300084  0.0
12300085  0.0
12300087  0.0
12300090  0.0
12400036  0.0
12400037  0.0
12400040  0.0
12400049  0.0
12400050  0.0
12400057  0.0
12400062  0.0
12400063  0.0
12400065  0.0
12500073  0.0
12500074  0.0
12600022  0.0
12700022  0.0
12700023  0.0
12700024  0.0
12700025  0.0
12700028  0.0
12700029  0.0
12700030  0.0
12700031  0.0
12800024  0.0
12800025  0.0
12900053  0.0
12900054  0.0
12900055  0.0
12900056  0.0
12900063  0.0
12900064  0.0
12900065  0.0
12900066  0.0
12900073  0.0
12900074  0.0
12900075  0.0
12900076  0.0
12900080  0.0
12900081  0.0
12900082  0.0
12900085  0.0
12900086  0.0
12900087  0.0
12900088  0.0
12900090  0.0
12900094  0.0
12900095  0.0
12900098  0.0
12900101  0.0
12900102  0.0
12900103  0.0
12900106  0.0
12900113  0.0
12900114  0.0
13000042  0.0
13100038  0.0
13100039  0.0
13100041  0.0
13100042  0.0
13100044  0.0
13100045  0.0
13100048  0.0
13100049  0.0
13200054  0.0
13200055  0.0
13200065  0.0
13200073  0.0
13200095  0.0
13200096  0.0
13200125  0.0
13200133  0.0
13300023  0.0
13300026  0.0
13300027  0.0
13300029  0.0
13300030  0.0
13300031  0.0
13300032  0.0
13300035  0.0
13300037  0.0
13300039  0.0
13300040  0.0
13300042  0.0
13300043  0.0
13300047  0.0
13300048  0.0
13400035  0.0
13400036  0.0
13400037  0.0
13400038  0.0
13400039  0.0
13400040  0.0
13400041  0.0
13400042  0.0
13600042  0.0
13600050  0.0
13600051  0.0
13600054  0.0
13700024  0.0
13700026  0.0
13900025  0.0
13900026  0.0
13900028  0.0
13900029  0.0
13900030  0.0
13900031  0.0
13900034  0.0
13900036  0.0
13900037  0.0
13900040  0.0
13900041  0.0
13900049  0.0
13900050  0.0
13900051  0.0
13900052  0.0
13900053  0.0
13900056  0.0
13900057  0.0
13900058  0.0
13900059  0.0
13900062  0.0
13900063  0.0
13900065  0.0
14000062  0.0
14000083  0.0
14000084  0.0
14200085  0.0
14200110  0.0
14300039  0.0
14300040  0.0
14300043  0.0
14300044  0.0
14300046  0.0
14300047  0.0
14300048  0.0
14300050  0.0
14300051  0.0
14300052  0.0
14400026  0.0
14400027  0.0
14400030  0.0
14400031  0.0
14400034  0.0
14400035  0.0
14400037  0.0
14400038  0.0
14400040  0.0
14400041  0.0
14400044  0.0
14400045  0.0
14400047  0.0
14400048  0.0
14400050  0.0
14400051  0.0
14400054  0.0
14400055  0.0
14500027  0.0
14500030  0.0
14500031  0.0
14500035  0.0
14500036  0.0
14700027  0.0
14700028  0.0
14700029  0.0
14700030  0.0
14700033  0.0
14700036  0.0
14700037  0.0
14700038  0.0
14700041  0.0
14700045  0.0
14700047  0.0
14700048  0.0
14700050  0.0
14700054  0.0
14700058  0.0
14700059  0.0
14700062  0.0
14700063  0.0
14800034  0.0
14800038  0.0
14800039  0.0
14800043  0.0
14800047  0.0
14800048  0.0
14800050  0.0
14800054  0.0
14800055  0.0
14800076  0.0
14800077  0.0
14800089  0.0
14800093  0.0
14800094  0.0
14800098  0.0
14800099  0.0
14800103  0.0
14800104  0.0
14800116  0.0
14800120  0.0
14800121  0.0
14800123  0.0
14800127  0.0
14800130  0.0
14800131  0.0
14800134  0.0
14800136  0.0
14800140  0.0
14800145  0.0
14800149  0.0
14800188  0.0
15000032  0.0
15000035  0.0
15000037  0.0
15000038  0.0
15000041  0.0
15000043  0.0
15000052  0.0
15000055  0.0
15100029  0.0
15100030  0.0
15100031  0.0
15100034  0.0
15100035  0.0
15100036  0.0
15100039  0.0
15100041  0.0
15100042  0.0
15100043  0.0
15200053  0.0
15200054  0.0
15200062  0.0
15200063  0.0
15200067  0.0
15300050  0.0
15300051  0.0
15300053  0.0
15300054  0.0
15300060  0.0
15300061  0.0
15300063  0.0
15300064  0.0
15300068  0.0
15300076  0.0
15300077  0.0
15300080  0.0
15400050  0.0
15500056  0.0
15500067  0.0
15500068  0.0
15500069  0.0
15500078  0.0
15500079  0.0
15500081  0.0
15500082  0.0
15500083  0.0
15500084  0.0
15500086  0.0
15500087  0.0
15500090  0.0
15500092  0.0
15500108  0.0
15500117  0.0
15500129  0.0
15500168  0.0
15500170  0.0
15500171  0.0
15500172  0.0
15500174  0.0
15600041  0.0
15600042  0.0
15600044  0.0
15600046  0.0
15700071  0.0
15700153  0.0
15700154  0.0
15800037  0.0
15800038  0.0
15800040  0.0
15900035  0.0
16000043  0.0
16000044  0.0
16000045  0.0
16000047  0.0
16000048  0.0
16000049  0.0
16000050  0.0
16100036  0.0
16100037  0.0
16100038  0.0
16100047  0.0
16100053  0.0
16100057  0.0
16100061  0.0
16100065  0.0
16100068  0.0
16100072  0.0
16100076  0.0
16100081  0.0
16100084  0.0
16100085  0.0
16100086  0.0
16100088  0.0
16100089  0.0
16100092  0.0
16100096  0.0
16100098  0.0
16100099  0.0
16100102  0.0
16100103  0.0
16100105  0.0
16100108  0.0
16300076  0.0
16300077  0.0
16300081  0.0
16300095  0.0
16300115  0.0
16300120  0.0
16300121  0.0
16300124  0.0
16400051  0.0
16400052  0.0
16400055  0.0
16400056  0.0
16400057  0.0
16400060  0.0
16400061  0.0
16400062  0.0
16400067  0.0
16400069  0.0
16400070  0.0
16400071  0.0
16400077  0.0
16400078  0.0
16400081  0.0
16400085  0.0
16400088  0.0
16400089  0.0
16400092  0.0
16400093  0.0
16400094  0.0
16400095  0.0
16400096  0.0
16400100  0.0
16400107  0.0
16400108  0.0
16400109  0.0
16400110  0.0
16400112  0.0
16400113  0.0
16400114  0.0
16400117  0.0
16400123  0.0
16400124  0.0
16400128  0.0
16500048  0.0
16500067  0.0
16500094  0.0
16500095  0.0
16500096  0.0
16500098  0.0
16500099  0.0
16500101  0.0
16500104  0.0
16500105  0.0
16500106  0.0
16500108  0.0
16500111  0.0
16500112  0.0
16500113  0.0
16500114  0.0
16500116  0.0
16500118  0.0
16500121  0.0
16500122  0.0
16500123  0.0
16500124  0.0
16500125  0.0
16500128  0.0
16500131  0.0
16500134  0.0
16500137  0.0
16500138  0.0
16500140  0.0
16500144  0.0
16500148  0.0
16500149  0.0
16500150  0.0
16500174  0.0
16500175  0.0
16500176  0.0
16500177  0.0
16500187  0.0
16600041  0.0
16600043  0.0
16700045  0.0
16700046  0.0
16700047  0.0
16700051  0.0
16700052  0.0
16700054  0.0
16700055  0.0
16700056  0.0
16700057  0.0
16700061  0.0
16800054  0.0
16800058  0.0
16800066  0.0
16800070  0.0
16800078  0.0
16800082  0.0
16800084  0.0
16800088  0.0
16800097  0.0
16800101  0.0
16800120  0.0
16800121  0.0
16800128  0.0
16800129  0.0
16900048  0.0
16900051  0.0
16900052  0.0
16900053  0.0
16900056  0.0
16900060  0.0
16900061  0.0
16900064  0.0
16900065  0.0
16900066  0.0
16900068  0.0
16900071  0.0
16900089  0.0
16900090  0.0
16900097  0.0
16900101  0.0
16900106  0.0
16900110  0.0
16900114  0.0
16900115  0.0
16900119  0.0
16900120  0.0
16900156  0.0
16900160  0.0
17000046  0.0
17000047  0.0
17000086  0.0
17000096  0.0
17000102  0.0
17000108  0.0
17000114  0.0
17000119  0.0
17000120  0.0
17000121  0.0
17000124  0.0
17100057  0.0
17100058  0.0
17100059  0.0
17100062  0.0
17100063  0.0
17100067  0.0
17100068  0.0
17100069  0.0
17100070  0.0
17100071  0.0
17100073  0.0
17200052  0.0
17300064  0.0
17300065  0.0
17300066  0.0
17300067  0.0
17300069  0.0
17300075  0.0
17300102  0.0
17300104  0.0
17500057  0.0
17500064  0.0
17500071  0.0
17500089  0.0
17500102  0.0
17500117  0.0
17500130  0.0
17500134  0.0
17500145  0.0
17500174  0.0
17500184  0.0
17500194  0.0
17500203  0.0
17500212  0.0
17500221  0.0
17500230  0.0
17500239  0.0
17500258  0.0
17500286  0.0
17500295  0.0
17500296  0.0
17500297  0.0
17500298  0.0
17500302  0.0
17500311  0.0
17500315  0.0
17500320  0.0
17500321  0.0
17500323  0.0
17500324  0.0
17500325  0.0
17500329  0.0
17500330  0.0
17500333  0.0
17500334  0.0
17500338  0.0
17500347  0.0
17500360  0.0
17500361  0.0
17500366  0.0
17500377  0.0
17500388  0.0
17500389  0.0
17500396  0.0
17500399  0.0
17500406  0.0
17500410  0.0
17500412  0.0
17500416  0.0
17500418  0.0
17500424  0.0
17500425  0.0
17500427  0.0
17500437  0.0
17500446  0.0
17500456  0.0
17500473  0.0
17500485  0.0
17500500  0.0
17500512  0.0
17500516  0.0
17500534  0.0
17500587  0.0
17500598  0.0
17500607  0.0
17500617  0.0
17500662  0.0
17500679  0.0
17500726  0.0
17500739  0.0
17500740  0.0
17500741  0.0
17500744  0.0
17500745  0.0
17500746  0.0
17500748  0.0
17500749  0.0
17500751  0.0
17500754  0.0
17500758  0.0
17500784  0.0
17500796  0.0
17500816  0.0
17500829  0.0
17600092  0.0
17600093  0.0
17600094  0.0
17800069  0.0
17800071  0.0
17900059  0.0
17900060  0.0
17900061  0.0
17900062  0.0
17900065  0.0
17900066  0.0
18000073  0.0
18000076  0.0
18000077  0.0
18000078  0.0
18000079  0.0
18000080  0.0
18000081  0.0
18000083  0.0
18000087  0.0
18000089  0.0
18000096  0.0
18000097  0.0
18000102  0.0
18000103  0.0
18000105  0.0
18000107  0.0
18000108  0.0
18000112  0.0
18000113  0.0
18000114  0.0
18000115  0.0
18000116  0.0
18000117  0.0
18000118  0.0
18000120  0.0
18000121  0.0
18000125  0.0
18000126  0.0
18000128  0.0
18100089  0.0
18100090  0.0
18100091  0.0
18200091  0.0
18300066  0.0
18400066  0.0
18400067  0.0
18500209  0.0
18500374  0.0
18500382  0.0
18500390  0.0
18500398  0.0
18500406  0.0
18500414  0.0
18600072  0.0
18600073  0.0
18600074  0.0
18600077  0.0
18600078  0.0
18600079  0.0
18600081  0.0
18600085  0.0
18600086  0.0
18600087  0.0
18700110  0.0
18700121  0.0
18700132  0.0
18700143  0.0
18700154  0.0
18700165  0.0
18700176  0.0
18700187  0.0
18700259  0.0
18700281  0.0
18700311  0.0
18700330  0.0
18700341  0.0
18700361  0.0
18700372  0.0
18700419  0.0
18700432  0.0
18700445  0.0
18700458  0.0
18700471  0.0
18700484  0.0
18700497  0.0
18700510  0.0
18700547  0.0
18700562  0.0
18700573  0.0
18700586  0.0
18700599  0.0
18700614  0.0
18700627  0.0
18700642  0.0
18700655  0.0
18700668  0.0
18700681  0.0
18700694  0.0
18700709  0.0
18700733  0.0
18700745  0.0
18700757  0.0
18700769  0.0
18700781  0.0
18700793  0.0
18700805  0.0
18800128  0.0
18800129  0.0
18800130  0.0
18800134  0.0
18800137  0.0
18900147  0.0
18900168  0.0
19100146  0.0
19100147  0.0
19100148  0.0
19100150  0.0
19200152  0.0
19200153  0.0
19200154  0.0
19200157  0.0
19300164  0.0
19300165  0.0
19400169  0.0
19400170  0.0
19400171  0.0
19400172  0.0
19400175  0.0
19400176  0.0
19400178  0.0
19400179  0.0
19400181  0.0
19400182  0.0
19400183  0.0
19400185  0.0
19400188  0.0
19400189  0.0
19400195  0.0
19400196  0.0
19500256  0.0
19500257  0.0
19500258  0.0
19500260  0.0
19500263  0.0
19500264  0.0
19500278  0.0
19700238  0.0
19700239  0.0
19700240  0.0
19700247  0.0
19800315  0.0
19800316  0.0
19800317  0.0
19800323  0.0
19800351  0.0
19800365  0.0
19901275  0.0
19901351  0.0
19901461  0.0
19901495  0.0
19901704  0.0
19901705  0.0
19901749  0.0
19901750  0.0
19901768  0.0
19901769  0.0
19901822  0.0
19901843  0.0
19901879  0.0
19901905  0.0
19901947  0.0
19901997  0.0
19902028  0.0
19902132  0.0
19902147  0.0
19902163  0.0
19902179  0.0
19902196  0.0
19902216  0.0
19902257  0.0
19902297  0.0
1000007  nan
1300011  nan
1300012  nan
1400007  nan
1400012  nan
1600007  nan
1900008  nan
2400009  nan
2500020  nan
2700010  nan
2800010  nan
2800018  nan
2900010  nan
3000044  nan
3000053  nan
3000059  nan
3000065  nan
3000069  nan
3000073  nan
3000080  nan
3000088  nan
3000095  nan
3100011  nan
3100015  nan
3200011  nan
3200023  nan
3300011  nan
3600020  nan
3600021  nan
3600034  nan
3600035  nan
3600040  nan
3600041  nan
3600042  nan
3600043  nan
3700022  nan
3700046  nan
3700055  nan
3700056  nan
3700058  nan
3700059  nan
3700060  nan
3700062  nan
3700068  nan
4000013  nan
4000014  nan
4200020  nan
4200027  nan
4200029  nan
4600028  nan
4600034  nan
4700024  nan
4900031  nan
5000024  nan
5000025  nan
5000026  nan
5000027  nan
5100025  nan
5100039  nan
5100058  nan
5100065  nan
5200014  nan
5200024  nan
5200029  nan
5400014  nan
5400015  nan
5400018  nan
5400019  nan
5500027  nan
5900015  nan
5900016  nan
6200019  nan
6200020  nan
6600056  nan
6600076  nan
6600077  nan
6900030  nan
6900031  nan
7600021  nan
7600027  nan
7600032  nan
7600042  nan
7600047  nan
7600048  nan
7600050  nan
7600051  nan
7600053  nan
7600064  nan
7600070  nan
7800026  nan
7800034  nan
7800035  nan
7800048  nan
7800053  nan
7800054  nan
7800060  nan
7800061  nan
7800062  nan
7800065  nan
7800066  nan
7900016  nan
7900017  nan
7900021  nan
8300021  nan
8600030  nan
8600032  nan
8600033  nan
8600034  nan
8600041  nan
8600042  nan
8600043  nan
9100026  nan
9100027  nan
9300072  nan
9500039  nan
9600021  nan
9700035  nan
9900027  nan
10000033  nan
10000034  nan
10000035  nan
10100035  nan
10200018  nan
10300044  nan
10400024  nan
10400033  nan
10700030  nan
10800050  nan
10900028  nan
10900029  nan
11200070  nan
11200071  nan
11200073  nan
11300074  nan
11300086  nan
11300097  nan
11400025  nan
11400047  nan
11500051  nan
11500052  nan
11500054  nan
11500055  nan
11500060  nan
11600051  nan
11700027  nan
11700046  nan
11800034  nan
11800039  nan
12000062  nan
12000066  nan
12100041  nan
12400029  nan
12400045  nan
12400052  nan
12900096  nan
12900104  nan
12900115  nan
13000051  nan
13200117  nan
13300041  nan
13300044  nan
13800025  nan
13800036  nan
13800054  nan
14000037  nan
14000041  nan
14000045  nan
14000049  nan
14000057  nan
14000063  nan
14000064  nan
14000067  nan
14000068  nan
14000069  nan
14000072  nan
14000078  nan
14000085  nan
14000086  nan
14000087  nan
14000088  nan
14000089  nan
14000090  nan
14000091  nan
14000092  nan
14000093  nan
14000094  nan
14000095  nan
14000096  nan
14000097  nan
14000098  nan
14000099  nan
14000100  nan
14000101  nan
14000102  nan
14000103  nan
14000104  nan
14000105  nan
14000106  nan
14000107  nan
14100086  nan
14300028  nan
14300056  nan
14400028  nan
14400059  nan
14500033  nan
14500034  nan
14700046  nan
14800044  nan
14800049  nan
14800051  nan
14800059  nan
14800083  nan
14800128  nan
14800132  nan
14800141  nan
14800142  nan
14800144  nan
14800153  nan
14800157  nan
14900028  nan
14900029  nan
14900030  nan
14900031  nan
14900035  nan
14900036  nan
14900040  nan
14900042  nan
14900043  nan
14900044  nan
14900047  nan
15000050  nan
15000051  nan
15100046  nan
15200064  nan
15300052  nan
15300062  nan
15400072  nan
15400073  nan
15400083  nan
15500153  nan
15500154  nan
15500155  nan
15500157  nan
15500161  nan
15600059  nan
15600060  nan
15600066  nan
15700055  nan
15700059  nan
15700063  nan
15700075  nan
15700076  nan
15700079  nan
15700083  nan
15700084  nan
15700086  nan
15700087  nan
15700091  nan
15700095  nan
15700099  nan
15700100  nan
15700101  nan
15700102  nan
15700105  nan
15700110  nan
15700112  nan
15700116  nan
15700120  nan
15700128  nan
15700142  nan
16000052  nan
16100041  nan
16100042  nan
16100066  nan
16100077  nan
16100106  nan
16200049  nan
16200050  nan
16300129  nan
16400043  nan
16400079  nan
16400090  nan
16400125  nan
16500053  nan
16500068  nan
16500085  nan
16500087  nan
16500109  nan
16500115  nan
16500129  nan
16500135  nan
16500139  nan
16500141  nan
16500178  nan
16500179  nan
16500181  nan
16500183  nan
16700058  nan
16800074  nan
16800079  nan
16800093  nan
16800105  nan
16800109  nan
16800113  nan
16800114  nan
16800116  nan
16800124  nan
16800132  nan
16800136  nan
16800137  nan
17000087  nan
17000088  nan
17300088  nan
17300090  nan
17300092  nan
17300094  nan
17300096  nan
17300098  nan
17300100  nan
17300106  nan
17300108  nan
17300110  nan
17300112  nan
17300114  nan
17300116  nan
17500157  nan
17500165  nan
17500279  nan
17500545  nan
17500560  nan
17500566  nan
17500573  nan
17500581  nan
17500623  nan
17500628  nan
17500639  nan
17500651  nan
17500671  nan
17500675  nan
17500685  nan
17500695  nan
17500696  nan
17500698  nan
17500702  nan
17500713  nan
17500719  nan
17500780  nan
17500806  nan
17500820  nan
17600062  nan
17600063  nan
17800076  nan
17800077  nan
17800078  nan
17800079  nan
17900070  nan
17900071  nan
18000090  nan
18000091  nan
18000092  nan
18000093  nan
18000095  nan
18200064  nan
18200078  nan
18200129  nan
18200130  nan
18200139  nan
18500067  nan
18500310  nan
18600088  nan
18700098  nan
18700300  nan
18700391  nan
18700721  nan
18900140  nan
18900161  nan
18900174  nan
18900178  nan
19400186  nan
19400187  nan
19400190  nan
19400191  nan
19400192  nan
19400193  nan
19500261  nan
19500262  nan
19500265  nan
19500266  nan
19500267  nan
19500268  nan
19600221  nan
19600222  nan
19600223  nan
19600229  nan
19600230  nan
19600231  nan
19600232  nan
19600235  nan
19700255  nan
19800330  nan
19800337  nan
19800344  nan
19800358  nan
19901067  nan
19901293  nan
19901328  nan
19902095  nan
19902388  nan
