Chart-15	12	552	3981	5973	12	12	12	12	
Chart-9	16	192	102	453	16	16	16	16	
Chart-22	58	61	61	58	60	58	58	17	
Chart-25	3267	3267	3267	3267	3098	3267	3248	2945	
Chart-16	1	14	1	1	1	1	1	1	
Chart-12	5	14	1442	2009	5	5	5	5	
Chart-11	5	5	43	48	5	5	5	5	
Chart-17	1	63	98	436	1	1	1	1	
Chart-6	16	7	16	32	118	57	57	104	
Chart-8	1	9	2	53	1	1	1	1	
Chart-1	6	212	1942	3325	6	6	6	6	
Chart-26	134	371	1445	134	134	134	134	629	
Chart-21	11	68	16	136	11	11	11	11	
Chart-20	5	1	1	81	39	5	5	5	
Chart-5	3	28	47	181	3	3	3	3	
Chart-4	17	353	400	17	20	82	82	607	
Chart-3	4	97	17	477	4	4	4	4	
Chart-2	137	108	43	302	134	92	92	92	
Chart-7	74	72	74	59	59	74	74	74	
Lang-50	141	141	41	126	122	22	22	9	
Lang-64	22	36	33	45	22	22	22	22	
Lang-61	8	49	24	233	8	8	8	21	
Lang-10	60	58	67	293	71	68	68	68	
Lang-19	2	14	3	2	2	2	2	2	
Lang-31	4	5	26	37	4	4	4	4	
Lang-1	3	33	21	153	3	3	3	3	
Lang-16	4	22	40	209	4	4	4	4	
Lang-41	38	38	5	35	38	6	6	6	
Lang-26	7	116	7	184	128	7	7	7	
Lang-28	3	30	11	53	12	3	3	3	
Lang-55	6	14	6	40	22	6	6	6	
Lang-37	6	25	58	794	6	6	6	6	
Lang-4	5	2	12	28	2	5	5	5	
Lang-17	104	33	104	2	6	104	104	104	
Lang-54	3	15	10	32	3	3	3	3	
Lang-18	10	44	37	96	10	10	10	10	
Lang-5	5	12	5	27	5	5	5	5	
Lang-34	8	105	39	8	273	56	64	137	
Lang-32	3	3	9	2	3	3	3	3	
Lang-59	6	12	305	630	6	6	6	6	
Lang-9	61	38	638	336	65	68	68	69	
Lang-46	1	3	1	44	1	1	1	1	
Lang-39	26	26	116	765	26	26	26	26	
Lang-20	27	28	8	1228	27	8	8	8	
Lang-27	127	146	49	486	145	127	127	127	
Lang-7	121	138	15	129	121	121	121	121	
Lang-22	14	22	14	132	35	26	26	34	
Lang-6	98	16	83	42	98	98	98	98	
Lang-42	13	53	44	297	13	13	13	13	
Lang-36	42	37	23	60	42	42	42	93	
Lang-60	2	49	180	317	2	2	2	2	
Lang-14	4	5	4	49	5	4	4	4	
Lang-15	12	183	8	12	12	12	129	211	
Lang-30	25	25	25	6	6	3	3	5	
Lang-62	161	157	121	175	157	157	157	157	
Lang-2	17	9	17	23	26	17	17	17	
Lang-40	2	4	10	1073	2	2	2	2	
Lang-12	4	4	4	4	5	4	5	5	
Lang-3	12	43	34	41	30	12	12	12	
Lang-63	1	25	20	111	1	1	1	1	
Lang-47	35	35	5	962	35	5	5	5	
Lang-53	191	123	40	9	123	123	120	120	
Lang-44	3	3	3	166	3	3	3	3	
Lang-65	7	9	7	54	7	7	7	7	
Lang-48	2	9	2	5	6	2	2	2	
Math-26	369	42	26	123	432	369	369	369	
Math-31	29	35	1	349	262	178	178	194	
Math-17	113	480	37	688	703	113	113	113	
Math-1	357	407	813	909	40	12	12	1	
Math-85	91	110	15	159	91	91	91	91	
Math-101	20	36	20	35	20	20	20	20	
Math-29	197	198	145	133	167	53	52	24	
Math-98	4	27	39	774	4	4	4	4	
Math-48	355	680	3	580	705	355	355	355	
Math-14	92	98	6361	72	72	92	92	92	
Math-57	4	332	4	425	2527	4	4	4	
Math-37	247	247	238	452	230	12	5	3	
Math-40	34	97	23	447	67	34	34	34	
Math-93	2	2	21	114	3	2	2	2	
Math-76	69	91	69	377	451	69	69	70	
Math-58	504	56	504	92	240	504	504	504	
Math-34	3	15	18	147	3	3	3	3	
Math-55	1	23	4	525	16	1	1	1	
Math-92	14	14	5	37	14	14	14	14	
Math-49	42	412	417	486	42	42	42	42	
Math-65	4	235	111	312	4	4	4	4	
Math-46	1	16	7	655	1	1	1	2	
Math-88	1	208	21	234	1	1	1	1	
Math-47	2	14	5	11	2	2	2	4	
Math-16	596	591	399	1	596	596	596	595	
Math-11	8	35	9	469	8	8	8	8	
Math-66	13	6	14	13	16	15	15	514	
Math-42	71	319	71	361	362	71	71	71	
Math-64	121	31	6	115	121	121	121	122	
Math-97	1	9	16	76	1	1	1	1	
Math-83	21	196	18	162	165	21	21	21	
Math-54	7	500	59	1806	7	7	7	7	
Math-52	22	368	41	729	22	22	22	22	
Math-68	128	12	110	19	187	129	129	129	
Math-27	2	28	142	266	2	2	2	2	
Math-28	14	209	67	306	14	14	14	14	
Math-45	7	7	382	683	7	7	7	7	
Math-79	30	3	22	433	30	30	30	30	
Math-23	148	243	110	115	141	148	148	148	
Math-15	633	13	343	13	633	633	633	633	
Math-6	70	23	107	70	8	77	175	19	
Math-99	24	24	24	42	24	24	24	5	
Math-100	38	142	147	107	57	38	38	38	
Math-90	3	4	3	89	6	3	3	3	
Math-24	150	101	16	167	310	150	150	150	
Math-35	9	14	9	9	8	9	9	8	
Math-103	32	40	2	83	47	32	32	32	
Math-74	786	970	762	139	357	786	786	786	
Math-86	4	75	4	108	74	57	57	61	
Math-36	355	355	1	344	355	1	1	1	
Math-105	25	25	65	37	25	25	25	25	
Math-33	26	103	26	353	358	26	26	26	
Math-30	28	266	25	2469	266	28	28	28	
Math-21	42	115	66	63	80	42	42	47	
Math-84	78	78	78	78	78	78	78	119	
Math-82	217	207	1957	204	171	217	217	217	
Math-7	35	358	364	1361	64	35	35	35	
Math-62	325	325	325	2061	2059	325	325	325	
Math-81	10	144	40	45	26	10	10	10	
Math-41	35	84	258	642	35	35	35	35	
Math-50	1	62	3	896	1	1	1	1	
Math-43	44	125	44	44	199	52	59	85	
Math-87	117	137	208	152	137	117	117	117	
Math-96	5	14	1	26	14	5	5	5	
Math-69	12	17	10	65	131	12	12	12	
Math-95	9	49	12	236	13	9	9	9	
Math-94	6	1	1	3	6	6	6	6	
Math-13	182	177	7244	75	138	182	182	182	
Math-44	14	111	384	169	63	14	14	14	
Math-2	38	34	38	253	118	38	38	38	
Math-89	1	4	1	97	4	1	1	1	
Math-53	2	13	5	51	13	2	2	2	
Mockito-14	58	489	11	66	73	58	58	58	
Mockito-25	4	417	165	4	4	4	4	4	
Mockito-36	13	219	705	324	229	29	29	98	
Mockito-17	120	19	80	1	165	120	120	120	
Mockito-18	6	247	22	369	263	6	6	6	
Mockito-12	5	5	5	5	5	5	5	5	
Mockito-28	270	420	978	386	414	270	270	270	
Mockito-24	1	525	1263	1941	1	1	1	1	
Mockito-37	22	31	341	374	109	23	23	23	
Mockito-23	1	555	731	88	1	1	1	1	
Mockito-6	856	861	355	1671	750	3	1	3	
Mockito-2	3	1	1	3	3	3	3	3	
Mockito-21	3	8	7	215	3	3	3	3	
Mockito-38	781	811	894	873	811	811	895	895	
Mockito-16	34	327	313	108	91	34	34	34	
Mockito-29	1607	1007	572	82	1007	1007	639	639	
Mockito-32	23	347	756	24	23	23	23	23	
Mockito-5	2430	2914	2433	2996	2914	2914	2996	2996	
Mockito-34	25	281	11	723	323	47	47	50	
Mockito-3	5	460	262	5	5	5	5	10	
Mockito-35	423	426	183	862	306	9	9	12	
Mockito-26	29	34	636	1238	435	113	126	221	
Mockito-22	11	2	14	312	211	11	11	11	
Mockito-27	228	484	453	995	225	12	12	12	
Mockito-13	86	507	85	375	453	86	86	86	
Mockito-20	26	124	414	26	363	68	68	116	
Mockito-33	53	339	470	456	406	81	81	193	
Mockito-9	517	433	575	168	81	534	534	534	
Mockito-10	22	402	48	269	265	22	22	22	
Mockito-11	1	17	126	505	1	1	1	1	
Time-15	2	2	107	152	2	2	2	2	
Time-11	412	300	23	1558	1205	412	412	412	
Time-27	346	1220	275	959	1248	346	346	346	
Time-22	17	248	296	2183	225	18	18	18	
Time-1	2	134	770	2186	2	2	2	2	
Time-7	16	383	1759	5159	206	16	16	16	
Time-5	2	63	374	1728	192	2	26	68	
Time-21	1	541	730	2314	1	1	1	4	
Time-8	62	69	1206	2810	62	62	62	62	
Time-10	209	411	783	3213	399	212	215	221	
Time-23	15	83	347	1131	109	15	15	15	
Time-4	37	675	1039	3370	272	37	37	37	
Time-18	3	569	834	2052	193	3	3	3	
Time-17	1	488	1028	3327	1	1	1	1	
Time-2	2	279	754	1918	2	2	2	2	
Time-14	3	1490	1026	3	3	3	3	4	
Time-12	1532	1533	1067	2534	1231	20	3	2	
Time-3	1	775	730	135	1	1	1	1	
Time-9	20	67	895	1590	20	20	20	20	
Time-19	174	93	221	1424	881	174	174	174	
