Chart-8	32.0	32.0	2.0	32.0	32.0	1.0	1.0	5.0	
Chart-9	270.0	292.0	294.0	270.0	192.0	270.0	243.0	87.0	
Chart-5	93.33333333333333	115.66666666666667	136.66666666666666	219.0	115.0	115.0	133.33333333333334	90.66666666666667	
Chart-2	533.0	240.2	202.1	395.0	254.0	228.8	202.6	202.6	
Chart-25	3241.6	3307.1	3234.6	3241.6	3291.6	3241.6	3241.6	1681.1	
Chart-26	10202.0	4350.5	3456.5	2061.0	4232.0	4232.0	3173.5	3440.0	
Chart-3	158.0	186.0	212.0	158.0	140.0	158.0	137.0	45.0	
Chart-16	51.0	54.0	57.333333333333336	59.333333333333336	60.0	51.0	46.333333333333336	17.0	
Chart-21	154.75	163.75	130.75	254.25	156.75	154.75	154.75	206.25	
Chart-12	5.0	14.0	235.0	1455.0	5.0	5.0	5.0	6.0	
Chart-20	81.0	81.0	81.0	81.0	187.0	81.0	81.0	225.0	
Chart-22	108.2	108.0	118.4	108.2	118.4	108.2	106.2	26.0	
Chart-17	426.0	371.0	347.0	500.0	347.0	426.0	426.0	421.0	
Chart-11	12.0	30.0	38.0	65.0	7.0	6.0	14.0	17.0	
Chart-1	35.0	212.0	229.0	2388.0	47.0	35.0	35.0	35.0	
Chart-7	81.5	78.5	84.5	81.5	51.5	81.5	85.5	162.5	
Chart-4	2921.3333333333335	4712.333333333333	6286.333333333333	6307.666666666667	4728.0	4755.333333333333	6473.333333333333	6639.0	
Chart-15	2735.3333333333335	2862.6666666666665	3268.3333333333335	6659.666666666667	2618.3333333333335	2337.0	680.3333333333334	493.3333333333333	
Chart-6	27.0	27.0	27.0	27.0	17.0	26.0	24.0	246.0	
Lang-10	132.5	132.5	132.5	132.5	129.0	131.5	129.0	352.1666666666667	
Lang-42	163.0	161.5	164.5	163.0	153.5	163.0	229.5	229.5	
Lang-53	90.75	67.75	46.75	103.75	26.25	90.75	115.75	132.25	
Lang-4	16.25	16.25	24.5	16.25	13.25	16.25	16.5	21.5	
Lang-27	30.0	38.5	69.0	30.0	30.0	30.0	30.0	126.5	
Lang-47	398.5	400.0	370.0	882.5	398.5	398.5	335.0	133.5	
Lang-46	64.44444444444444	49.44444444444444	50.44444444444444	80.11111111111111	52.111111111111114	52.111111111111114	44.77777777777778	41.333333333333336	
Lang-31	6.333333333333333	7.333333333333333	9.333333333333334	143.33333333333334	6.333333333333333	6.333333333333333	6.333333333333333	8.333333333333334	
Lang-17	20.142857142857142	19.714285714285715	20.142857142857142	20.142857142857142	20.142857142857142	20.142857142857142	20.142857142857142	152.71428571428572	
Lang-2	26.0	11.0	17.0	14.0	26.0	26.0	26.0	17.0	
Lang-3	1250.75	129.25	120.0	133.75	128.0	128.0	128.0	123.0	
Lang-40	4.0	4.0	4.0	16.0	4.0	4.0	4.0	4.0	
Lang-32	26.25	26.25	26.5	26.25	26.25	26.25	23.25	58.75	
Lang-5	21.5	24.5	30.0	23.5	31.0	21.5	21.5	25.5	
Lang-64	623.5	645.0	120.5	90.5	625.5	625.5	103.0	84.5	
Lang-36	238.66666666666666	246.33333333333334	247.66666666666666	342.0	238.66666666666666	238.66666666666666	203.66666666666666	127.66666666666667	
Lang-12	12.0	10.75	11.25	14.25	10.75	11.5	13.5	13.5	
Lang-15	225.5	206.75	204.5	225.5	203.75	225.5	225.5	467.75	
Lang-65	84.75	81.25	86.75	121.0	88.75	88.75	86.75	86.75	
Lang-6	22.0	33.0	22.0	22.0	3.0	22.0	22.0	488.0	
Lang-19	40.75	40.75	40.25	40.75	36.0	38.5	38.0	26.75	
Lang-44	3.0	3.0	3.0	3.0	3.0	3.0	3.0	43.0	
Lang-60	392.5	349.5	283.0	627.0	335.0	315.5	307.0	306.0	
Lang-9	62.0	62.0	62.0	62.0	62.0	62.0	62.0	388.0	
Lang-37	25.5	28.5	9.5	950.5	25.5	6.5	6.5	6.5	
Lang-59	6.0	12.0	6.0	880.0	6.0	6.0	6.0	6.0	
Lang-1	39.0	39.0	46.0	41.0	37.0	37.0	26.333333333333332	32.0	
Lang-54	10.0	17.0	17.0	10.0	3.0	10.0	8.0	4.0	
Lang-22	45.0	32.0	45.0	45.0	72.0	45.0	93.0	145.0	
Lang-62	147.75	175.0	195.75	210.25	147.5	147.5	119.75	17.5	
Lang-50	155.6	151.4	60.8	215.8	138.6	36.6	32.4	26.0	
Lang-26	184.0	184.0	184.0	184.0	126.0	184.0	184.0	212.0	
Lang-39	47.0	65.0	61.0	1085.0	47.0	47.0	47.0	47.0	
Lang-48	12.0	12.0	12.0	12.0	10.666666666666666	12.0	12.0	81.0	
Lang-16	60.0	48.0	56.0	60.0	60.0	60.0	60.0	77.0	
Lang-55	18.5	15.5	21.5	18.5	5.5	18.5	26.5	29.5	
Lang-28	37.5	47.5	45.5	52.5	36.5	37.5	34.5	5.5	
Lang-63	160.26315789473685	152.52631578947367	142.1578947368421	218.8421052631579	802.6842105263158	160.31578947368422	146.26315789473685	100.94736842105263	
Lang-61	8.0	49.0	16.0	555.0	8.0	8.0	21.0	21.0	
Lang-18	145.75	152.5	149.75	145.75	144.75	145.75	145.75	83.0	
Lang-14	102.0	38.0	21.0	44.0	102.0	102.0	102.0	100.0	
Lang-34	230.0	230.0	230.0	230.0	230.0	230.0	230.0	245.0	
Lang-7	466.2	456.6	107.8	578.0	469.2	454.8	184.2	184.2	
Math-29	943.6	933.2	333.0	2215.6	936.8	943.6	936.2	898.2	
Math-44	824.6666666666666	803.0	803.0	824.6666666666666	800.0	824.6666666666666	835.6666666666666	1109.0	
Math-43	158.0	158.0	158.0	158.0	151.0	158.0	158.0	211.0	
Math-65	308.6666666666667	309.3333333333333	321.1666666666667	322.3333333333333	230.0	308.6666666666667	305.1666666666667	529.6666666666666	
Math-82	172.0	172.0	172.0	172.0	172.0	172.0	172.0	226.0	
Math-90	6.0	4.0	6.0	6.0	6.0	6.0	6.0	52.0	
Math-79	31.0	4.0	17.0	442.0	31.0	31.0	31.0	31.0	
Math-101	58.0	58.0	58.0	58.0	59.0	59.0	59.0	59.0	
Math-58	504.0	56.0	504.0	92.0	240.0	504.0	504.0	504.0	
Math-46	1218.5	349.5	585.5	462.5	204.0	194.0	192.0	192.0	
Math-17	642.0	649.0	642.0	642.0	683.0	643.0	697.0	855.0	
Math-6	1777.235294117647	1777.235294117647	1777.235294117647	1777.235294117647	1750.0588235294117	1777.235294117647	1777.235294117647	955.7647058823529	
Math-92	47.57142857142857	31.285714285714285	54.42857142857143	123.71428571428571	26.714285714285715	26.142857142857142	24.857142857142858	24.714285714285715	
Math-31	1625.2413793103449	886.6206896551724	759.2068965517242	615.3448275862069	877.0689655172414	886.2068965517242	755.4137931034483	795.3448275862069	
Math-16	1209.888888888889	983.6666666666666	1513.2222222222222	1445.3333333333333	921.6666666666666	765.6666666666666	709.6666666666666	639.3333333333334	
Math-93	50.0	55.2	71.6	177.8	52.8	52.8	38.2	23.8	
Math-74	381.8	411.0	381.8	381.8	390.2	392.6	391.4	775.2	
Math-52	786.3333333333334	831.0	841.6666666666666	815.6666666666666	771.6666666666666	786.3333333333334	734.3333333333334	37.0	
Math-27	1.0	28.0	106.0	294.0	1.0	1.0	1.0	1.0	
Math-84	116.0	113.33333333333333	116.0	122.66666666666667	108.33333333333333	116.0	126.0	131.33333333333334	
Math-95	85.0	88.0	89.0	85.0	69.0	85.0	67.0	120.0	
Math-99	51.0	72.0	77.0	84.0	48.0	48.0	29.5	28.0	
Math-53	32.0	23.0	23.0	169.0	32.0	32.0	37.0	21.0	
Math-45	2.0	7.0	2.0	484.0	2.0	2.0	2.0	2.0	
Math-21	198.36363636363637	180.36363636363637	169.36363636363637	198.36363636363637	155.36363636363637	198.36363636363637	194.36363636363637	92.36363636363636	
Math-86	492.3333333333333	524.0	525.6666666666666	521.3333333333334	507.0	507.0	525.6666666666666	584.6666666666666	
Math-83	174.33333333333334	211.0	174.33333333333334	174.33333333333334	175.66666666666666	174.33333333333334	175.66666666666666	134.0	
Math-23	107.33333333333333	159.16666666666666	107.5	107.33333333333333	90.16666666666667	107.33333333333333	107.16666666666667	253.5	
Math-69	206.0	190.0	206.0	206.0	239.0	206.0	208.0	203.0	
Math-97	57.5	56.0	57.5	57.5	37.5	57.5	58.0	54.5	
Math-40	380.0	443.5	398.5	380.0	219.0	380.0	403.0	176.5	
Math-100	389.3333333333333	390.3333333333333	288.0	403.6666666666667	334.3333333333333	391.6666666666667	288.0	195.0	
Math-66	95.11764705882354	95.11764705882354	95.11764705882354	95.11764705882354	95.0	95.11764705882354	95.11764705882354	82.6470588235294	
Math-96	16.0	20.0	15.0	16.0	15.0	15.0	26.0	39.0	
Math-2	221.0	221.0	224.0	221.0	211.0	221.0	211.0	88.0	
Math-81	724.75	665.25	640.75	1888.25	662.0	724.75	724.75	757.25	
Math-7	1295.7777777777778	1259.7777777777778	992.3333333333334	1695.111111111111	1213.6666666666667	936.4444444444445	613.8888888888889	386.44444444444446	
Math-33	361.0	359.0	361.0	361.0	360.0	361.0	361.0	397.0	
Math-50	525.6666666666666	529.3333333333334	849.0	526.3333333333334	181.0	525.6666666666666	528.6666666666666	215.33333333333334	
Math-87	176.5	176.0	177.25	176.5	1485.5	176.5	177.0	203.25	
Math-89	35.0	36.0	37.0	44.0	34.5	33.5	11.0	17.5	
Math-34	112.0	111.0	110.0	147.0	94.0	112.0	112.0	73.0	
Math-26	441.5	438.5	441.5	441.5	104.5	441.5	443.0	285.5	
Math-47	564.0	563.2	547.2	564.4	547.2	564.0	565.2	664.6	
Math-37	463.8	538.2	339.8	518.0	526.4	363.6	153.4	149.8	
Math-24	175.5	176.0	175.5	175.5	159.0	178.5	184.5	147.5	
Math-64	238.14285714285714	237.85714285714286	227.5	240.0	207.21428571428572	226.5	226.42857142857142	268.7857142857143	
Math-48	480.0	481.0	480.0	480.0	427.0	383.0	63.0	43.0	
Math-36	442.0	437.5	431.0	483.0	553.0	442.0	442.0	288.5	
Math-68	176.14285714285714	176.14285714285714	176.14285714285714	176.14285714285714	162.28571428571428	176.14285714285714	176.14285714285714	201.85714285714286	
Math-11	493.0	470.0	373.0	910.0	493.0	493.0	493.0	32.0	
Math-88	273.0	273.0	271.2857142857143	273.0	173.57142857142858	273.0	288.85714285714283	260.7142857142857	
Math-30	28.0	266.0	25.0	2469.0	266.0	28.0	28.0	28.0	
Math-41	35.0	84.0	258.0	642.0	35.0	35.0	35.0	35.0	
Math-15	419.5	62.5	1898.0	556.0	361.5	419.5	419.5	419.5	
Math-76	2677.4285714285716	1395.0	617.5714285714286	455.42857142857144	1331.0	1359.5714285714287	606.5	559.8571428571429	
Math-14	150.33333333333334	150.33333333333334	150.33333333333334	150.33333333333334	150.33333333333334	150.33333333333334	150.33333333333334	1156.3333333333333	
Math-94	1.0	2.0	1.0	1.0	1.0	1.0	1.0	67.0	
Math-28	408.2	405.0	407.4	408.2	400.6	408.2	413.0	380.0	
Math-49	1674.25	1898.0	1926.75	1750.75	1713.75	1713.25	1731.0	1528.0	
Math-103	40.0	40.0	40.0	40.0	16.0	40.0	16.0	63.0	
Math-54	1725.5	1819.5	1861.0	1840.5	1814.0	1810.5	1848.0	1766.5	
Math-57	371.0	371.0	371.0	424.0	26.0	371.0	371.0	371.0	
Math-13	166.5	176.5	166.5	166.5	170.0	156.5	156.5	480.0	
Math-42	306.5	323.5	306.5	306.5	110.5	282.5	251.5	35.5	
Math-55	476.0	494.0	485.5	584.0	454.0	455.5	449.5	86.0	
Math-85	121.0	120.0	90.0	306.0	99.0	121.0	175.0	178.0	
Math-1	360.5	438.0	745.5	1100.5	43.5	15.5	15.5	10.5	
Mockito-28	88.0	288.0	88.0	88.0	132.0	97.0	97.0	231.0	
Mockito-35	428.3333333333333	429.0	369.0	1099.0	410.3333333333333	24.0	14.0	6.333333333333333	
Mockito-32	331.5	352.0	1035.5	606.5	47.0	331.5	331.5	331.5	
Mockito-22	275.0	275.0	275.0	275.0	248.0	266.0	266.0	157.0	
Mockito-9	1100.0	944.0	1381.5	676.0	768.0	994.5	932.5	932.5	
Mockito-36	775.5	1053.5	890.0	673.0	1058.0	958.5	896.0	930.5	
Mockito-14	381.2	385.6	379.0	381.2	319.6	380.8	382.0	396.6	
Mockito-27	228.5	484.5	453.5	995.5	225.5	12.5	12.5	12.5	
Mockito-18	379.0	371.0	379.0	379.0	360.0	382.0	391.0	522.0	
Mockito-37	616.0	610.5	610.5	616.0	572.5	637.0	663.0	893.5	
Mockito-25	119.83333333333333	423.8333333333333	568.3333333333334	338.5	67.83333333333333	137.5	138.33333333333334	150.5	
Mockito-17	247.8	247.8	247.8	247.8	247.8	247.8	247.8	284.2	
Mockito-5	4216.0	3093.0	1530.0	1363.0	3093.0	3093.0	1529.0	1529.0	
Mockito-12	170.0	170.0	162.0	170.0	81.5	139.0	139.0	309.5	
Mockito-11	123.5	141.0	305.5	746.0	133.0	133.0	403.0	403.0	
Mockito-38	683.0	679.0	664.0	683.0	847.0	683.0	767.0	801.0	
Mockito-34	446.0	449.0	390.0	446.0	479.0	506.0	532.0	334.0	
Mockito-16	375.8333333333333	375.8333333333333	375.8333333333333	375.8333333333333	375.8333333333333	375.8333333333333	375.8333333333333	773.8333333333334	
Mockito-33	402.0	402.0	402.0	402.0	402.0	402.0	402.0	740.0	
Mockito-10	537.5	695.6666666666666	578.1666666666666	796.3333333333334	479.0	502.8333333333333	463.8333333333333	463.8333333333333	
Mockito-6	1013.95	1295.75	1173.05	2088.05	1283.15	828.4	723.4	631.15	
Mockito-13	560.6666666666666	580.3333333333334	467.3333333333333	560.6666666666666	560.0	598.0	659.0	772.0	
Mockito-2	349.0	330.0	284.6666666666667	349.0	290.3333333333333	293.0	294.6666666666667	233.33333333333334	
Mockito-3	462.2	906.6	642.8	935.8	674.4	640.4	590.6	515.2	
Mockito-20	1252.0	1252.0	1252.0	1252.0	1252.0	1252.0	1252.0	1370.5	
Mockito-23	785.2222222222222	785.2222222222222	785.2222222222222	785.2222222222222	779.7777777777778	785.2222222222222	785.2222222222222	1086.111111111111	
Mockito-24	1.0	525.0	691.0	2407.0	1.0	1.0	1.0	1.0	
Mockito-21	236.8	234.8	248.8	239.0	233.2	236.8	233.6	56.8	
Mockito-29	1530.0	1078.0	828.0	751.0	1078.0	1078.0	838.0	838.0	
Time-18	1707.5	2006.0	969.5	2119.5	1818.0	1723.0	1432.5	1432.5	
Time-11	1054.0	1046.0	1054.0	1054.0	1046.0	1054.0	1107.0	1192.0	
Time-17	3.0	490.0	1208.0	3529.0	3.0	3.0	3.0	3.0	
Time-9	22.8	71.8	929.2	1702.8	22.8	22.8	22.8	22.8	
Time-15	2.0	2.0	55.0	96.0	2.0	2.0	2.0	2.0	
Time-21	309.7142857142857	810.5714285714286	771.8571428571429	3030.5714285714284	352.0	353.7142857142857	321.2857142857143	326.14285714285717	
Time-8	588.0	304.0	1183.6666666666667	1756.0	275.6666666666667	275.6666666666667	258.3333333333333	258.3333333333333	
Time-10	1433.5	1827.0	2568.5	3864.5	1810.5	1717.0	2342.5	2345.5	
Time-22	15.5	248.5	298.5	2187.5	223.5	16.5	16.5	16.5	
Time-14	2.0	1490.0	997.0	2.0	2.0	3.0	3.0	3.0	
Time-27	369.0	1221.6666666666667	438.6666666666667	1015.0	1273.3333333333333	369.0	369.0	369.0	
Time-1	322.4	754.2	1034.8	2422.6	314.4	314.4	299.2	299.2	
Time-19	174.0	93.0	36.0	1408.0	931.0	174.0	174.0	174.0	
Time-2	1304.0	1609.6666666666667	1741.0	3301.6666666666665	1308.3333333333333	1308.3333333333333	1218.0	1218.0	
Time-5	1081.5	551.8333333333334	684.5	1891.0	638.8333333333334	512.1666666666666	515.8333333333334	543.8333333333334	
Time-7	15.0	384.0	1532.0	5937.0	205.0	15.0	15.0	16.0	
Time-23	29.22222222222222	97.22222222222223	349.22222222222223	1148.2222222222222	123.22222222222223	29.22222222222222	29.22222222222222	29.22222222222222	
Time-12	1535.1666666666667	1536.8333333333333	1176.5	2886.1666666666665	1238.1666666666667	26.333333333333332	12.5	6.5	
Time-4	30.0	675.0	772.0	2910.0	780.0	30.0	30.0	30.0	
Time-3	2563.8	2336.2	1939.8	3667.3	2277.3	1370.8	1183.4	1178.9	
