Chart-3	423.0	422.0	390.0	536.0	390.0	423.0	423.0	423.0	
Chart-16	67.0	67.0	67.0	67.0	67.0	67.0	67.0	34.0	
Chart-21	111.25	141.75	142.75	111.25	174.25	111.25	105.75	89.25	
Chart-7	58.5	58.5	58.5	58.5	58.5	58.5	58.5	130.5	
Chart-11	41.0	41.0	41.0	41.0	36.0	41.0	31.0	15.0	
Chart-26	10202.0	4350.5	3456.5	2061.0	4232.0	4232.0	3173.5	3440.0	
Chart-17	278.0	284.0	306.0	278.0	306.0	278.0	277.0	50.0	
Chart-12	1091.0	1091.0	1254.0	1091.0	1091.0	1091.0	555.0	20.0	
Chart-4	2921.3333333333335	4712.333333333333	6286.333333333333	6307.666666666667	4728.0	4755.333333333333	6473.333333333333	6639.0	
Chart-22	101.4	102.0	111.0	101.4	119.8	101.4	94.8	26.0	
Chart-6	36.0	36.0	36.0	36.0	185.0	30.0	29.0	222.0	
Chart-15	3144.0	3305.3333333333335	3926.0	3240.6666666666665	2820.6666666666665	3144.0	1285.3333333333333	155.33333333333334	
Chart-2	672.2	371.0	287.9	400.8	385.4	387.8	344.2	338.2	
Chart-25	3358.6	3424.1	3358.6	3358.6	1888.1	3358.6	3358.6	2060.1	
Chart-20	81.0	81.0	81.0	81.0	368.0	81.0	81.0	218.0	
Chart-9	494.0	476.0	391.0	868.0	398.0	494.0	494.0	493.0	
Chart-8	39.0	39.0	39.0	39.0	39.0	39.0	39.0	2.0	
Chart-1	1340.0	1324.0	1490.0	1340.0	1215.0	1253.0	1163.0	572.0	
Chart-5	130.33333333333334	139.66666666666666	151.33333333333334	148.66666666666666	124.33333333333333	139.66666666666666	131.33333333333334	92.66666666666667	
Lang-22	31.0	31.0	25.0	31.0	64.0	31.0	32.0	114.0	
Lang-60	343.5	363.0	383.0	343.5	383.0	343.5	315.0	299.5	
Lang-15	203.75	203.75	203.75	203.75	203.75	203.75	203.75	280.5	
Lang-63	153.47368421052633	168.10526315789474	164.52631578947367	154.52631578947367	163.78947368421052	153.47368421052633	136.57894736842104	73.57894736842105	
Lang-7	507.2	488.8	165.0	549.0	506.2	506.2	235.6	247.6	
Lang-50	240.6	236.4	241.0	286.0	240.6	240.6	231.6	36.0	
Lang-62	262.75	249.75	247.0	267.5	247.0	262.75	261.0	134.0	
Lang-17	18.857142857142858	18.714285714285715	19.285714285714285	18.857142857142858	19.285714285714285	18.857142857142858	19.285714285714285	167.0	
Lang-59	374.0	385.0	368.0	374.0	619.0	374.0	358.0	257.0	
Lang-26	184.0	184.0	184.0	184.0	184.0	184.0	184.0	239.0	
Lang-28	46.5	47.5	46.5	46.5	47.5	46.5	46.5	50.5	
Lang-6	37.0	37.0	37.0	37.0	9.0	37.0	37.0	665.0	
Lang-54	18.0	18.0	17.0	18.0	10.0	18.0	18.0	38.0	
Lang-5	23.0	24.5	29.5	25.5	32.5	23.0	23.0	27.5	
Lang-31	143.33333333333334	68.33333333333333	80.33333333333333	187.33333333333334	143.33333333333334	143.33333333333334	549.3333333333334	755.3333333333334	
Lang-40	2.0	4.0	10.0	1073.0	2.0	2.0	2.0	2.0	
Lang-36	327.0	320.3333333333333	317.6666666666667	362.3333333333333	317.6666666666667	327.0	323.6666666666667	247.66666666666666	
Lang-3	87.25	95.75	104.75	87.25	103.5	87.25	80.0	96.0	
Lang-64	619.5	624.5	100.0	95.5	626.0	623.5	98.0	75.5	
Lang-2	11.0	11.0	11.0	11.0	18.0	11.0	11.0	75.0	
Lang-44	37.0	3.0	3.0	37.0	3.0	37.0	37.0	114.0	
Lang-14	4.0	5.0	4.0	6.0	5.0	4.0	4.0	4.0	
Lang-19	40.0	40.0	40.0	40.0	36.25	39.0	38.5	12.5	
Lang-37	6.5	25.5	6.5	950.5	25.5	6.5	6.5	6.5	
Lang-61	213.0	263.0	263.0	213.0	104.0	158.0	74.0	87.0	
Lang-4	13.25	13.25	13.25	13.25	13.25	13.25	13.25	43.75	
Lang-9	62.0	62.0	62.0	62.0	62.0	62.0	62.0	533.0	
Lang-10	133.83333333333334	132.83333333333334	134.16666666666666	133.83333333333334	124.66666666666667	133.16666666666666	124.66666666666667	351.3333333333333	
Lang-1	69.0	56.0	65.0	69.0	69.0	69.0	69.0	134.0	
Lang-12	14.75	14.75	14.75	14.75	14.75	14.75	14.75	17.5	
Lang-32	27.75	27.75	27.75	27.75	27.75	27.75	27.75	96.25	
Lang-55	14.5	14.5	14.5	14.5	14.5	14.5	14.5	41.5	
Lang-16	22.0	22.0	53.0	22.0	22.0	22.0	22.0	40.0	
Lang-27	79.0	79.0	81.0	79.0	81.0	79.0	79.0	153.0	
Lang-48	11.666666666666666	11.666666666666666	11.666666666666666	11.666666666666666	49.333333333333336	11.666666666666666	11.333333333333334	94.66666666666667	
Lang-39	27.0	26.0	35.0	1085.0	27.0	27.0	27.0	27.0	
Lang-47	377.5	391.0	387.0	600.5	375.5	377.5	322.0	158.0	
Lang-53	45.25	45.25	41.75	45.25	26.25	45.25	48.75	103.75	
Lang-18	171.0	171.0	171.0	171.0	171.0	171.0	171.0	124.0	
Lang-65	97.25	95.75	90.75	81.75	95.75	99.25	110.25	146.25	
Lang-34	230.0	230.0	230.0	230.0	230.0	230.0	230.0	329.0	
Lang-42	229.0	190.5	175.0	229.0	173.0	229.0	315.0	348.5	
Lang-46	52.77777777777778	46.55555555555556	48.44444444444444	38.333333333333336	59.0	48.666666666666664	48.77777777777778	75.66666666666667	
Math-54	1813.0	1877.5	1878.0	1862.0	1717.5	1878.0	1878.5	2451.0	
Math-31	646.8275862068965	651.3103448275862	657.3448275862069	633.4827586206897	649.8965517241379	650.3448275862069	629.6896551724138	458.3103448275862	
Math-49	2119.5	2122.5	2125.0	2117.5	2125.0	2121.5	2121.5	1964.5	
Math-21	252.36363636363637	236.36363636363637	193.36363636363637	252.36363636363637	252.36363636363637	252.36363636363637	262.27272727272725	206.36363636363637	
Math-79	31.0	4.0	17.0	442.0	31.0	31.0	31.0	31.0	
Math-101	73.0	73.0	73.0	73.0	58.0	73.0	77.0	87.0	
Math-66	177.2941176470588	111.23529411764706	110.41176470588235	98.23529411764706	138.0	113.17647058823529	110.47058823529412	332.6470588235294	
Math-45	2.0	7.0	2.0	484.0	2.0	2.0	2.0	2.0	
Math-6	1795.5882352941176	1790.4117647058824	1797.4705882352941	1795.235294117647	1767.1176470588234	1795.5882352941176	1797.4117647058824	1696.2941176470588	
Math-103	40.0	40.0	40.0	40.0	200.0	40.0	40.0	43.0	
Math-96	23.0	23.0	23.0	23.0	20.0	23.0	23.0	77.0	
Math-86	541.0	541.6666666666666	541.0	538.3333333333334	541.6666666666666	541.6666666666666	542.6666666666666	703.3333333333334	
Math-28	405.4	404.4	406.4	405.4	402.8	405.4	405.4	276.6	
Math-16	1209.888888888889	983.6666666666666	1513.2222222222222	1445.3333333333333	921.6666666666666	765.6666666666666	709.6666666666666	639.3333333333334	
Math-85	117.0	165.0	158.0	117.0	84.0	117.0	82.0	93.0	
Math-53	33.0	32.0	32.0	33.0	33.0	33.0	29.0	70.0	
Math-27	204.0	211.0	215.0	293.0	204.0	204.0	204.0	14.0	
Math-65	327.5	328.8333333333333	328.1666666666667	330.1666666666667	328.1666666666667	327.5	327.5	254.0	
Math-33	349.0	349.0	350.0	349.0	349.0	349.0	349.0	7.0	
Math-99	29.0	26.0	55.5	106.0	29.0	17.5	17.5	17.0	
Math-64	238.14285714285714	238.14285714285714	238.28571428571428	238.14285714285714	270.57142857142856	238.14285714285714	238.14285714285714	260.42857142857144	
Math-42	373.5	373.5	373.5	373.5	384.5	380.5	380.5	464.5	
Math-43	164.0	164.0	164.0	164.0	164.0	164.0	164.0	614.0	
Math-2	234.0	233.0	234.0	234.0	224.0	234.0	234.0	127.0	
Math-29	1095.4	1058.8	408.6	2230.6	404.6	1095.4	1095.4	1258.2	
Math-11	715.0	511.0	510.0	715.0	729.0	715.0	715.0	402.0	
Math-100	285.0	285.3333333333333	287.6666666666667	285.0	268.6666666666667	285.0	285.0	27.333333333333332	
Math-36	418.0	426.0	428.0	418.0	445.0	418.0	417.0	99.5	
Math-76	567.0714285714286	592.0714285714286	568.4285714285714	1384.5714285714287	493.35714285714283	552.0714285714286	552.1428571428571	542.8571428571429	
Math-44	775.3333333333334	775.3333333333334	775.3333333333334	775.3333333333334	774.0	775.3333333333334	775.3333333333334	167.33333333333334	
Math-41	610.0	598.0	588.0	610.0	588.0	610.0	606.0	502.0	
Math-58	79.0	79.0	79.0	79.0	79.0	79.0	79.0	67.0	
Math-81	766.25	684.25	640.75	1896.25	640.75	766.25	766.25	925.0	
Math-97	49.0	47.5	49.0	49.0	62.25	49.0	49.0	62.25	
Math-84	100.33333333333333	100.33333333333333	100.33333333333333	100.33333333333333	100.33333333333333	100.33333333333333	100.33333333333333	131.33333333333334	
Math-69	196.0	196.0	196.0	196.0	196.0	196.0	196.0	261.0	
Math-37	680.4	754.0	566.2	480.0	683.4	683.4	405.6	195.2	
Math-40	438.0	450.0	450.0	438.0	434.5	438.0	436.0	135.0	
Math-68	177.14285714285714	175.42857142857142	177.14285714285714	177.14285714285714	158.85714285714286	177.14285714285714	177.14285714285714	318.7142857142857	
Math-14	129.33333333333334	134.5	129.33333333333334	129.33333333333334	129.33333333333334	129.33333333333334	129.33333333333334	1015.0	
Math-23	161.5	161.5	161.5	161.5	143.66666666666666	161.5	161.5	235.33333333333334	
Math-89	67.0	67.0	71.5	75.0	70.5	67.0	53.0	4.5	
Math-83	178.33333333333334	211.0	178.33333333333334	178.33333333333334	178.33333333333334	178.33333333333334	178.33333333333334	268.3333333333333	
Math-26	426.0	420.5	426.0	426.0	482.0	262.5	95.0	72.5	
Math-90	6.0	4.0	6.0	6.0	6.0	6.0	6.0	52.0	
Math-93	141.8	105.4	102.2	177.6	142.2	142.2	141.2	109.2	
Math-95	92.0	89.0	98.0	228.0	91.0	92.0	86.0	23.0	
Math-34	121.0	117.0	110.0	147.0	59.0	121.0	121.0	117.0	
Math-74	388.6	397.0	388.6	388.6	388.4	388.6	388.6	802.6	
Math-92	30.571428571428573	29.0	36.0	82.57142857142857	29.428571428571427	29.285714285714285	29.571428571428573	30.714285714285715	
Math-87	171.0	171.0	171.0	171.0	171.25	171.0	171.0	291.5	
Math-15	419.5	62.5	1898.0	556.0	361.5	419.5	419.5	419.5	
Math-55	511.0	546.0	544.5	511.0	544.5	511.0	490.0	86.5	
Math-30	282.0	282.0	282.0	282.0	282.0	282.0	282.0	301.0	
Math-17	636.0	647.0	635.0	636.0	671.0	636.0	639.0	230.0	
Math-50	760.0	759.6666666666666	849.6666666666666	760.0	849.3333333333334	760.0	759.6666666666666	135.33333333333334	
Math-52	2306.0	2216.3333333333335	997.6666666666666	1549.0	2196.6666666666665	2262.6666666666665	1061.3333333333333	1061.0	
Math-57	371.0	371.0	371.0	371.0	2527.0	371.0	371.0	423.0	
Math-7	1556.2222222222222	1495.4444444444443	1218.2222222222222	1216.4444444444443	1489.3333333333333	1514.2222222222222	1204.2222222222222	709.2222222222222	
Math-13	176.5	176.5	176.5	176.5	349.0	176.5	176.5	1183.5	
Math-1	866.5	883.0	893.0	942.0	866.5	866.5	821.0	33.5	
Math-82	169.0	169.0	169.0	169.0	169.0	169.0	169.0	254.0	
Math-24	218.5	218.5	218.5	218.5	167.0	218.5	218.5	181.5	
Math-47	546.4	546.4	546.4	546.4	546.4	546.4	546.4	779.6	
Math-88	271.14285714285717	271.14285714285717	271.14285714285717	271.14285714285717	276.2857142857143	271.14285714285717	270.7142857142857	327.7142857142857	
Math-46	1514.5	636.5	755.0	653.5	597.5	635.5	548.5	397.5	
Math-48	831.0	826.0	826.0	831.0	822.0	831.0	831.0	953.0	
Math-94	1.0	1.0	1.0	1.0	1.0	1.0	1.0	32.0	
Mockito-36	775.5	1053.5	890.0	673.0	1058.0	958.5	896.0	930.5	
Mockito-25	119.83333333333333	423.8333333333333	568.3333333333334	338.5	67.83333333333333	137.5	138.33333333333334	150.5	
Mockito-2	354.3333333333333	354.3333333333333	354.3333333333333	354.3333333333333	376.0	354.3333333333333	354.3333333333333	4.666666666666667	
Mockito-3	462.2	906.6	642.8	935.8	674.4	640.4	590.6	515.2	
Mockito-27	228.5	484.5	453.5	995.5	225.5	12.5	12.5	12.5	
Mockito-5	1497.0	1506.0	1507.0	1497.0	1507.0	1497.0	1497.0	808.0	
Mockito-33	402.0	402.0	402.0	402.0	402.0	402.0	402.0	919.0	
Mockito-35	543.0	629.3333333333334	542.0	1005.6666666666666	478.6666666666667	151.66666666666666	15.333333333333334	12.666666666666666	
Mockito-13	538.3333333333334	540.0	538.3333333333334	538.3333333333334	584.0	550.6666666666666	593.3333333333334	1085.3333333333333	
Mockito-14	389.0	389.4	389.0	389.0	441.8	389.6	391.6	699.6	
Mockito-17	247.8	247.8	247.8	247.8	247.8	247.8	247.8	284.2	
Mockito-11	123.5	141.0	305.5	746.0	133.0	133.0	403.0	403.0	
Mockito-10	537.5	695.6666666666666	578.1666666666666	796.3333333333334	479.0	502.8333333333333	463.8333333333333	463.8333333333333	
Mockito-6	1013.95	1295.75	1173.05	2088.05	1283.15	828.4	723.4	631.15	
Mockito-24	1.0	525.0	691.0	2407.0	1.0	1.0	1.0	1.0	
Mockito-29	816.0	841.0	831.0	885.0	1066.0	816.0	816.0	812.0	
Mockito-22	312.0	312.0	312.0	312.0	350.0	309.0	309.0	168.0	
Mockito-38	693.0	693.0	693.0	693.0	573.0	699.0	726.0	853.0	
Mockito-23	785.2222222222222	785.2222222222222	785.2222222222222	785.2222222222222	779.7777777777778	785.2222222222222	785.2222222222222	1086.111111111111	
Mockito-21	267.6	267.6	267.6	267.6	266.0	267.6	267.6	12.6	
Mockito-16	375.8333333333333	375.8333333333333	375.8333333333333	375.8333333333333	375.8333333333333	375.8333333333333	375.8333333333333	773.8333333333334	
Mockito-28	363.0	357.0	367.0	363.0	367.0	367.0	367.0	638.0	
Mockito-37	579.5	581.0	581.5	579.5	683.0	580.0	580.0	505.5	
Mockito-12	209.5	209.5	209.5	209.5	140.5	209.5	209.5	280.0	
Mockito-20	1252.0	1252.0	1252.0	1252.0	1252.0	1252.0	1252.0	1370.5	
Mockito-34	499.0	499.0	499.0	499.0	469.0	493.0	494.0	700.0	
Mockito-18	1.0	207.0	1.0	1.0	270.0	1.0	1.0	34.0	
Mockito-32	331.5	352.0	1035.5	606.5	47.0	331.5	331.5	331.5	
Mockito-9	1100.0	944.0	1381.5	676.0	768.0	994.5	932.5	932.5	
Time-5	1081.5	551.8333333333334	684.5	1891.0	638.8333333333334	512.1666666666666	515.8333333333334	543.8333333333334	
Time-27	1019.6666666666666	1019.6666666666666	1019.6666666666666	1019.6666666666666	477.0	1008.6666666666666	996.6666666666666	850.6666666666666	
Time-19	174.0	93.0	36.0	1408.0	931.0	174.0	174.0	174.0	
Time-17	3.0	490.0	1208.0	3529.0	3.0	3.0	3.0	3.0	
Time-12	1535.1666666666667	1536.8333333333333	1176.5	2886.1666666666665	1238.1666666666667	26.333333333333332	12.5	6.5	
Time-7	15.0	384.0	1532.0	5937.0	205.0	15.0	15.0	16.0	
