Chart-9	13	129	39	13	13	13	13	14	
Chart-26	2197	2197	2468	2197	2064	1384	1317	622	
Chart-11	5	5	9	5	5	5	5	15	
Chart-25	3116	3116	3116	3116	2947	3116	2947	2982	
Chart-2	74	78	61	175	71	60	60	111	
Chart-6	28	28	28	28	14	14	13	35	
Chart-16	31	31	1	31	1	1	1	1	
Chart-5	66	70	96	66	64	65	34	7	
Chart-8	33	33	33	33	50	33	33	2	
Chart-4	509	524	533	509	118	40	40	904	
Chart-22	57	61	55	56	55	47	8	11	
Chart-21	58	69	58	58	68	65	70	75	
Chart-17	102	112	129	102	11	29	3	9	
Chart-1	1209	1212	1353	1209	1072	1059	791	357	
Chart-3	4	95	15	4	4	4	4	12	
Chart-12	3	12	393	3	3	3	3	5	
Chart-15	8	544	937	227	8	8	8	34	
Chart-20	5	1	1	82	39	5	5	5	
Chart-7	58	58	58	58	58	58	58	157	
Lang-54	10	17	17	10	10	10	10	4	
Lang-26	184	184	184	184	184	184	184	278	
Lang-15	194	194	194	194	194	194	194	261	
Lang-60	261	245	245	261	282	261	256	181	
Lang-50	229	233	229	229	235	229	229	42	
Lang-61	8	46	21	8	8	8	8	42	
Lang-55	2	14	2	2	2	2	2	24	
Lang-5	14	14	14	14	14	14	14	7	
Lang-14	6	6	6	6	6	6	240	394	
Lang-28	45	45	45	45	40	45	44	16	
Lang-6	14	15	16	14	14	14	13	118	
Lang-32	2	2	2	2	2	2	2	83	
Lang-46	11	11	11	11	3	11	16	3	
Lang-27	56	56	67	56	56	56	56	132	
Lang-65	4	9	9	4	9	4	4	68	
Lang-22	38	25	25	38	38	38	38	118	
Lang-40	4	4	4	16	4	4	4	4	
Lang-12	4	4	4	4	4	4	4	15	
Lang-16	4	22	34	4	4	4	4	7	
Lang-47	452	452	416	452	416	452	452	505	
Lang-64	48	50	50	48	45	45	43	11	
Lang-36	129	129	118	111	129	111	111	23	
Lang-39	24	24	24	36	24	24	24	29	
Lang-31	4	5	26	4	4	4	4	5	
Lang-10	71	71	71	71	71	71	71	76	
Lang-48	9	9	9	9	5	5	5	48	
Lang-9	62	62	62	62	62	62	62	110	
Lang-37	6	25	6	6	6	6	6	8	
Lang-3	67	64	60	67	66	66	66	146	
Lang-2	11	11	11	11	11	11	2	5	
Lang-7	112	138	15	130	112	112	112	113	
Lang-53	35	35	33	35	35	33	33	35	
Lang-19	33	33	33	33	28	33	33	9	
Lang-63	1	25	20	111	1	1	1	1	
Lang-18	88	88	88	88	88	88	88	52	
Lang-34	229	229	229	229	229	229	229	11	
Lang-17	5	5	5	5	5	5	5	46	
Lang-42	81	83	113	81	81	5	5	40	
Lang-4	2	2	2	2	2	2	2	37	
Lang-44	3	3	3	3	3	3	3	6	
Lang-62	145	173	173	145	145	145	85	17	
Lang-1	67	67	74	67	66	67	50	19	
Lang-59	6	12	9	19	6	6	6	6	
Math-45	2	7	6	2	2	2	2	115	
Math-7	990	921	899	949	1031	990	1011	991	
Math-46	1	16	7	655	1	1	1	2	
Math-43	163	163	163	163	163	163	163	436	
Math-29	239	243	253	239	239	239	207	849	
Math-14	74	74	74	74	74	74	74	680	
Math-87	135	135	135	135	135	135	135	206	
Math-64	88	88	88	88	88	88	88	59	
Math-31	8	8	8	8	13	13	14	219	
Math-103	40	42	40	40	42	40	43	84	
Math-68	60	60	60	60	60	60	60	61	
Math-47	11	11	11	11	11	11	11	755	
Math-89	63	63	63	63	54	63	63	25	
Math-36	364	364	364	364	364	364	364	153	
Math-74	139	139	139	139	139	139	139	1226	
Math-96	20	22	20	20	20	20	21	89	
Math-21	149	149	149	149	149	149	84	155	
Math-2	237	237	237	237	1745	237	237	232	
Math-94	1	1	1	1	1	1	1	1	
Math-37	562	574	574	562	561	562	463	230	
Math-49	498	509	509	498	493	498	485	267	
Math-57	3	331	3	3	3	3	3	3	
Math-69	220	220	220	220	220	220	220	62	
Math-44	150	150	150	150	150	150	150	147	
Math-101	12	36	12	115	36	12	12	12	
Math-42	328	328	328	328	328	328	328	260	
Math-13	134	134	134	134	134	134	134	1344	
Math-82	177	172	177	177	177	177	177	224	
Math-28	1	194	1	46	116	1	13	15	
Math-30	282	282	282	282	282	282	282	301	
Math-40	34	97	23	447	67	34	34	34	
Math-54	903	917	903	903	610	899	610	383	
Math-1	357	407	742	1083	40	12	12	7	
Math-48	355	680	3	580	705	355	355	355	
Math-95	26	58	24	235	16	22	16	10	
Math-23	103	103	103	103	103	103	103	305	
Math-81	26	26	26	26	26	26	26	409	
Math-34	55	66	74	55	71	55	50	12	
Math-84	81	81	81	81	81	81	81	116	
Math-100	9	142	175	284	28	9	9	9	
Math-83	11	107	11	11	11	11	11	160	
Math-55	519	599	524	519	235	519	477	189	
Math-79	2	3	5	29	2	2	2	66	
Math-11	509	510	419	509	48	418	48	9	
Math-6	4	4	4	4	4	4	4	136	
Math-24	164	164	164	164	164	164	164	87	
Math-90	1	4	1	1	19	3	3	4	
Math-52	793	798	793	793	790	793	793	377	
Math-27	1	28	3	182	1	1	1	1	
Math-16	591	591	638	591	632	829	1365	1617	
Math-93	1	2	2	34	1	1	1	1	
Math-65	251	251	251	251	251	251	251	402	
Math-15	43	13	933	13	43	43	43	43	
Math-86	74	74	74	74	74	74	74	170	
Math-17	656	667	656	656	692	656	633	371	
Math-58	79	79	79	79	79	79	79	67	
Math-76	396	396	396	396	396	396	396	132	
Math-99	141	151	124	71	94	141	114	50	
Math-97	22	22	22	22	22	22	22	18	
Math-92	11	11	4	11	11	13	13	20	
Math-53	22	22	22	22	18	18	18	3	
Math-66	7	6	7	7	7	7	7	262	
Math-85	90	143	144	90	44	60	29	89	
Math-26	437	429	437	437	450	437	451	510	
Math-88	249	266	259	249	245	245	245	150	
Math-41	34	83	68	48	34	34	34	36	
Math-33	350	350	351	350	350	350	350	29	
Math-50	509	509	509	509	509	509	508	7	
Mockito-12	140	140	140	140	140	140	140	41	
Mockito-27	228	484	453	995	225	12	12	12	
Mockito-21	221	222	14	223	218	221	221	5	
Mockito-22	4	2	1	4	4	4	4	22	
Mockito-34	466	471	466	466	557	462	476	921	
Mockito-20	152	163	184	152	42	25	25	309	
Mockito-6	1361	1368	1384	1361	1361	1361	1173	37	
Mockito-38	685	685	685	685	617	685	700	861	
Mockito-16	107	107	107	107	107	107	107	621	
Mockito-3	3	338	34	3	3	1	1	6	
Mockito-36	13	219	705	324	229	29	29	98	
Mockito-17	58	58	58	58	58	58	58	28	
Mockito-37	405	405	405	405	405	405	405	116	
Mockito-29	753	734	701	806	753	753	752	277	
Mockito-18	131	131	133	131	1	1	1	37	
Mockito-9	253	247	678	455	79	276	276	419	
Mockito-13	367	365	367	367	95	98	120	130	
Mockito-24	26	550	183	26	26	1	1	2	
Mockito-2	37	37	1	37	3	3	3	50	
Mockito-11	434	434	437	434	431	434	411	1	
Mockito-33	399	399	398	399	393	392	380	642	
Mockito-5	1481	1498	1499	1489	1499	1481	1481	779	
Mockito-28	350	350	350	350	350	350	350	499	
Mockito-14	175	205	187	175	18	7	5	64	
Mockito-32	190	77	193	190	434	448	469	36	
Mockito-25	2	411	68	2	2	2	2	72	
Mockito-23	83	83	83	83	83	83	83	1076	
Mockito-10	82	82	82	82	59	54	54	238	
Mockito-35	813	814	814	813	781	806	734	65	
Time-18	2	568	683	2049	192	3	3	3	
Time-14	1865	1883	1225	1865	1619	8	7	13	
Time-17	1487	1509	1843	2171	1486	1229	41	8	
Time-27	40	44	32	40	20	19	19	352	
Time-5	985	1008	107	23	737	4	4	43	
Time-19	1120	1120	1120	1120	95	66	59	433	
Time-2	1608	1643	725	1608	290	37	42	3	
Time-8	981	981	1016	981	812	143	70	252	
Time-21	1	509	294	1	1	1	1	2	
Time-7	2512	2516	2524	2512	2502	2433	441	207	
Time-12	1662	1663	2018	2573	1656	1643	402	20	
Time-9	900	900	936	900	805	114	102	77	
Time-11	15	228	1	15	15	15	15	1030	
Time-1	937	937	937	937	789	1	1	59	
Time-4	1655	1659	755	1655	914	17	17	69	
Time-15	8	8	11	8	5	5	5	1	
Time-22	1454	1470	1388	2164	1343	1194	1249	237	
Time-3	2257	2258	2267	2257	2256	2257	2007	358	
Time-10	1503	1467	1258	3281	824	566	557	513	
Time-23	15	83	312	1132	109	18	23	26	
