Chart-1	812.0	875.0	922.0	812.0	587.0	765.0	563.0	119.0	
Chart-2	569.4	274.5	222.3	379.8	296.4	276.3	246.5	243.2	
Chart-3	4.0	97.0	12.0	537.0	27.0	4.0	4.0	4.0	
Chart-4	4945.333333333333	5678.333333333333	6263.666666666667	6238.666666666667	5510.333333333333	5574.0	6143.666666666667	7492.666666666667	
Chart-5	34.333333333333336	81.0	69.66666666666667	219.66666666666666	73.0	66.33333333333333	88.0	88.0	
Chart-6	20.0	20.0	20.0	20.0	3.0	15.0	15.0	89.0	
Chart-7	44.5	50.5	44.5	44.5	72.5	44.5	44.5	80.5	
Chart-8	1.0	9.0	2.0	67.0	32.0	1.0	1.0	1.0	
Chart-9	14.0	192.0	93.0	868.0	33.0	14.0	14.0	14.0	
Chart-11	6.0	6.0	5.0	6.0	6.0	5.0	5.0	6.0	
Chart-12	3.0	12.0	240.0	1317.0	3.0	3.0	3.0	20.0	
Chart-15	5095.333333333333	3757.0	3744.3333333333335	5991.666666666667	3584.3333333333335	3584.3333333333335	2395.3333333333335	2395.3333333333335	
Chart-16	52.0	53.666666666666664	61.0	58.0	41.0	32.0	18.666666666666668	21.0	
Chart-17	2.0	63.0	31.0	545.0	2.0	2.0	2.0	2.0	
Chart-20	55.0	55.0	55.0	55.0	25.0	1.0	1.0	20.0	
Chart-21	39.75	85.0	41.75	287.25	58.25	39.75	39.75	39.75	
Chart-22	73.0	78.8	73.6	106.8	73.4	68.6	56.8	27.2	
Chart-25	3241.6	3307.1	3234.6	3241.6	3157.1	3241.6	3157.1	1671.6	
Chart-26	10680.0	4748.5	3592.0	2515.5	4269.5	4269.5	3211.0	3477.5	
Lang-1	4.0	34.0	18.0	373.0	22.0	4.0	4.0	4.0	
Lang-2	17.0	9.0	17.0	23.0	26.0	17.0	17.0	17.0	
Lang-3	84.25	86.75	74.75	85.25	84.25	61.75	56.75	47.0	
Lang-4	13.25	13.25	13.25	13.25	13.25	13.25	13.25	40.25	
Lang-5	18.5	25.5	23.5	43.0	27.0	22.5	22.5	22.5	
Lang-6	15.0	15.0	15.0	15.0	15.0	15.0	14.0	64.0	
Lang-7	446.2	451.8	107.0	581.2	460.8	450.0	179.4	179.4	
Lang-9	62.0	62.0	62.0	62.0	62.0	62.0	62.0	481.0	
Lang-10	139.33333333333334	139.33333333333334	139.33333333333334	139.33333333333334	139.33333333333334	139.33333333333334	139.33333333333334	588.8333333333334	
Lang-12	14.75	15.0	14.0	9.25	14.25	14.25	14.0	14.75	
Lang-14	5.0	5.0	4.0	5.0	5.0	4.0	4.0	5.0	
Lang-15	314.25	270.75	159.75	342.0	314.25	314.25	359.0	346.0	
Lang-16	27.0	22.0	34.0	443.0	45.0	27.0	27.0	27.0	
Lang-17	20.142857142857142	19.714285714285715	20.142857142857142	20.142857142857142	20.142857142857142	20.142857142857142	20.142857142857142	228.14285714285714	
Lang-18	166.0	165.5	166.0	166.0	171.5	166.0	166.0	120.0	
Lang-19	23.5	31.5	13.5	35.0	31.75	28.0	24.5	22.5	
Lang-20	35.5	36.0	20.5	1250.5	35.5	16.5	16.5	16.5	
Lang-22	14.0	22.0	14.0	14.0	33.0	15.0	15.0	79.0	
Lang-26	7.0	116.0	7.0	184.0	128.0	7.0	7.0	7.0	
Lang-27	129.0	148.5	51.0	488.0	147.0	129.0	129.0	129.0	
Lang-28	3.5	30.5	11.5	53.5	12.5	3.5	3.5	3.5	
Lang-30	140.11764705882354	115.82352941176471	82.23529411764706	544.0588235294117	105.88235294117646	104.94117647058823	86.58823529411765	85.58823529411765	
Lang-31	6.333333333333333	7.333333333333333	9.333333333333334	143.33333333333334	6.333333333333333	6.333333333333333	6.333333333333333	8.333333333333334	
Lang-32	27.0	27.0	27.0	27.0	25.5	27.0	27.0	52.0	
Lang-34	228.0	228.0	228.0	228.0	2.0	2.0	2.0	167.0	
Lang-36	118.33333333333333	116.66666666666667	164.0	325.0	118.33333333333333	106.33333333333333	103.0	99.0	
Lang-37	6.5	25.5	6.5	950.5	25.5	6.5	6.5	6.5	
Lang-39	27.0	26.0	35.0	1085.0	27.0	27.0	27.0	27.0	
Lang-40	2.0	4.0	10.0	1073.0	2.0	2.0	2.0	2.0	
Lang-41	47.6	46.6	33.6	108.2	46.0	33.2	33.2	20.4	
Lang-42	15.0	54.5	50.5	364.5	15.0	15.0	15.0	15.0	
Lang-44	3.0	3.0	3.0	166.0	3.0	3.0	3.0	3.0	
Lang-46	36.0	27.0	38.22222222222222	122.22222222222223	25.0	23.666666666666668	13.666666666666666	13.666666666666666	
Lang-47	37.0	37.0	52.0	964.0	37.0	7.0	7.0	7.0	
Lang-48	11.333333333333334	11.333333333333334	10.0	11.333333333333334	10.333333333333334	9.333333333333334	9.666666666666666	51.0	
Lang-50	155.6	151.4	60.8	215.8	138.6	36.6	32.4	26.0	
Lang-53	196.75	125.0	44.25	13.25	125.0	125.0	122.0	122.0	
Lang-54	4.0	15.0	3.0	74.0	11.0	4.0	4.0	4.0	
Lang-55	7.5	14.5	7.5	23.5	17.5	7.5	7.5	7.5	
Lang-59	6.0	12.0	6.0	880.0	6.0	6.0	6.0	6.0	
Lang-60	80.5	88.0	122.5	661.5	79.5	67.0	54.0	33.5	
Lang-61	46.0	49.0	49.0	167.0	46.0	13.0	16.0	80.0	
Lang-62	193.5	183.0	161.5	223.75	183.0	183.0	183.0	183.0	
Lang-63	37.94736842105263	49.89473684210526	40.473684210526315	221.8421052631579	43.73684210526316	37.94736842105263	37.94736842105263	37.94736842105263	
Lang-64	550.5	612.0	51.5	138.5	596.0	594.5	70.0	70.0	
Lang-65	55.75	64.25	76.25	133.0	64.25	63.25	61.25	61.25	
Math-1	360.5	438.0	745.5	1100.5	43.5	15.5	15.5	10.5	
Math-2	38.0	34.0	38.0	253.0	118.0	38.0	38.0	38.0	
Math-6	1769.1764705882354	1761.5294117647059	1754.9411764705883	1770.1764705882354	1669.9411764705883	1769.7058823529412	1774.9411764705883	1353.7058823529412	
Math-7	800.2222222222222	814.5555555555555	816.7777777777778	810.2222222222222	692.8888888888889	586.6666666666666	409.22222222222223	92.88888888888889	
Math-11	31.0	35.0	3.0	910.0	400.0	31.0	31.0	31.0	
Math-13	166.5	176.5	166.5	166.5	156.5	156.5	156.5	1162.5	
Math-14	171.66666666666666	162.33333333333334	171.16666666666666	171.66666666666666	171.16666666666666	171.16666666666666	171.16666666666666	1032.8333333333333	
Math-15	53.5	64.5	142.0	53.5	13.5	86.0	86.0	98.0	
Math-16	722.3333333333334	742.5555555555555	887.2222222222222	721.8888888888889	712.7777777777778	450.3333333333333	449.55555555555554	309.1111111111111	
Math-17	594.0	596.0	594.0	594.0	594.0	594.0	591.0	107.0	
Math-21	54.36363636363637	127.36363636363636	78.36363636363636	75.36363636363636	92.36363636363636	54.36363636363637	55.27272727272727	59.36363636363637	
Math-23	145.33333333333334	161.66666666666666	144.83333333333334	145.33333333333334	174.83333333333334	145.33333333333334	146.16666666666666	174.16666666666666	
Math-24	1173.0	214.0	191.0	91.0	247.0	169.5	167.5	194.5	
Math-26	88.0	82.5	82.5	88.0	24.5	23.0	24.0	42.5	
Math-27	1.0	28.0	106.0	294.0	1.0	1.0	1.0	1.0	
Math-28	51.8	218.6	1137.6	427.6	314.6	51.8	51.8	51.8	
Math-29	200.6	202.4	145.4	2208.6	188.2	92.8	52.0	8.8	
Math-30	28.0	266.0	25.0	2469.0	266.0	28.0	28.0	28.0	
Math-31	1620.5862068965516	869.6206896551724	731.6896551724138	698.7931034482758	868.1379310344828	868.8965517241379	708.9655172413793	780.4827586206897	
Math-33	26.0	103.0	26.0	353.0	358.0	26.0	26.0	26.0	
Math-34	3.0	15.0	18.0	147.0	3.0	3.0	3.0	3.0	
Math-35	13.0	15.5	13.0	198.0	12.5	13.0	13.0	12.5	
Math-36	448.0	440.5	435.0	487.5	448.5	448.0	448.5	125.0	
Math-37	463.8	538.2	339.8	518.0	526.4	363.6	153.4	149.8	
Math-40	157.5	190.5	179.0	157.5	106.5	64.5	60.0	66.5	
Math-41	35.0	84.0	258.0	642.0	35.0	35.0	35.0	35.0	
Math-42	71.5	319.5	71.5	339.5	326.5	71.5	71.5	71.5	
Math-43	161.0	158.0	161.0	161.0	174.0	161.0	162.0	230.0	
Math-44	770.3333333333334	770.3333333333334	771.0	770.3333333333334	767.6666666666666	770.3333333333334	717.0	348.3333333333333	
Math-45	7.0	7.0	6.0	7.0	2.0	2.0	2.0	131.0	
Math-46	1059.5	198.5	432.5	757.5	191.0	191.0	190.0	190.5	
Math-47	537.4	538.0	537.6	538.8	538.0	537.4	537.4	339.8	
Math-48	355.0	680.0	3.0	580.0	705.0	355.0	355.0	355.0	
Math-49	1419.0	2120.0	1854.75	2543.75	2019.25	2018.75	1809.25	1809.25	
Math-50	2.3333333333333335	63.0	14.666666666666666	987.0	119.0	2.3333333333333335	2.3333333333333335	2.3333333333333335	
Math-52	1563.6666666666667	1872.3333333333333	362.6666666666667	1553.3333333333333	1852.3333333333333	1757.0	555.6666666666666	555.6666666666666	
Math-53	16.0	16.0	6.0	16.0	13.0	2.0	2.0	14.0	
Math-54	1095.0	1498.5	1406.5	1396.0	1266.5	1266.5	1397.0	1579.0	
Math-55	802.5	1001.5	239.5	677.5	998.0	990.5	387.5	387.5	
Math-57	371.0	371.0	371.0	371.0	2527.0	371.0	371.0	423.0	
Math-58	504.0	56.0	504.0	92.0	240.0	504.0	504.0	504.0	
Math-62	328.75	328.75	328.75	2064.75	2062.75	328.75	328.75	328.75	
Math-64	227.71428571428572	223.28571428571428	227.85714285714286	227.71428571428572	220.71428571428572	227.71428571428572	227.71428571428572	211.57142857142858	
Math-65	99.16666666666667	289.3333333333333	107.83333333333333	115.33333333333333	387.5	99.16666666666667	117.16666666666667	113.5	
Math-66	97.88235294117646	96.11764705882354	97.88235294117646	97.88235294117646	67.6470588235294	97.88235294117646	113.0	536.1764705882352	
Math-68	203.85714285714286	167.57142857142858	203.85714285714286	203.85714285714286	190.28571428571428	203.85714285714286	203.57142857142858	204.57142857142858	
Math-69	12.0	17.0	10.0	65.0	131.0	12.0	12.0	12.0	
Math-74	354.8	387.0	363.4	354.8	321.2	328.4	328.4	593.8	
Math-76	2438.714285714286	1131.2857142857142	453.5	459.7142857142857	1288.857142857143	1124.2142857142858	372.7142857142857	360.57142857142856	
Math-79	31.0	4.0	17.0	442.0	31.0	31.0	31.0	31.0	
Math-81	640.25	640.25	640.25	640.25	640.25	640.25	640.25	516.5	
Math-82	169.0	169.0	169.0	169.0	169.0	169.0	169.0	196.0	
Math-83	214.66666666666666	214.33333333333334	231.33333333333334	214.66666666666666	244.0	216.66666666666666	218.0	265.3333333333333	
Math-84	116.0	113.33333333333333	116.0	122.66666666666667	108.33333333333333	116.0	126.0	131.33333333333334	
Math-85	32.0	63.0	56.0	32.0	17.0	21.0	21.0	62.0	
Math-86	444.0	518.0	515.6666666666666	595.3333333333334	515.6666666666666	512.6666666666666	537.6666666666666	540.3333333333334	
Math-87	77.5	155.0	77.5	77.5	125.25	87.75	87.75	115.25	
Math-88	21.142857142857142	211.0	21.142857142857142	287.2857142857143	243.42857142857142	21.142857142857142	21.142857142857142	21.142857142857142	
Math-89	13.0	15.0	11.0	102.0	15.0	13.5	13.5	13.5	
Math-90	4.0	4.0	4.0	4.0	4.0	4.0	4.0	27.0	
Math-92	23.428571428571427	28.0	34.857142857142854	58.714285714285715	23.0	21.571428571428573	26.142857142857142	33.285714285714285	
Math-93	11.0	17.8	48.2	187.0	18.2	17.4	16.4	16.4	
Math-94	1.0	1.0	1.0	1.0	1.0	1.0	1.0	2.0	
Math-95	10.0	50.0	13.0	237.0	14.0	10.0	10.0	10.0	
Math-96	19.0	19.0	9.0	19.0	16.0	7.0	7.0	9.0	
Math-97	35.5	36.5	32.75	43.75	39.5	39.5	39.5	63.0	
Math-98	8.5	40.5	43.5	778.5	8.5	8.5	8.5	8.5	
Math-99	37.5	68.0	76.5	90.0	37.0	37.0	35.0	11.5	
Math-100	380.0	448.3333333333333	231.33333333333334	296.0	410.3333333333333	404.0	196.66666666666666	196.66666666666666	
Math-101	58.0	58.0	35.0	58.0	57.0	33.0	33.0	55.0	
Math-103	32.0	40.0	2.0	83.0	47.0	32.0	32.0	32.0	
Math-105	25.0	25.0	65.0	37.0	25.0	25.0	25.0	25.0	
Mockito-2	291.0	261.6666666666667	191.33333333333334	274.3333333333333	421.0	205.0	207.33333333333334	247.0	
Mockito-3	1013.2	1107.8	1055.8	1128.4	994.8	673.0	627.0	590.4	
Mockito-5	3090.0	2914.0	925.0	1507.0	2914.0	2914.0	1350.0	1350.0	
Mockito-6	1599.5	1755.65	1770.05	1932.3	1654.8	1655.95	1366.6	583.6	
Mockito-9	1100.0	944.0	1381.5	676.0	768.0	994.5	932.5	932.5	
Mockito-10	492.8333333333333	510.3333333333333	547.1666666666666	492.8333333333333	317.5	72.83333333333333	84.33333333333333	161.0	
Mockito-11	123.5	141.0	305.5	746.0	133.0	133.0	403.0	403.0	
Mockito-12	73.0	73.0	73.0	73.0	140.0	71.5	71.5	71.5	
Mockito-13	461.6666666666667	463.3333333333333	462.3333333333333	461.6666666666667	328.0	423.6666666666667	294.3333333333333	299.3333333333333	
Mockito-14	331.6	335.4	331.8	331.6	183.6	318.0	172.4	358.8	
Mockito-16	413.5	412.5	408.6666666666667	413.5	406.8333333333333	396.0	401.5	848.0	
Mockito-17	246.6	246.6	247.4	246.6	246.8	246.6	245.8	451.4	
Mockito-18	324.0	323.0	324.0	324.0	133.0	322.0	314.0	119.0	
Mockito-20	1230.5	1238.5	1252.0	1238.5	1238.5	1238.5	1252.0	1559.5	
Mockito-21	184.2	53.6	12.6	275.6	48.8	48.0	47.6	47.6	
Mockito-22	259.0	259.0	259.0	259.0	1.0	246.0	231.0	33.0	
Mockito-23	784.6666666666666	784.6666666666666	784.6666666666666	784.6666666666666	784.6666666666666	784.6666666666666	784.6666666666666	449.55555555555554	
Mockito-24	1.0	525.0	691.0	2407.0	1.0	1.0	1.0	1.0	
Mockito-25	676.8333333333334	669.0	768.1666666666666	674.3333333333334	580.5	74.5	91.33333333333333	231.0	
Mockito-26	29.0	34.0	636.0	1238.0	435.0	113.0	126.0	221.0	
Mockito-27	228.5	484.5	453.5	995.5	225.5	12.5	12.5	12.5	
Mockito-28	386.0	379.0	603.0	386.0	361.0	386.0	398.0	493.0	
Mockito-29	80.0	79.0	8.0	80.0	80.0	6.0	6.0	7.0	
Mockito-32	397.0	436.0	1199.0	572.5	379.5	357.5	317.5	197.0	
Mockito-33	380.0	380.0	374.0	380.0	3.0	3.0	3.0	174.0	
Mockito-34	423.0	423.0	423.0	423.0	245.0	413.0	374.0	214.0	
Mockito-35	428.3333333333333	429.0	369.0	1099.0	410.3333333333333	24.0	14.0	6.333333333333333	
Mockito-36	775.5	1053.5	890.0	673.0	1058.0	958.5	896.0	930.5	
Mockito-37	617.0	590.0	585.5	633.5	647.0	614.0	647.0	588.5	
Mockito-38	427.0	463.0	145.0	427.0	251.0	23.0	22.0	14.0	
Time-1	1256.8	1260.8	1252.4	1523.0	939.6	916.2	373.8	57.6	
Time-2	1528.6666666666667	1534.3333333333333	1680.6666666666667	1591.6666666666667	1330.3333333333333	1247.6666666666667	944.3333333333334	121.0	
Time-3	2635.9	2415.0	2528.1	3442.5	2383.6	2148.5	1174.3	950.7	
Time-4	1653.0	1666.0	73.0	1653.0	923.0	12.0	13.0	55.0	
Time-5	1081.5	551.8333333333334	684.5	1891.0	638.8333333333334	512.1666666666666	515.8333333333334	543.8333333333334	
Time-7	1922.0	1922.0	1841.0	1922.0	1616.0	21.0	19.0	23.0	
Time-8	725.6666666666666	743.0	567.3333333333334	1030.6666666666667	567.0	405.0	319.6666666666667	24.333333333333332	
Time-9	649.8	650.0	370.4	663.0	511.8	244.6	73.8	21.4	
Time-10	2005.5	2261.5	2637.0	2487.0	1813.0	1711.5	2327.0	2331.5	
Time-11	413.0	301.0	403.0	1803.0	1208.0	413.0	413.0	413.0	
Time-12	1535.1666666666667	1536.8333333333333	1176.5	2886.1666666666665	1238.1666666666667	26.333333333333332	12.5	6.5	
Time-14	1861.0	1873.0	1017.0	1860.0	1137.0	5.0	5.0	6.0	
Time-15	2.0	2.0	55.0	96.0	2.0	2.0	2.0	2.0	
Time-17	3.0	490.0	1208.0	3529.0	3.0	3.0	3.0	3.0	
Time-18	1707.5	2006.0	969.5	2119.5	1818.0	1723.0	1432.5	1432.5	
Time-19	1046.0	1046.0	1046.0	1046.0	277.0	6.0	5.0	361.0	
Time-21	344.0	819.7142857142857	711.8571428571429	1923.2857142857142	371.42857142857144	371.42857142857144	340.7142857142857	345.57142857142856	
Time-22	1026.5	1026.5	843.5	1026.5	968.5	1.5	1.5	94.5	
Time-23	29.22222222222222	97.22222222222223	349.22222222222223	1148.2222222222222	123.22222222222223	29.22222222222222	29.22222222222222	29.22222222222222	
Time-27	78.0	82.66666666666667	80.0	78.0	47.0	47.0	47.0	397.0	
