2401725  0.9929019808769226
2401683  0.9928815364837646
2401685  0.9928769469261169
2401688  0.9928745031356812
2401682  0.9928721785545349
2401684  0.9928449988365173
2401680  0.9928431510925293
2402183  0.992842435836792
2401726  0.9928420782089233
2402187  0.9928295016288757
2401774  0.9928284287452698
2401773  0.9928188920021057
2402174  0.9928172826766968
2402140  0.9928165674209595
2402161  0.9928111433982849
2402176  0.9928109049797058
2401702  0.9928086996078491
2402167  0.99280846118927
2402077  0.9928036332130432
2401690  0.9928021430969238
2401658  0.9928014278411865
2401720  0.992800235748291
2402081  0.9927996397018433
2402082  0.9927996397018433
2402142  0.9927994012832642
2401913  0.9927991628646851
2402178  0.9927988052368164
2402170  0.9927986860275269
2402136  0.9927983283996582
2402143  0.9927969574928284
2402171  0.9927950501441956
2402101  0.9927944540977478
2402155  0.9927937984466553
2402168  0.9927937984466553
2402012  0.9927936792373657
2402125  0.9927927255630493
2402102  0.9927923679351807
2401645  0.9927917718887329
2402188  0.9927886128425598
2401659  0.9927881360054016
2402191  0.9927876591682434
2401723  0.9927863478660583
2401657  0.9927858710289001
2402156  0.9927858114242554
2402179  0.9927853345870972
2401664  0.992784857749939
2402158  0.9927834272384644
2401625  0.9927831888198853
2401700  0.9927830696105957
2401821  0.9927817583084106
2402144  0.992780864238739
2401703  0.9927803874015808
2402120  0.9927796721458435
2401655  0.992779552936554
2401708  0.992779552936554
2401879  0.992779552936554
2401660  0.9927789568901062
2401775  0.9927787184715271
2401656  0.9927783608436584
2401771  0.9927769899368286
2402169  0.9927765130996704
2401624  0.9927761554718018
2401822  0.9927761554718018
2402181  0.9927760362625122
2402163  0.9927753210067749
2402152  0.9927735924720764
2402104  0.9927734732627869
2402034  0.9927729964256287
2402137  0.9927729964256287
2402149  0.9927720427513123
2402128  0.9927714467048645
2401995  0.9927690029144287
2401644  0.9927664995193481
2402189  0.9927659034729004
2401646  0.9927654266357422
2401704  0.9927653670310974
2402095  0.9927648901939392
2402147  0.9927647709846497
2402033  0.9927646517753601
2401724  0.992763102054596
2402083  0.992763102054596
2401634  0.9927626252174377
2402036  0.9927625060081482
2402177  0.9927621483802795
2402013  0.9927614331245422
2402056  0.9927607774734497
2402032  0.992760181427002
2401719  0.9927599430084229
2401765  0.9927592277526855
2401662  0.9927576780319214
2402153  0.9927566647529602
2401769  0.9927565455436707
2402084  0.9927560687065125
2402124  0.9927560687065125
2402129  0.9927559494972229
2401875  0.9927555918693542
2402190  0.9927555918693542
2401954  0.9927548766136169
2401976  0.9927539229393005
2401626  0.992753803730011
2402045  0.9927529096603394
2402108  0.9927523136138916
2401729  0.9927517175674438
2401643  0.9927514791488647
2401666  0.992750883102417
2401919  0.9927504062652588
2402049  0.9927491545677185
2401824  0.9927485585212708
2401987  0.9927484393119812
2401661  0.9927477240562439
2401989  0.9927477240562439
2401920  0.9927472472190857
2402067  0.9927470088005066
2401768  0.992746889591217
2401992  0.9927467703819275
2401942  0.9927466511726379
2402053  0.9927462935447693
2401940  0.9927451014518738
2402038  0.992745041847229
2401732  0.9927445650100708
2401912  0.992743968963623
2402046  0.992743730545044
2402093  0.9927420616149902
2402048  0.9927414655685425
2402070  0.9927412271499634
2401988  0.9927409291267395
2401619  0.9927404522895813
2402042  0.9927404522895813
2402069  0.9927403330802917
2401968  0.9927398562431335
2401735  0.9927383065223694
2401876  0.9927380681037903
2401706  0.9927371144294739
2402085  0.9927361011505127
2401627  0.9927359819412231
2401981  0.9927359819412231
2401870  0.9927350282669067
2401767  0.9927349090576172
2401777  0.9927337169647217
2401737  0.9927335977554321
2401779  0.9927332401275635
2402021  0.9927332401275635
2402135  0.9927311539649963
2401668  0.9927306771278381
2401764  0.9927300810813904
2401914  0.9927299618721008
2401977  0.9927299618721008
2402016  0.9927299618721008
2401882  0.9927296042442322
2401738  0.9927290081977844
2401941  0.992728590965271
2402061  0.9927278757095337
2401939  0.9927276372909546
2401635  0.992727518081665
2402030  0.992727518081665
2401631  0.99272620677948
2401973  0.9927256107330322
2402031  0.9927244782447815
2402139  0.992723286151886
2401705  0.9927231669425964
2401880  0.9927231669425964
2401984  0.9927223324775696
2402051  0.99272221326828
2401980  0.9927206039428711
2401953  0.9927204847335815
2401937  0.9927201271057129
2401638  0.9927198886871338
2402063  0.9927197694778442
2402037  0.9927185773849487
2402054  0.9927185773849487
2401924  0.9927183389663696
2401730  0.9927182197570801
2402192  0.9927181005477905
2402057  0.992717981338501
2401770  0.9927170276641846
2401825  0.9927164912223816
2401636  0.9927162528038025
2401640  0.9927162528038025
2401648  0.9927158951759338
2401975  0.9927155375480652
2401881  0.9927154183387756
2401850  0.9927152991294861
2402027  0.992715060710907
2401794  0.9927145838737488
2402072  0.992713987827301
2401873  0.9927138686180115
2401843  0.9927123785018921
2401972  0.9927123785018921
2401848  0.9927122592926025
2402105  0.992712140083313
2402123  0.9927115440368652
2401830  0.9927114248275757
2401907  0.992711067199707
2402090  0.9927109479904175
2402028  0.9927103519439697
2401776  0.9927099943161011
2401971  0.992708146572113
2401731  0.9927076697349548
2402043  0.9927076697349548
2401869  0.9927075505256653
2401918  0.9927075505256653
2401863  0.9927074313163757
2401943  0.9927062392234802
2401927  0.9927061200141907
2401911  0.9927060008049011
2402088  0.9927055239677429
2402066  0.9927054047584534
2401926  0.9927049279212952
2402050  0.9927045106887817
2402134  0.9927042722702026
2401736  0.9927022457122803
2402058  0.9927020072937012
2401923  0.9927002787590027
2402020  0.992699921131134
2401874  0.9926995635032654
2402097  0.992698609828949
2401630  0.9926984906196594
2402131  0.9926984906196594
2402091  0.9926982522010803
2401933  0.992697536945343
2401982  0.992697536945343
2401847  0.9926954507827759
2401832  0.9926953315734863
2401618  0.9926943778991699
2401649  0.9926928281784058
2401647  0.9926922917366028
2402017  0.9926922917366028
2402075  0.9926908612251282
2401915  0.9926902651786804
2401654  0.9926900267601013
2401946  0.9926889538764954
2401827  0.9926873445510864
2402106  0.9926866292953491
2401921  0.9926854372024536
2401826  0.992685079574585
2401917  0.9926844239234924
2401931  0.9926833510398865
2402092  0.9926833510398865
2401908  0.9926832318305969
2401864  0.9926812052726746
2401936  0.9926804900169373
2401951  0.9926791191101074
2401844  0.9926756024360657
2401934  0.9926734566688538
2401945  0.9926707744598389
2401867  0.9926676154136658
2402132  0.9926661849021912
2401868  0.9926660656929016
2401948  0.9926651120185852
2401935  0.9926637411117554
2402193  0.9926586747169495
2401846  0.9926491379737854
2401949  0.9926440119743347
2402813  0.9924132227897644
2402778  0.9924083948135376
2402783  0.9923924207687378
2402770  0.9923734068870544
2402782  0.9923444390296936
3000147  0.9923317432403564
2403342  0.9923285841941833
2403339  0.9923257827758789
2402845  0.9923157691955566
2403160  0.9923117756843567
3000149  0.9923105239868164
2402814  0.9923100471496582
2402843  0.992305338382721
2403257  0.9923030138015747
2403202  0.9922997355461121
3000150  0.9922961592674255
2403156  0.9922949075698853
2403310  0.9922949075698853
2403313  0.9922878742218018
2402791  0.9922869205474854
2402786  0.992286205291748
2402760  0.9922844767570496
2402787  0.9922839999198914
2403316  0.9922837615013123
2403256  0.9922829270362854
2402755  0.9922798871994019
2403322  0.9922742247581482
3000164  0.9922735095024109
2403326  0.9922728538513184
2402741  0.992272138595581
3000146  0.992272138595581
2403182  0.9922716617584229
2403184  0.99226975440979
2402807  0.9922692179679871
2402759  0.9922677874565125
2403321  0.9922633171081543
2403270  0.9922600388526917
2402779  0.9922583699226379
2403315  0.9922546148300171
2402842  0.9922518134117126
2402752  0.9922516942024231
2402718  0.9922510981559753
2402740  0.9922486543655396
2403253  0.9922472238540649
2403267  0.9922467470169067
2402861  0.9922458529472351
2402794  0.992245614528656
2403259  0.992244303226471
2403162  0.9922428727149963
2403268  0.9922427535057068
2402906  0.9922423362731934
2402862  0.9922422170639038
3000181  0.9922418594360352
2402917  0.992241621017456
2402806  0.9922398328781128
2403312  0.9922398328781128
2403071  0.992238461971283
2403314  0.9922382235527039
2403324  0.9922372698783875
3000382  0.9922372698783875
2403093  0.9922371506690979
2403096  0.9922365546226501
2402811  0.9922364354133606
3000163  0.9922351241111755
2403347  0.992234468460083
2403072  0.9922342300415039
2403311  0.9922338724136353
3000151  0.9922327995300293
2402714  0.9922324419021606
2403338  0.9922323226928711
2403069  0.9922311902046204
2403036  0.9922308325767517
2403266  0.9922305941581726
2402766  0.992230236530304
2403254  0.9922292828559875
2403197  0.9922274351119995
3000165  0.99222731590271
2403204  0.9922271966934204
2403149  0.9922269582748413
2402764  0.9922266006469727
2402810  0.9922264814376831
2403198  0.9922255277633667
2403213  0.9922239780426025
2403180  0.992223858833313
2403309  0.9922235608100891
2402918  0.9922227263450623
2403260  0.9922217726707458
3000304  0.9922216534614563
2403323  0.9922203421592712
3000376  0.9922187328338623
2402803  0.9922168254852295
2402961  0.9922165870666504
2403163  0.9922163486480713
2402730  0.9922159314155579
2402801  0.9922155737876892
2403258  0.9922155737876892
2402790  0.992215096950531
2402830  0.992215096950531
2403024  0.9922149777412415
2403110  0.9922148585319519
2403068  0.9922136664390564
2403061  0.9922129511833191
2403348  0.9922119379043579
2403065  0.992210865020752
2403343  0.9922106266021729
2402763  0.9922101497650146
2402715  0.9922096729278564
2402925  0.9922078251838684
2403177  0.9922077059745789
2403201  0.9922075867652893
2402883  0.9922074675559998
2402719  0.992206871509552
2402758  0.9922045469284058
3000148  0.992202877998352
2403100  0.9922024011611938
3000336  0.9922019243240356
3000317  0.9922014474868774
2403113  0.9922010898590088
3000352  0.9922009110450745
2402802  0.9922007918357849
2403265  0.9922003149986267
2403120  0.9921995997428894
2402831  0.9921994805335999
2403150  0.9921994805335999
2402909  0.9921990036964417
2402905  0.9921981692314148
2403346  0.9921980500221252
2402835  0.9921971559524536
2403186  0.9921971559524536
2403001  0.992196798324585
2403161  0.9921953678131104
2402924  0.9921941757202148
2402821  0.9921938180923462
2402957  0.9921934604644775
2402738  0.9921934008598328
2402992  0.9921924471855164
2403089  0.9921912550926208
2402896  0.9921910166740417
2402933  0.9921910166740417
2402920  0.9921895265579224
2403088  0.9921884536743164
2402863  0.9921869039535522
2402832  0.9921866655349731
2403121  0.9921866655349731
2402767  0.9921861886978149
2403114  0.9921859502792358
2402910  0.9921852946281433
2402852  0.9921849370002747
2402822  0.9921844601631165
2402838  0.9921830296516418
2402991  0.9921826720237732
3000353  0.9921825528144836
2403129  0.9921824336051941
2402827  0.9921815395355225
2403066  0.9921815395355225
2403123  0.9921815395355225
2403115  0.9921814203262329
2403102  0.9921807050704956
2403086  0.992180585861206
3000039  0.992180347442627
2402846  0.9921801090240479
2402897  0.9921791553497314
3000160  0.9921789169311523
2402839  0.9921783208847046
2402734  0.9921780228614807
2402971  0.9921770691871643
2402768  0.9921769499778748
2402958  0.9921769499778748
2402761  0.9921768307685852
2403097  0.9921759963035583
3000136  0.9921758770942688
3000138  0.9921750426292419
2402850  0.9921748042106628
3000349  0.9921748042106628
2403255  0.9921746850013733
2403079  0.9921745657920837
2402731  0.9921740293502808
2402727  0.9921736717224121
2402927  0.9921736717224121
2403144  0.9921735525131226
2402849  0.9921725988388062
2403033  0.9921725988388062
2403082  0.9921722412109375
2402818  0.9921712875366211
2402742  0.9921709299087524
3000335  0.9921703934669495
2402824  0.9921702742576599
2402711  0.9921701550483704
2403153  0.9921701550483704
3000127  0.9921701550483704
3000182  0.9921699166297913
2403034  0.9921694397926331
3000347  0.9921689629554749
2402735  0.9921688437461853
3000152  0.9921683669090271
2403117  0.9921682476997375
2403106  0.9921678900718689
3000357  0.9921672940254211
2402817  0.9921666383743286
2403126  0.9921661615371704
3000325  0.9921656847000122
2402911  0.9921642541885376
2403194  0.9921640157699585
3000344  0.9921640157699585
2402737  0.9921635389328003
2403046  0.9921635389328003
2402848  0.9921632409095764
2403170  0.9921624064445496
2402890  0.992161214351654
2402959  0.9921603798866272
3000139  0.9921601414680481
2403048  0.9921588897705078
2402913  0.9921584129333496
2403351  0.9921584129333496
2403152  0.992158055305481
2403045  0.9921578168869019
2402914  0.9921575784683228
2402879  0.9921573400497437
3000331  0.992156982421875
2403060  0.9921566247940063
2403006  0.9921562671661377
2403078  0.9921550154685974
2403118  0.9921545386314392
3000154  0.9921545386314392
3000354  0.9921544194221497
2403205  0.9921537041664124
3000351  0.9921537041664124
2402872  0.992152988910675
2402747  0.9921519756317139
2402916  0.9921519756317139
2402726  0.9921505451202393
2403207  0.9921503067016602
2403166  0.9921501874923706
2402873  0.992150068283081
2402899  0.992150068283081
2403199  0.992149829864502
2403098  0.9921489953994751
2403211  0.9921486377716064
2402947  0.9921483993530273
2402932  0.9921479821205139
2403127  0.9921476244926453
3000303  0.9921475052833557
3000346  0.9921475052833557
2402982  0.9921470284461975
2402795  0.992146909236908
3000355  0.9921466708183289
2402816  0.9921442270278931
3000387  0.992143988609314
3000350  0.9921435117721558
3000339  0.9921430349349976
3000345  0.9921423196792603
2402866  0.9921422004699707
2403181  0.992141842842102
2403084  0.9921414852142334
3000277  0.9921411275863647
2402871  0.9921398758888245
2403145  0.9921397566795349
3000189  0.9921397566795349
3000162  0.992138683795929
3000116  0.9921385645866394
2402977  0.9921383261680603
2403168  0.9921383261680603
2402823  0.9921380877494812
2402904  0.9921378493309021
2402749  0.9921377301216125
3000341  0.9921367168426514
2402936  0.9921363592147827
2402867  0.9921358823776245
3000343  0.9921358823776245
3000161  0.9921352863311768
2402725  0.9921342134475708
3000219  0.9921338558197021
3000332  0.992132842540741
3000135  0.9921327233314514
3000278  0.9921326041221619
3000316  0.9921324849128723
3000338  0.9921323657035828
3000180  0.9921322464942932
2402895  0.9921312928199768
3000266  0.9921310544013977
2402746  0.9921309351921082
3000114  0.9921308159828186
2403015  0.99213045835495
3000128  0.9921301007270813
3000211  0.9921298623085022
3000342  0.9921298623085022
2402972  0.992128849029541
3000153  0.9921287298202515
2403077  0.9921280145645142
3000155  0.9921272993087769
2402748  0.9921268224716187
3000306  0.99212646484375
3000142  0.9921261072158813
3000265  0.9921244978904724
2403155  0.992123544216156
2403173  0.9921233057975769
2402930  0.9921220541000366
3000356  0.9921219348907471
2403076  0.9921218156814575
3000188  0.9921215772628784
2402946  0.9921214580535889
3000143  0.9921200275421143
2402865  0.9921187162399292
3000137  0.9921182990074158
3000348  0.9921181797981262
2402886  0.992117702960968
3000264  0.9921165108680725
3000334  0.9921159148216248
3000159  0.9921154379844666
3000321  0.9921149611473083
2402976  0.9921147227287292
2402893  0.9921140670776367
2402923  0.992113471031189
3000145  0.9921132326126099
3000285  0.9921122789382935
2402951  0.9921120405197144
2403190  0.992111086845398
3000115  0.992111086845398
3000144  0.992111086845398
3000333  0.992111086845398
2403172  0.9921072125434875
3000326  0.992107093334198
2402955  0.9921058416366577
3000340  0.9921054840087891
3000383  0.9921047687530518
2402874  0.9921038150787354
3000158  0.9921026825904846
2402952  0.9921025633811951
3000337  0.9921020865440369
3000313  0.9921017289161682
3000176  0.9921004176139832
2402954  0.992100179195404
3000187  0.9920997023582458
3000126  0.9920971393585205
3000307  0.9920966625213623
3000324  0.9920965433120728
2402915  0.9920963048934937
3000305  0.992095947265625
3000225  0.992095410823822
3000291  0.9920948147773743
3000385  0.9920943379402161
3000322  0.9920932650566101
3000141  0.9920931458473206
3000261  0.9920899868011475
3000179  0.9920892715454102
3000315  0.9920891523361206
3000173  0.992089033126831
3000280  0.9920880198478699
3000299  0.9920876622200012
3000240  0.9920869469642639
3000267  0.9920867085456848
2402921  0.9920864701271057
2403210  0.9920861124992371
3000213  0.9920846223831177
3000323  0.9920846223831177
3000220  0.992084264755249
3000262  0.9920815229415894
3000174  0.9920814037322998
3000175  0.9920814037322998
3000284  0.9920809864997864
3000275  0.9920807480812073
3000168  0.9920805096626282
3000157  0.9920799136161804
2402979  0.9920791983604431
3000256  0.9920790791511536
3000210  0.9920772910118103
3000281  0.992077112197876
3000121  0.9920763969421387
3000298  0.9920761585235596
3000140  0.9920759201049805
3000248  0.9920744895935059
3000169  0.9920742511749268
3000314  0.9920738935470581
3000392  0.9920737743377686
3000290  0.9920733571052551
3000276  0.9920714497566223
3000254  0.9920708537101746
3000177  0.9920702576637268
3000282  0.9920701384544373
3000283  0.9920701384544373
3000183  0.9920699000358582
3000125  0.9920673370361328
3000249  0.9920673370361328
3000279  0.9920663833618164
3000263  0.9920656085014343
3000302  0.9920639395713806
3000178  0.9920634627342224
3000207  0.9920628666877747
3000286  0.9920622110366821
3000206  0.9920620918273926
3000293  0.9920618534088135
2402894  0.9920608997344971
3000120  0.9920598268508911
3000224  0.9920597076416016
3000288  0.9920582175254822
3000186  0.9920579791069031
3000238  0.9920569062232971
3000122  0.9920561909675598
2402877  0.9920549392700195
3000117  0.9920547008514404
3000253  0.9920545816421509
3000295  0.992053747177124
3000212  0.9920530319213867
3000250  0.9920520782470703
2402980  0.9920518398284912
2403352  0.9920516014099121
3000287  0.9920507073402405
3000185  0.9920503497123718
3000124  0.9920487999916077
3000320  0.9920487999916077
3000229  0.9920478463172913
3000271  0.9920476078987122
3000292  0.9920473098754883
3000134  0.9920470714569092
3000237  0.9920470714569092
3000218  0.9920457601547241
3000200  0.9920454025268555
3000272  0.9920448064804077
3000190  0.9920444488525391
3000129  0.99204421043396
3000255  0.9920430779457092
3000170  0.9920429587364197
3000113  0.9920427203178406
3000215  0.992042601108551
3000156  0.9920414090156555
3000296  0.9920414090156555
3000171  0.9920393228530884
3000226  0.9920392036437988
3000166  0.9920388460159302
3000241  0.9920388460159302
3000257  0.9920387268066406
3000259  0.9920387268066406
3000184  0.9920381307601929
3000274  0.9920378923416138
3000289  0.9920375347137451
3000318  0.9920371770858765
3000208  0.9920359253883362
3000260  0.9920341372489929
3000301  0.9920338988304138
3000270  0.9920337796211243
3000209  0.9920335412025452
3000312  0.9920331835746765
3000216  0.992033064365387
3000130  0.9920320510864258
3000221  0.9920318126678467
3000167  0.9920316934585571
3000251  0.9920302629470825
3000172  0.9920299053192139
3000119  0.9920296669006348
3000239  0.9920287728309631
3000330  0.9920271039009094
3000214  0.9920260310173035
3000258  0.9920244216918945
3000297  0.9920239448547363
3000309  0.9920237064361572
3000300  0.9920234680175781
3000195  0.9920217394828796
3000123  0.9920195937156677
3000201  0.9920194745063782
3000294  0.9920133948326111
3000310  0.9920118451118469
3000327  0.9920111298561096
3000308  0.9920103549957275
3000252  0.9920096397399902
3000273  0.9920072555541992
3000133  0.9920071363449097
3000194  0.9920055270195007
3000193  0.9920048117637634
3000227  0.9920045733451843
3000199  0.9920016527175903
3000228  0.9920011758804321
3000269  0.9919992089271545
3000247  0.9919989705085754
3000230  0.9919987320899963
3000232  0.9919986128807068
3000202  0.9919973015785217
3000242  0.9919954538345337
3000132  0.991995096206665
3000319  0.9919925928115845
3000118  0.9919923543930054
3000390  0.9919907450675964
3000205  0.9919899106025696
3000196  0.9919878244400024
3000328  0.9919878244400024
3000192  0.9919872283935547
3000217  0.9919869899749756
3000268  0.9919863939285278
3000191  0.9919828772544861
3000243  0.991981029510498
3000311  0.9919806718826294
3000236  0.9919781684875488
3000223  0.9919737577438354
3000244  0.9919726848602295
3000203  0.9919692873954773
3000231  0.9919671416282654
3000233  0.99196457862854
3000329  0.9919624924659729
3000235  0.9919575452804565
3000234  0.9919535517692566
3000197  0.9919488430023193
3000222  0.9919420480728149
3000245  0.9919397234916687
3000198  0.991936206817627
3000246  0.9919298887252808
3000204  0.991927981376648
3000396  0.9918850660324097
3000112  0.9904829263687134
2402710  0.9897662997245789
2402196  0.9867022633552551
2401617  0.9819761514663696
2402262  0.9817277193069458
2402265  0.9815838932991028
2402261  0.9815691709518433
2402264  0.981562614440918
2402300  0.9815589785575867
2402688  0.9814077019691467
2402568  0.9813963770866394
2402332  0.9813961386680603
2402640  0.9813909530639648
2402687  0.9813641905784607
2402299  0.9813530445098877
2402334  0.981342613697052
2402675  0.9813241362571716
2402303  0.9813224077224731
2402599  0.9813065528869629
2402266  0.9812953472137451
2402246  0.9812943935394287
2402267  0.9812860488891602
2402678  0.981283962726593
2402663  0.9812770485877991
2402685  0.9812767505645752
2402664  0.981274425983429
2402242  0.9812730550765991
2402617  0.9812720417976379
2402284  0.9812706708908081
2402670  0.981269359588623
2402684  0.9812687039375305
2402567  0.9812667369842529
2402244  0.9812512397766113
2402271  0.9812466502189636
2402228  0.9812368750572205
2402702  0.9812366962432861
2402263  0.9812359809875488
2402402  0.9812352061271667
2402679  0.981234610080719
2402659  0.9812344908714294
2402629  0.9812296628952026
2402229  0.9812229871749878
2402295  0.9812214970588684
2402637  0.9812195897102356
2402674  0.9812074899673462
2402681  0.9812069535255432
2402392  0.981206476688385
2402652  0.9812061190605164
2402671  0.9812051057815552
2402660  0.9812043905258179
2402330  0.9812005162239075
2402274  0.9811924695968628
2402647  0.9811919331550598
2402598  0.9811906218528748
2402199  0.9811844229698181
2402254  0.9811829328536987
2402201  0.9811822772026062
2402527  0.9811722636222839
2402632  0.9811713695526123
2402658  0.9811632037162781
2402669  0.9811599850654602
2402611  0.9811586141586304
2402526  0.9811583757400513
2402651  0.9811532497406006
2402355  0.9811530113220215
2402241  0.981149435043335
2402582  0.9811490178108215
2402493  0.9811480641365051
2402581  0.981147825717926
2402496  0.981145977973938
2402495  0.9811413288116455
2402354  0.9811336398124695
2402270  0.9811301827430725
2402243  0.9811298251152039
2402620  0.9811232686042786
2402460  0.9811218976974487
2402645  0.9811215400695801
2402260  0.9811211228370667
2402497  0.9811202883720398
2402258  0.9811191558837891
2402318  0.9811097383499146
2402683  0.9811083674430847
2402692  0.9811045527458191
2402353  0.9811010360717773
2402298  0.9810999035835266
2402200  0.9810989499092102
2402635  0.9810981750488281
2402559  0.9810865521430969
2402490  0.9810853004455566
2402278  0.9810810685157776
2402320  0.9810808300971985
2402591  0.9810795783996582
2402484  0.9810782074928284
2402616  0.9810752272605896
2402594  0.9810746312141418
2402547  0.981073260307312
2402250  0.981071412563324
2402321  0.981071412563324
2402280  0.9810705184936523
2402641  0.9810693264007568
2402282  0.9810659289360046
2402489  0.9810659289360046
2402612  0.9810632467269897
2402530  0.981063187122345
2402571  0.9810617566108704
2402328  0.9810609817504883
2402512  0.9810606241226196
2402537  0.9810592532157898
2402636  0.9810584783554077
2402648  0.9810569882392883
2402317  0.9810565114021301
2402203  0.9810560345649719
2402605  0.9810551404953003
2402557  0.9810547828674316
2402613  0.9810547828674316
2402416  0.98105388879776
2402592  0.9810516834259033
2402259  0.9810509085655212
2402532  0.9810458421707153
2402535  0.9810335636138916
2402212  0.9810327291488647
2402413  0.9810307025909424
2402455  0.9810307025909424
2402538  0.9810290932655334
2402313  0.981028139591217
2402406  0.9810261130332947
2402213  0.9810224175453186
2402694  0.9810205698013306
2402481  0.9810201525688171
2402338  0.9810189604759216
2402471  0.9810173511505127
2402309  0.9810171723365784
2402395  0.9810171723365784
2402378  0.9810125827789307
2402563  0.9810081124305725
2402515  0.9810075163841248
2402390  0.9810055494308472
2402492  0.9810055494308472
2402457  0.9810054302215576
2402528  0.9810030460357666
2402356  0.9810024499893188
2402210  0.9810014367103577
2402703  0.9810009598731995
2402439  0.9810001850128174
2402319  0.9809994697570801
2402393  0.9809980988502502
2402531  0.9809975028038025
2402482  0.9809960126876831
2402529  0.980994462966919
2402542  0.9809891581535339
2402600  0.9809885621070862
2402219  0.980983316898346
2402396  0.9809830784797668
2402548  0.9809824824333191
2402555  0.9809823632240295
2402487  0.9809812307357788
2402472  0.9809775948524475
2402304  0.9809741377830505
2402407  0.9809710383415222
2402336  0.9809704422950745
2402209  0.9809695482254028
2402511  0.9809678196907043
2402384  0.980967104434967
2402506  0.9809670448303223
2402249  0.9809660911560059
2402546  0.9809646010398865
2402485  0.9809634685516357
2402473  0.9809633493423462
2402237  0.980962872505188
2402397  0.9809619784355164
2402218  0.9809595346450806
2402549  0.9809593558311462
2402553  0.9809548854827881
2402561  0.9809516668319702
2402349  0.9809498190879822
2402350  0.9809489846229553
2402216  0.9809474945068359
2402322  0.9809460043907166
2402486  0.980945348739624
2402385  0.9809433817863464
2402425  0.9809417724609375
2402539  0.9809392690658569
2402315  0.9809377789497375
2402316  0.9809371829032898
2402504  0.9809368252754211
2402545  0.9809361696243286
2402476  0.9809349179267883
2402401  0.9809345602989197
2402556  0.9809343218803406
2402461  0.9809335470199585
2402231  0.9809303283691406
2402198  0.9809287190437317
2402501  0.9809269905090332
2402458  0.9809268712997437
2402365  0.9809234142303467
2402217  0.980923056602478
2402386  0.980920672416687
2402374  0.9809184670448303
2402628  0.9809175729751587
2402488  0.9809160828590393
2402587  0.9809153079986572
2402308  0.9809103608131409
2402314  0.9809078574180603
2402507  0.9809062480926514
2402551  0.9809041619300842
2402234  0.9809035658836365
2402590  0.9809034466743469
2402483  0.980902910232544
2402560  0.9809000492095947
2402623  0.9808976054191589
2402586  0.9808974862098694
2402387  0.9808931350708008
2402585  0.9808930158615112
2402435  0.9808839559555054
2402236  0.9808835983276367
2402470  0.9808788299560547
2402624  0.9808779954910278
2402235  0.9808769822120667
2402438  0.9808758497238159
2402361  0.9808738827705383
2402399  0.9808728694915771
2402362  0.9808710217475891
2402445  0.9808701872825623
2402276  0.9808650612831116
2402442  0.9808610081672668
2402479  0.9808556437492371
2402363  0.9808539152145386
2402379  0.9808509349822998
2402380  0.9808508157730103
2402706  0.9808424711227417
2402500  0.9808337092399597
2402464  0.9808329343795776
2402205  0.9808304309844971
2402368  0.9808295965194702
2402383  0.9808282256126404
2402400  0.980803370475769
2402499  0.9808022975921631
2402360  0.9807989597320557
2402454  0.9807989597320557
2402465  0.9807937145233154
2402625  0.9807923436164856
2402444  0.9807884097099304
2402412  0.9807852506637573
2402462  0.980776846408844
2402381  0.9807737469673157
2402588  0.9807726144790649
2402446  0.9807604551315308
2402450  0.9807531237602234
2402602  0.9807517528533936
2402449  0.9807253479957581
2402369  0.9807230830192566
2402409  0.9806835055351257
2402373  0.9806697964668274
2402466  0.9806662201881409
2402382  0.9806528091430664
2402469  0.9806503057479858
2402707  0.9805787205696106
2403355  0.9696431756019592
2403471  0.9613625407218933
2403475  0.9610803127288818
2403522  0.9609761834144592
2403462  0.9607828855514526
2403474  0.9606733322143555
3000104  0.9604905843734741
3000049  0.9604200124740601
3000105  0.960412859916687
2403575  0.9603397250175476
3000081  0.9603205919265747
2403526  0.9602881669998169
2403576  0.9602732062339783
2403472  0.9602264165878296
2403478  0.9602260589599609
3000091  0.9601873755455017
3000097  0.9601471424102783
2403479  0.9601213335990906
2403449  0.9601133465766907
2403447  0.960097074508667
2403521  0.9600458741188049
3000048  0.9600370526313782
3000062  0.9600307941436768
2403517  0.9600202441215515
3000094  0.9600141048431396
3000098  0.960013747215271
3000070  0.9600133299827576
3000099  0.960005521774292
3000103  0.9600021243095398
3000102  0.9599878191947937
2403397  0.9599726796150208
2403484  0.9599695205688477
3000089  0.959952712059021
2403437  0.9599393010139465
3000092  0.9599338173866272
2403574  0.9599247574806213
3000080  0.9599221348762512
3000061  0.9599215984344482
2403395  0.9599045515060425
3000096  0.9599040150642395
2403515  0.95988929271698
3000108  0.9598585367202759
2403485  0.9598565697669983
3000087  0.9598541855812073
2703787  0.9598212242126465
2403586  0.9598128795623779
3000090  0.9598114490509033
3000100  0.9598042964935303
3000095  0.9597968459129333
3000077  0.9597828984260559
2403366  0.9597638845443726
2403711  0.9597623348236084
2403719  0.9597611427307129
2403370  0.9597527980804443
2403454  0.9597448110580444
3000101  0.9597402811050415
2403428  0.9597388505935669
2703788  0.9597384333610535
2403518  0.9597363471984863
3000088  0.9597345590591431
2403458  0.9597311615943909
3000093  0.9597264528274536
3000076  0.9597079753875732
3000051  0.9596934914588928
2403369  0.9596898555755615
3000078  0.9596775770187378
3000084  0.9596668481826782
2403446  0.9596625566482544
2803844  0.9596624374389648
2403460  0.9596620798110962
2403483  0.9596578478813171
3000066  0.9596455097198486
2403590  0.959632158279419
3000069  0.9596254229545593
3000086  0.9596139192581177
2803843  0.9596061110496521
2703761  0.9596006274223328
2703790  0.9595940709114075
3000082  0.9595919847488403
3000071  0.9595895409584045
3000083  0.959588348865509
2403514  0.959580659866333
3000085  0.9595573544502258
3000067  0.9595460891723633
3000106  0.9595388174057007
2403505  0.9594986438751221
3000052  0.9594978094100952
2600053  0.9594956040382385
2403547  0.9594833254814148
3000079  0.9594787955284119
2803856  0.9594774842262268
2403380  0.9594736695289612
2500047  0.9594720005989075
2403496  0.9594597220420837
3000372  0.9594494104385376
3000060  0.9594444632530212
3000058  0.9594408273696899
2600041  0.9594407081604004
2403393  0.9594324827194214
2803841  0.9594305157661438
3000059  0.9594284296035767
2403584  0.9594274163246155
2403553  0.9594162702560425
2500254  0.9594091176986694
2403371  0.9594002366065979
2500182  0.959396481513977
2803840  0.9593956470489502
3000109  0.9593950510025024
2403552  0.9593942761421204
3000050  0.9593918919563293
2803858  0.9593883752822876
2803879  0.9593866467475891
3000044  0.9593857526779175
2403551  0.9593847393989563
2403573  0.9593803882598877
2803848  0.9593796133995056
3000107  0.9593742489814758
2500237  0.9593529105186462
2500114  0.9593486785888672
2403459  0.9593355059623718
2403453  0.9593338370323181
2500178  0.9593331813812256
2803849  0.9593161940574646
2500231  0.959314227104187
2403555  0.9593124389648438
3000068  0.959304690361023
2803845  0.959298849105835
2403579  0.9592944383621216
3000047  0.9592840671539307
2803855  0.9592839479446411
2500220  0.959281861782074
2600054  0.9592794179916382
2403712  0.9592715501785278
2403713  0.9592680335044861
2500113  0.9592669010162354
2500177  0.959260106086731
2803839  0.9592591524124146
2403539  0.9592527747154236
2403546  0.9592500329017639
2500251  0.9592486023902893
2803846  0.9592429995536804
3000063  0.9592389464378357
2403665  0.9592385292053223
2403450  0.9592304825782776
2403377  0.9592172503471375
2803859  0.9592025279998779
2403698  0.959200918674469
2403388  0.9591954946517944
2803873  0.9591938853263855
2403543  0.9591929912567139
2403707  0.9591884016990662
2500134  0.9591884016990662
2403593  0.9591867327690125
2403530  0.9591859579086304
2903757  0.9591838121414185
2403710  0.9591822624206543
2403580  0.9591805934906006
2403714  0.959171712398529
3000370  0.9591701626777649
2403581  0.9591622948646545
2403398  0.9591607451438904
2403419  0.9591506719589233
2403392  0.9591420292854309
2803867  0.9591410160064697
2403583  0.9591381549835205
2500057  0.9591363072395325
2403389  0.9591355323791504
2903722  0.9591349959373474
2403376  0.959122359752655
2903754  0.9591194987297058
2500267  0.9591188430786133
2403540  0.9591151475906372
2403715  0.9591143727302551
2500232  0.9591107368469238
2803860  0.9591107368469238
2803835  0.9591087698936462
2403709  0.9591010808944702
3000065  0.9591006636619568
2500252  0.9590944051742554
2803836  0.9590924382209778
2803834  0.9590917825698853
2600040  0.9590838551521301
2403528  0.95908123254776
2500265  0.9590722322463989
2403718  0.9590721726417542
2500264  0.959070086479187
3000053  0.9590527415275574
3000045  0.9590418934822083
2500198  0.959038257598877
2500129  0.9590343236923218
2803861  0.9590223431587219
3000371  0.9590193033218384
2403391  0.9590110778808594
2403527  0.9590100646018982
2403644  0.9590072631835938
2903755  0.9590072631835938
3000075  0.9590038657188416
2403487  0.9589877128601074
2500180  0.9589856266975403
2403365  0.958977222442627
3000046  0.9589746594429016
2803838  0.9589611887931824
2403708  0.9589610695838928
2403649  0.9589539766311646
3000072  0.9589506983757019
2500218  0.9589468240737915
2500132  0.9589457511901855
3000055  0.9589377641677856
2500234  0.9589269757270813
2500233  0.9589119553565979
3000073  0.9589111804962158
2403542  0.9589105248451233
2403716  0.9588698744773865
2500136  0.9588624238967896
2403411  0.9588562846183777
3000057  0.958855390548706
2403600  0.9588524699211121
2403628  0.9588508009910583
3000110  0.9588508009910583
2403667  0.958850622177124
2500131  0.9588412642478943
3000054  0.9588348269462585
2403597  0.95882648229599
2500154  0.9588236212730408
2403403  0.9588139057159424
2403402  0.9588102698326111
2803828  0.9587854743003845
2403374  0.958757221698761
2500175  0.9587493538856506
2803825  0.9587458372116089
2403594  0.9587329030036926
2403645  0.9587234854698181
2500203  0.9586976170539856
2403666  0.95867919921875
2500201  0.9586656093597412
2500200  0.9586499333381653
2403684  0.9586495161056519
2403668  0.9586353898048401
2500091  0.9586187601089478
2500152  0.9586156606674194
3000064  0.9586004614830017
2403717  0.9585928916931152
3000056  0.9585770964622498
3000074  0.9585596919059753
2500159  0.9584868550300598
2500155  0.9584791660308838
2500068  0.9584231376647949
2403646  0.9584131836891174
2500157  0.958405077457428
2500205  0.9583288431167603
2500217  0.9582887887954712
2403647  0.9582810997962952
2403670  0.9582149982452393
3000111  0.9579916596412659
2401193  0.9576928615570068
2401164  0.9576898813247681
2401156  0.9576422572135925
2401166  0.9575504064559937
2401160  0.957524299621582
2401162  0.9573635458946228
2401593  0.9573603868484497
2401192  0.9573573470115662
2401220  0.9572921991348267
2401167  0.9572288393974304
2401583  0.9572062492370605
2401586  0.9571936726570129
2401594  0.9571917057037354
2401222  0.95713210105896
2401104  0.9571114182472229
2401170  0.9570947289466858
2401189  0.9570903778076172
2401595  0.95708829164505
2401139  0.9570345878601074
2401581  0.9570317268371582
2401559  0.9570208191871643
2401577  0.9570164680480957
2401175  0.9570016860961914
2401548  0.9569947123527527
2401488  0.9569944143295288
2401137  0.9569674134254456
2401571  0.9569617509841919
2401561  0.9569578170776367
2401196  0.9569521546363831
2401107  0.9569428563117981
2401560  0.956939697265625
2401563  0.9569340348243713
2401492  0.9569330215454102
2401190  0.9569310545921326
2401414  0.9569268226623535
2401512  0.956926167011261
2401219  0.956925630569458
2401147  0.9569244980812073
2401572  0.9569035768508911
2401136  0.9569005966186523
2401596  0.9568989872932434
2401493  0.9568896889686584
2401587  0.9568856358528137
2401545  0.956885576248169
2401521  0.9568594694137573
2401174  0.9568578004837036
2401567  0.9568541049957275
2401592  0.9568509459495544
2401153  0.9568508267402649
2401573  0.9568482041358948
2401582  0.9568442106246948
2401387  0.9568372964859009
2401296  0.9568350315093994
2401590  0.9568303227424622
2401576  0.9568299055099487
2401566  0.9568251967430115
2401531  0.9568249583244324
2401580  0.9568204879760742
2401243  0.9568046927452087
2401195  0.9568041563034058
2401080  0.9568028450012207
2401385  0.9567931890487671
2401412  0.9567857980728149
2401599  0.9567838311195374
2401597  0.9567831754684448
2401565  0.9567817449569702
2401515  0.9567767381668091
2401241  0.9567635655403137
2401497  0.9567611217498779
2401386  0.9567609429359436
2401601  0.9567603468894958
2401509  0.9567563533782959
2401142  0.9567550420761108
2401562  0.9567537307739258
2401299  0.9567385315895081
2401213  0.9567376971244812
2401530  0.9567339420318604
2401201  0.9567292928695679
2401589  0.9567270874977112
2401187  0.9567193388938904
2401564  0.9567133188247681
2401279  0.9567068815231323
2401126  0.9567064642906189
2401534  0.9567064642906189
2401143  0.9567050337791443
2401445  0.956696629524231
2401277  0.9566965103149414
2401078  0.9566922783851624
2401494  0.9566875696182251
2401151  0.9566853046417236
2401209  0.9566788673400879
2401511  0.9566776752471924
2401452  0.9566637277603149
2401244  0.9566633701324463
2401191  0.9566614031791687
2401152  0.9566611051559448
2401188  0.9566486477851868
2401467  0.9566466808319092
2401520  0.9566463232040405
2401144  0.9566431641578674
2401211  0.9566418528556824
2401447  0.9566357731819153
2401276  0.9566339254379272
2401552  0.9566330313682556
2401411  0.9566264152526855
2401081  0.9566259384155273
2401176  0.9566159248352051
2401451  0.9566063284873962
2401224  0.956599235534668
2401379  0.9565991163253784
2401456  0.9565966129302979
2401462  0.9565959572792053
2401378  0.9565934538841248
2401486  0.9565912485122681
2401550  0.9565796852111816
2401457  0.9565775394439697
2401518  0.9565597176551819
2401281  0.9565564393997192
2401199  0.9565514326095581
2401295  0.9565414190292358
2401347  0.9565348625183105
2401206  0.956534206867218
2401092  0.9565292000770569
2401210  0.9565289616584778
2401481  0.9565243721008301
2401304  0.9565234184265137
2401390  0.9565213322639465
2401246  0.9565160274505615
2401182  0.9565156698226929
2401434  0.9565129280090332
2401303  0.9565114974975586
2401085  0.956508457660675
2401524  0.9565078020095825
2401337  0.9565026760101318
2401466  0.9565020203590393
2401177  0.9564963579177856
2401223  0.9564904570579529
2401506  0.956481397151947
2401103  0.9564794898033142
2401368  0.9564793705940247
2401463  0.9564791321754456
2401076  0.956477165222168
2401116  0.956474781036377
2401215  0.9564746618270874
2401460  0.9564717411994934
2401510  0.9564650654792786
2401483  0.956463634967804
2401262  0.9564545750617981
2401528  0.9564535021781921
2401226  0.9564527273178101
2401448  0.9564500451087952
2401372  0.9564415216445923
2401089  0.9564348459243774
2401272  0.9564347267150879
2401349  0.9564341902732849
2401409  0.9564323425292969
2401088  0.9564269781112671
2401351  0.9564228653907776
2401339  0.9564215540885925
2401205  0.9564160108566284
2401280  0.9564160108566284
2401478  0.9564105272293091
2401369  0.9564102292060852
2401082  0.9564098715782166
2401380  0.9564059376716614
2401544  0.9564054012298584
2401364  0.9564001560211182
2401204  0.9563975930213928
2401498  0.9563918709754944
2401108  0.9563881754875183
2401334  0.9563875198364258
2401336  0.9563853740692139
2401404  0.9563852548599243
2401086  0.95638108253479
2401305  0.9563795924186707
2401403  0.9563736915588379
2401377  0.9563733339309692
2401230  0.9563714861869812
2401375  0.9563713073730469
2401482  0.9563674926757812
2401504  0.9563571214675903
2401535  0.9563547968864441
2401407  0.9563547372817993
2401365  0.9563509821891785
2401214  0.9563451409339905
2401475  0.9563446044921875
2401474  0.9563420414924622
2401408  0.9563387036323547
2401350  0.9563376903533936
2401285  0.9563325643539429
2401335  0.9563267230987549
2401402  0.9563239812850952
2401090  0.9563201665878296
2401471  0.95632004737854
2401271  0.9563165307044983
2401458  0.9563116431236267
2401261  0.9563080668449402
2401197  0.9562972784042358
2401270  0.9562967419624329
2401111  0.9562965035438538
2401112  0.9562920331954956
2401374  0.956288754940033
2401391  0.9562879800796509
2401268  0.9562769532203674
2401275  0.9562721848487854
2401083  0.9562678337097168
2401500  0.9562545418739319
2401323  0.95624840259552
2401202  0.9562451243400574
2401251  0.9562369585037231
2401341  0.9562358856201172
2401324  0.9562177658081055
2401250  0.9562116861343384
2401084  0.9562114477157593
2401472  0.9562113881111145
2401113  0.9562110304832458
2401255  0.9562103748321533
2401322  0.9562094807624817
2401354  0.9562060236930847
2401400  0.9562004804611206
2401325  0.9561958909034729
2401258  0.9561923742294312
2401252  0.9561817049980164
2401286  0.9561805129051208
2401327  0.9561609029769897
2401263  0.9561548233032227
2401485  0.9561545848846436
2401249  0.956138014793396
2401294  0.9561344981193542
2401326  0.9561106562614441
2401340  0.9561071991920471
2401300  0.9560883045196533
2401342  0.9560873508453369
2401537  0.9560710191726685
2401346  0.956061065196991
2401248  0.9560609459877014
2401329  0.9560552835464478
2401519  0.9560501575469971
2401331  0.9560354948043823
2401542  0.956025242805481
2401505  0.9560031294822693
2401332  0.9559674859046936
2401301  0.9559558033943176
2401330  0.9559244513511658
2401302  0.9559232592582703
2401615  0.9559206366539001
2401267  0.9559033513069153
2401256  0.9558284878730774
2401345  0.955817699432373
2401257  0.9558175206184387
2401344  0.9558034539222717
2401616  0.9557666182518005
2401265  0.9557605385780334
2401075  0.6493695378303528
1000040  0.24216334521770477
1000045  0.24216334521770477
1000048  0.24216334521770477
1000051  0.24216334521770477
1000054  0.24216334521770477
1000057  0.24216334521770477
1000060  0.24216334521770477
1000063  0.24216334521770477
1000066  0.24216334521770477
1000069  0.24216334521770477
1000072  0.24216334521770477
1000075  0.24216334521770477
1000078  0.24216334521770477
1000081  0.24216334521770477
1000084  0.24216334521770477
1000090  0.24216334521770477
1000108  0.24216334521770477
1000109  0.24216334521770477
1000120  0.24216334521770477
1000121  0.24216334521770477
1000122  0.24216334521770477
1000123  0.24216334521770477
1000124  0.24216334521770477
1000126  0.24216334521770477
1000127  0.24216334521770477
1000128  0.24216334521770477
1000132  0.24216334521770477
1000133  0.24216334521770477
1000134  0.24216334521770477
1000135  0.24216334521770477
1000139  0.24216334521770477
1000140  0.24216334521770477
1000141  0.24216334521770477
1000145  0.24216334521770477
1000146  0.24216334521770477
1000149  0.24216334521770477
1000172  0.24216334521770477
1000173  0.24216334521770477
1000174  0.24216334521770477
1000176  0.24216334521770477
1000177  0.24216334521770477
1000181  0.24216334521770477
1000182  0.24216334521770477
1000183  0.24216334521770477
1000184  0.24216334521770477
1000185  0.24216334521770477
1000187  0.24216334521770477
1000189  0.24216334521770477
1000190  0.24216334521770477
1000192  0.24216334521770477
1000193  0.24216334521770477
1000194  0.24216334521770477
1000195  0.24216334521770477
1000198  0.24216334521770477
1000199  0.24216334521770477
1000200  0.24216334521770477
1000202  0.24216334521770477
1000203  0.24216334521770477
1000206  0.24216334521770477
1000232  0.24216334521770477
1000233  0.24216334521770477
1000271  0.24216334521770477
1000272  0.24216334521770477
1000273  0.24216334521770477
1000274  0.24216334521770477
1000275  0.24216334521770477
1000276  0.24216334521770477
1000281  0.24216334521770477
1000282  0.24216334521770477
1000283  0.24216334521770477
1000284  0.24216334521770477
1000287  0.24216334521770477
1000288  0.24216334521770477
1000289  0.24216334521770477
1000290  0.24216334521770477
1000292  0.24216334521770477
1000293  0.24216334521770477
1000295  0.24216334521770477
1000296  0.24216334521770477
1000298  0.24216334521770477
1000299  0.24216334521770477
1000300  0.24216334521770477
1000301  0.24216334521770477
1000302  0.24216334521770477
1000303  0.24216334521770477
1000306  0.24216334521770477
1000309  0.24216334521770477
1000310  0.24216334521770477
1000313  0.24216334521770477
1000314  0.24216334521770477
1000315  0.24216334521770477
1000316  0.24216334521770477
1000317  0.24216334521770477
1000318  0.24216334521770477
1000320  0.24216334521770477
1000322  0.24216334521770477
1000324  0.24216334521770477
1000325  0.24216334521770477
1000328  0.24216334521770477
1000329  0.24216334521770477
1000330  0.24216334521770477
1000332  0.24216334521770477
1000333  0.24216334521770477
1000335  0.24216334521770477
1000356  0.24216334521770477
1000357  0.24216334521770477
1000369  0.24216334521770477
1000370  0.24216334521770477
1000384  0.24216334521770477
1000385  0.24216334521770477
1000396  0.24216334521770477
1000397  0.24216334521770477
1000411  0.24216334521770477
1000412  0.24216334521770477
1000435  0.24216334521770477
1000436  0.24216334521770477
1000439  0.24216334521770477
1000450  0.24216334521770477
1000466  0.24216334521770477
1000467  0.24216334521770477
1000481  0.24216334521770477
1000495  0.24216334521770477
1000510  0.24216334521770477
1000511  0.24216334521770477
1000513  0.24216334521770477
1000514  0.24216334521770477
1000517  0.24216334521770477
1000518  0.24216334521770477
1000520  0.24216334521770477
1000521  0.24216334521770477
1000522  0.24216334521770477
1000524  0.24216334521770477
1000525  0.24216334521770477
1000527  0.24216334521770477
1000544  0.24216334521770477
1000563  0.24216334521770477
1000582  0.24216334521770477
1000597  0.24216334521770477
1000598  0.24216334521770477
1000599  0.24216334521770477
1000614  0.24216334521770477
1000615  0.24216334521770477
1000617  0.24216334521770477
1000618  0.24216334521770477
1000620  0.24216334521770477
1000634  0.24216334521770477
1000648  0.24216334521770477
1000663  0.24216334521770477
1000664  0.24216334521770477
1000666  0.24216334521770477
1000667  0.24216334521770477
1000670  0.24216334521770477
1000684  0.24216334521770477
1000685  0.24216334521770477
1000688  0.24216334521770477
1000690  0.24216334521770477
1000693  0.24216334521770477
1000713  0.24216334521770477
1000715  0.24216334521770477
1000716  0.24216334521770477
1000717  0.24216334521770477
1000718  0.24216334521770477
1000719  0.24216334521770477
1000720  0.24216334521770477
1000723  0.24216334521770477
1000737  0.24216334521770477
1000738  0.24216334521770477
1000741  0.24216334521770477
1000743  0.24216334521770477
1000746  0.24216334521770477
1000757  0.24216334521770477
1000768  0.24216334521770477
1000779  0.24216334521770477
1000790  0.24216334521770477
1000801  0.24216334521770477
1000812  0.24216334521770477
1000825  0.24216334521770477
1000839  0.24216334521770477
1000853  0.24216334521770477
1000867  0.24216334521770477
1000868  0.24216334521770477
1000870  0.24216334521770477
1000884  0.24216334521770477
1000898  0.24216334521770477
1000912  0.24216334521770477
1000913  0.24216334521770477
1000915  0.24216334521770477
1000917  0.24216334521770477
1000919  0.24216334521770477
1000932  0.24216334521770477
1000944  0.24216334521770477
1000959  0.24216334521770477
1000960  0.24216334521770477
1000962  0.24216334521770477
1000976  0.24216334521770477
1000977  0.24216334521770477
1000980  0.24216334521770477
1000995  0.24216334521770477
1000996  0.24216334521770477
1000997  0.24216334521770477
1001000  0.24216334521770477
1001015  0.24216334521770477
1001027  0.24216334521770477
1001039  0.24216334521770477
1001040  0.24216334521770477
1001054  0.24216334521770477
1001055  0.24216334521770477
1001057  0.24216334521770477
1001070  0.24216334521770477
1001083  0.24216334521770477
1001097  0.24216334521770477
1001098  0.24216334521770477
1001100  0.24216334521770477
1001101  0.24216334521770477
1001104  0.24216334521770477
1001105  0.24216334521770477
1001106  0.24216334521770477
1001107  0.24216334521770477
1001108  0.24216334521770477
1001110  0.24216334521770477
1001111  0.24216334521770477
1001113  0.24216334521770477
1001128  0.24216334521770477
1001129  0.24216334521770477
1001130  0.24216334521770477
1001131  0.24216334521770477
1001132  0.24216334521770477
1001134  0.24216334521770477
1001136  0.24216334521770477
1001141  0.24216334521770477
1100041  0.24216334521770477
1100042  0.24216334521770477
1100050  0.24216334521770477
1100051  0.24216334521770477
1200044  0.24216334521770477
1200045  0.24216334521770477
1200046  0.24216334521770477
1200047  0.24216334521770477
1200051  0.24216334521770477
1200057  0.24216334521770477
1200063  0.24216334521770477
1300037  0.24216334521770477
1300038  0.24216334521770477
1300047  0.24216334521770477
1300048  0.24216334521770477
1400033  0.24216334521770477
1400051  0.24216334521770477
1400052  0.24216334521770477
1400053  0.24216334521770477
1400059  0.24216334521770477
1500042  0.24216334521770477
1500043  0.24216334521770477
1500053  0.24216334521770477
1500054  0.24216334521770477
1600037  0.24216334521770477
1600038  0.24216334521770477
1600048  0.24216334521770477
1600049  0.24216334521770477
1600050  0.24216334521770477
1700045  0.24216334521770477
1700046  0.24216334521770477
1700047  0.24216334521770477
1700048  0.24216334521770477
1700060  0.24216334521770477
1700061  0.24216334521770477
1700062  0.24216334521770477
1700063  0.24216334521770477
1700069  0.24216334521770477
1700070  0.24216334521770477
1700074  0.24216334521770477
1700080  0.24216334521770477
1700086  0.24216334521770477
1800043  0.24216334521770477
1800044  0.24216334521770477
1800045  0.24216334521770477
1800046  0.24216334521770477
1800056  0.24216334521770477
1800057  0.24216334521770477
1800058  0.24216334521770477
1800059  0.24216334521770477
1800063  0.24216334521770477
1800069  0.24216334521770477
1800075  0.24216334521770477
1900037  0.24216334521770477
1900042  0.24216334521770477
1900045  0.24216334521770477
1900048  0.24216334521770477
1900051  0.24216334521770477
1900054  0.24216334521770477
1900057  0.24216334521770477
1900060  0.24216334521770477
1900063  0.24216334521770477
1900066  0.24216334521770477
1900069  0.24216334521770477
1900072  0.24216334521770477
1900075  0.24216334521770477
1900078  0.24216334521770477
1900081  0.24216334521770477
1900102  0.24216334521770477
1900103  0.24216334521770477
1900124  0.24216334521770477
1900125  0.24216334521770477
1900144  0.24216334521770477
1900145  0.24216334521770477
1900180  0.24216334521770477
1900181  0.24216334521770477
1900182  0.24216334521770477
1900183  0.24216334521770477
1900184  0.24216334521770477
1900185  0.24216334521770477
1900189  0.24216334521770477
1900190  0.24216334521770477
1900191  0.24216334521770477
1900192  0.24216334521770477
1900195  0.24216334521770477
1900196  0.24216334521770477
1900197  0.24216334521770477
1900198  0.24216334521770477
1900200  0.24216334521770477
1900201  0.24216334521770477
1900203  0.24216334521770477
1900204  0.24216334521770477
1900206  0.24216334521770477
1900207  0.24216334521770477
1900208  0.24216334521770477
1900209  0.24216334521770477
1900210  0.24216334521770477
1900212  0.24216334521770477
1900215  0.24216334521770477
1900218  0.24216334521770477
1900219  0.24216334521770477
1900220  0.24216334521770477
1900221  0.24216334521770477
1900222  0.24216334521770477
1900223  0.24216334521770477
1900224  0.24216334521770477
1900225  0.24216334521770477
1900227  0.24216334521770477
1900229  0.24216334521770477
1900231  0.24216334521770477
1900232  0.24216334521770477
1900235  0.24216334521770477
1900236  0.24216334521770477
1900237  0.24216334521770477
1900239  0.24216334521770477
1900240  0.24216334521770477
1900243  0.24216334521770477
1900251  0.24216334521770477
1900252  0.24216334521770477
1900261  0.24216334521770477
1900262  0.24216334521770477
1900263  0.24216334521770477
1900266  0.24216334521770477
1900267  0.24216334521770477
1900269  0.24216334521770477
1900272  0.24216334521770477
1900273  0.24216334521770477
1900276  0.24216334521770477
1900277  0.24216334521770477
1900278  0.24216334521770477
1900279  0.24216334521770477
1900283  0.24216334521770477
1900284  0.24216334521770477
1900285  0.24216334521770477
1900287  0.24216334521770477
1900288  0.24216334521770477
1900289  0.24216334521770477
1900297  0.24216334521770477
1900298  0.24216334521770477
1900300  0.24216334521770477
1900302  0.24216334521770477
1900312  0.24216334521770477
1900313  0.24216334521770477
1900314  0.24216334521770477
1900324  0.24216334521770477
1900338  0.24216334521770477
1900339  0.24216334521770477
1900341  0.24216334521770477
1900344  0.24216334521770477
1900345  0.24216334521770477
1900348  0.24216334521770477
1900358  0.24216334521770477
1900366  0.24216334521770477
1900374  0.24216334521770477
1900383  0.24216334521770477
1900393  0.24216334521770477
1900403  0.24216334521770477
1900411  0.24216334521770477
1900412  0.24216334521770477
1900414  0.24216334521770477
1900422  0.24216334521770477
1900436  0.24216334521770477
1900445  0.24216334521770477
1900459  0.24216334521770477
1900468  0.24216334521770477
1900482  0.24216334521770477
1900483  0.24216334521770477
1900486  0.24216334521770477
1900487  0.24216334521770477
1900489  0.24216334521770477
1900490  0.24216334521770477
1900494  0.24216334521770477
1900495  0.24216334521770477
1900497  0.24216334521770477
1900498  0.24216334521770477
1900499  0.24216334521770477
1900507  0.24216334521770477
1900509  0.24216334521770477
1900511  0.24216334521770477
1900514  0.24216334521770477
1900515  0.24216334521770477
1900518  0.24216334521770477
1900519  0.24216334521770477
1900520  0.24216334521770477
1900523  0.24216334521770477
1900539  0.24216334521770477
1900540  0.24216334521770477
1900542  0.24216334521770477
1900543  0.24216334521770477
1900547  0.24216334521770477
1900548  0.24216334521770477
1900549  0.24216334521770477
1900560  0.24216334521770477
1900574  0.24216334521770477
1900575  0.24216334521770477
1900577  0.24216334521770477
1900578  0.24216334521770477
1900581  0.24216334521770477
1900590  0.24216334521770477
1900602  0.24216334521770477
1900617  0.24216334521770477
1900618  0.24216334521770477
1900621  0.24216334521770477
1900622  0.24216334521770477
1900625  0.24216334521770477
1900626  0.24216334521770477
1900628  0.24216334521770477
1900629  0.24216334521770477
1900631  0.24216334521770477
1900634  0.24216334521770477
1900635  0.24216334521770477
1900638  0.24216334521770477
1900639  0.24216334521770477
1900640  0.24216334521770477
1900641  0.24216334521770477
1900655  0.24216334521770477
1900656  0.24216334521770477
1900657  0.24216334521770477
1900658  0.24216334521770477
1900659  0.24216334521770477
1900661  0.24216334521770477
1900663  0.24216334521770477
1900668  0.24216334521770477
2000037  0.24216334521770477
2000038  0.24216334521770477
2000052  0.24216334521770477
2000053  0.24216334521770477
2000054  0.24216334521770477
2000056  0.24216334521770477
2000070  0.24216334521770477
2000102  0.24216334521770477
2000133  0.24216334521770477
2000160  0.24216334521770477
2000189  0.24216334521770477
2000207  0.24216334521770477
2000219  0.24216334521770477
2000253  0.24216334521770477
2000254  0.24216334521770477
2000255  0.24216334521770477
2000257  0.24216334521770477
2000259  0.24216334521770477
2000262  0.24216334521770477
2000265  0.24216334521770477
2000266  0.24216334521770477
2000267  0.24216334521770477
2000268  0.24216334521770477
2000269  0.24216334521770477
2000270  0.24216334521770477
2000272  0.24216334521770477
2000274  0.24216334521770477
2000276  0.24216334521770477
2000277  0.24216334521770477
2000278  0.24216334521770477
2000280  0.24216334521770477
2000282  0.24216334521770477
2000284  0.24216334521770477
2000285  0.24216334521770477
2000286  0.24216334521770477
2000289  0.24216334521770477
2000290  0.24216334521770477
2000291  0.24216334521770477
2000292  0.24216334521770477
2000293  0.24216334521770477
2000294  0.24216334521770477
2000297  0.24216334521770477
2000299  0.24216334521770477
2000302  0.24216334521770477
2000303  0.24216334521770477
2000306  0.24216334521770477
2000331  0.24216334521770477
2000332  0.24216334521770477
2000334  0.24216334521770477
2000335  0.24216334521770477
2000339  0.24216334521770477
2000340  0.24216334521770477
2000341  0.24216334521770477
2000342  0.24216334521770477
2000343  0.24216334521770477
2000351  0.24216334521770477
2000352  0.24216334521770477
2000353  0.24216334521770477
2000354  0.24216334521770477
2000357  0.24216334521770477
2000358  0.24216334521770477
2000361  0.24216334521770477
2000394  0.24216334521770477
2000395  0.24216334521770477
2000396  0.24216334521770477
2000397  0.24216334521770477
2000398  0.24216334521770477
2000401  0.24216334521770477
2000408  0.24216334521770477
2000409  0.24216334521770477
2000411  0.24216334521770477
2000412  0.24216334521770477
2000415  0.24216334521770477
2000416  0.24216334521770477
2000418  0.24216334521770477
2000419  0.24216334521770477
2000420  0.24216334521770477
2000422  0.24216334521770477
2000423  0.24216334521770477
2000428  0.24216334521770477
2000434  0.24216334521770477
2000435  0.24216334521770477
2000438  0.24216334521770477
2000439  0.24216334521770477
2000441  0.24216334521770477
2000444  0.24216334521770477
2000447  0.24216334521770477
2000448  0.24216334521770477
2000474  0.24216334521770477
2000475  0.24216334521770477
2000477  0.24216334521770477
2000478  0.24216334521770477
2000479  0.24216334521770477
2000482  0.24216334521770477
2000508  0.24216334521770477
2000509  0.24216334521770477
2000511  0.24216334521770477
2000512  0.24216334521770477
2000513  0.24216334521770477
2000516  0.24216334521770477
2000530  0.24216334521770477
2000531  0.24216334521770477
2000532  0.24216334521770477
2000534  0.24216334521770477
2000549  0.24216334521770477
2000551  0.24216334521770477
2000553  0.24216334521770477
2000554  0.24216334521770477
2000556  0.24216334521770477
2000557  0.24216334521770477
2000559  0.24216334521770477
2000561  0.24216334521770477
2000563  0.24216334521770477
2000564  0.24216334521770477
2000566  0.24216334521770477
2000571  0.24216334521770477
2000573  0.24216334521770477
2000578  0.24216334521770477
2000579  0.24216334521770477
2000581  0.24216334521770477
2000585  0.24216334521770477
2000588  0.24216334521770477
2000602  0.24216334521770477
2000603  0.24216334521770477
2000604  0.24216334521770477
2000606  0.24216334521770477
2000621  0.24216334521770477
2000622  0.24216334521770477
2000623  0.24216334521770477
2000625  0.24216334521770477
2000629  0.24216334521770477
2000631  0.24216334521770477
2000643  0.24216334521770477
2000644  0.24216334521770477
2000647  0.24216334521770477
2000648  0.24216334521770477
2000649  0.24216334521770477
2000650  0.24216334521770477
2000651  0.24216334521770477
2000653  0.24216334521770477
2000654  0.24216334521770477
2000657  0.24216334521770477
2000669  0.24216334521770477
2000670  0.24216334521770477
2000673  0.24216334521770477
2000674  0.24216334521770477
2000675  0.24216334521770477
2000676  0.24216334521770477
2000677  0.24216334521770477
2000679  0.24216334521770477
2000680  0.24216334521770477
2000683  0.24216334521770477
2000695  0.24216334521770477
2000696  0.24216334521770477
2000699  0.24216334521770477
2000700  0.24216334521770477
2000701  0.24216334521770477
2000702  0.24216334521770477
2000703  0.24216334521770477
2000705  0.24216334521770477
2000706  0.24216334521770477
2000709  0.24216334521770477
2000721  0.24216334521770477
2000722  0.24216334521770477
2000725  0.24216334521770477
2000726  0.24216334521770477
2000727  0.24216334521770477
2000728  0.24216334521770477
2000729  0.24216334521770477
2000731  0.24216334521770477
2000732  0.24216334521770477
2000735  0.24216334521770477
2000747  0.24216334521770477
2000748  0.24216334521770477
2000751  0.24216334521770477
2000763  0.24216334521770477
2000764  0.24216334521770477
2000767  0.24216334521770477
2000768  0.24216334521770477
2000769  0.24216334521770477
2000770  0.24216334521770477
2000771  0.24216334521770477
2000773  0.24216334521770477
2000774  0.24216334521770477
2000777  0.24216334521770477
2000790  0.24216334521770477
2000791  0.24216334521770477
2000794  0.24216334521770477
2000795  0.24216334521770477
2000796  0.24216334521770477
2000797  0.24216334521770477
2000798  0.24216334521770477
2000800  0.24216334521770477
2000801  0.24216334521770477
2000804  0.24216334521770477
2000829  0.24216334521770477
2000846  0.24216334521770477
2000848  0.24216334521770477
2000852  0.24216334521770477
2000853  0.24216334521770477
2000855  0.24216334521770477
2000856  0.24216334521770477
2000858  0.24216334521770477
2000862  0.24216334521770477
2000869  0.24216334521770477
2000870  0.24216334521770477
2000872  0.24216334521770477
2000876  0.24216334521770477
2000886  0.24216334521770477
2100037  0.24216334521770477
2100038  0.24216334521770477
2100047  0.24216334521770477
2100048  0.24216334521770477
2200050  0.24216334521770477
2200054  0.24216334521770477
2200068  0.24216334521770477
2200070  0.24216334521770477
2200071  0.24216334521770477
2200072  0.24216334521770477
2200078  0.24216334521770477
2200085  0.24216334521770477
2303794  0.24216334521770477
2303808  0.24216334521770477
2303810  0.24216334521770477
2400097  0.24216334521770477
2400115  0.24216334521770477
2400128  0.24216334521770477
2400141  0.24216334521770477
2400160  0.24216334521770477
2400179  0.24216334521770477
2400198  0.24216334521770477
2400218  0.24216334521770477
2400237  0.24216334521770477
2400256  0.24216334521770477
2400277  0.24216334521770477
2400285  0.24216334521770477
2400288  0.24216334521770477
2400359  0.24216334521770477
2400371  0.24216334521770477
2400372  0.24216334521770477
2400374  0.24216334521770477
2400375  0.24216334521770477
2400376  0.24216334521770477
2400385  0.24216334521770477
2400393  0.24216334521770477
2400394  0.24216334521770477
2400402  0.24216334521770477
2400403  0.24216334521770477
2400405  0.24216334521770477
2400406  0.24216334521770477
2400408  0.24216334521770477
2400410  0.24216334521770477
2400411  0.24216334521770477
2400413  0.24216334521770477
2400414  0.24216334521770477
2400416  0.24216334521770477
2400420  0.24216334521770477
2400421  0.24216334521770477
2400422  0.24216334521770477
2400424  0.24216334521770477
2400426  0.24216334521770477
2400427  0.24216334521770477
2400429  0.24216334521770477
2400430  0.24216334521770477
2400431  0.24216334521770477
2400434  0.24216334521770477
2400435  0.24216334521770477
2400436  0.24216334521770477
2400437  0.24216334521770477
2400440  0.24216334521770477
2400442  0.24216334521770477
2400445  0.24216334521770477
2400446  0.24216334521770477
2400447  0.24216334521770477
2400448  0.24216334521770477
2400449  0.24216334521770477
2400450  0.24216334521770477
2400452  0.24216334521770477
2400453  0.24216334521770477
2400454  0.24216334521770477
2400462  0.24216334521770477
2400463  0.24216334521770477
2400464  0.24216334521770477
2400472  0.24216334521770477
2400473  0.24216334521770477
2400475  0.24216334521770477
2400476  0.24216334521770477
2400478  0.24216334521770477
2400480  0.24216334521770477
2400481  0.24216334521770477
2400483  0.24216334521770477
2400484  0.24216334521770477
2400486  0.24216334521770477
2400490  0.24216334521770477
2400491  0.24216334521770477
2400494  0.24216334521770477
2400495  0.24216334521770477
2400496  0.24216334521770477
2400501  0.24216334521770477
2400502  0.24216334521770477
2400503  0.24216334521770477
2400505  0.24216334521770477
2400506  0.24216334521770477
2400508  0.24216334521770477
2400509  0.24216334521770477
2400510  0.24216334521770477
2400513  0.24216334521770477
2400514  0.24216334521770477
2400515  0.24216334521770477
2400516  0.24216334521770477
2400519  0.24216334521770477
2400521  0.24216334521770477
2400523  0.24216334521770477
2400524  0.24216334521770477
2400527  0.24216334521770477
2400528  0.24216334521770477
2400529  0.24216334521770477
2400530  0.24216334521770477
2400531  0.24216334521770477
2400532  0.24216334521770477
2400534  0.24216334521770477
2400535  0.24216334521770477
2400536  0.24216334521770477
2400538  0.24216334521770477
2400539  0.24216334521770477
2400541  0.24216334521770477
2400542  0.24216334521770477
2400545  0.24216334521770477
2400546  0.24216334521770477
2400547  0.24216334521770477
2400548  0.24216334521770477
2400549  0.24216334521770477
2400550  0.24216334521770477
2400551  0.24216334521770477
2400553  0.24216334521770477
2400554  0.24216334521770477
2400555  0.24216334521770477
2400557  0.24216334521770477
2400560  0.24216334521770477
2400561  0.24216334521770477
2400564  0.24216334521770477
2400565  0.24216334521770477
2400566  0.24216334521770477
2400567  0.24216334521770477
2400568  0.24216334521770477
2400569  0.24216334521770477
2400571  0.24216334521770477
2400572  0.24216334521770477
2400575  0.24216334521770477
2400576  0.24216334521770477
2400579  0.24216334521770477
2400587  0.24216334521770477
2400589  0.24216334521770477
2400590  0.24216334521770477
2400599  0.24216334521770477
2400600  0.24216334521770477
2400603  0.24216334521770477
2400604  0.24216334521770477
2400607  0.24216334521770477
2400608  0.24216334521770477
2400611  0.24216334521770477
2400612  0.24216334521770477
2400613  0.24216334521770477
2400617  0.24216334521770477
2400618  0.24216334521770477
2400620  0.24216334521770477
2400622  0.24216334521770477
2400623  0.24216334521770477
2400626  0.24216334521770477
2400627  0.24216334521770477
2400628  0.24216334521770477
2400629  0.24216334521770477
2400630  0.24216334521770477
2400633  0.24216334521770477
2400634  0.24216334521770477
2400635  0.24216334521770477
2400636  0.24216334521770477
2400637  0.24216334521770477
2400639  0.24216334521770477
2400640  0.24216334521770477
2400641  0.24216334521770477
2400644  0.24216334521770477
2400645  0.24216334521770477
2400646  0.24216334521770477
2400647  0.24216334521770477
2400650  0.24216334521770477
2400653  0.24216334521770477
2400655  0.24216334521770477
2400657  0.24216334521770477
2400658  0.24216334521770477
2400660  0.24216334521770477
2400662  0.24216334521770477
2400664  0.24216334521770477
2400665  0.24216334521770477
2400668  0.24216334521770477
2400669  0.24216334521770477
2400672  0.24216334521770477
2400673  0.24216334521770477
2400674  0.24216334521770477
2400675  0.24216334521770477
2400676  0.24216334521770477
2400678  0.24216334521770477
2400679  0.24216334521770477
2400680  0.24216334521770477
2400683  0.24216334521770477
2400684  0.24216334521770477
2400685  0.24216334521770477
2400686  0.24216334521770477
2400689  0.24216334521770477
2400692  0.24216334521770477
2400694  0.24216334521770477
2400696  0.24216334521770477
2400699  0.24216334521770477
2400700  0.24216334521770477
2400703  0.24216334521770477
2400711  0.24216334521770477
2400719  0.24216334521770477
2400720  0.24216334521770477
2400721  0.24216334521770477
2400722  0.24216334521770477
2400726  0.24216334521770477
2400727  0.24216334521770477
2400729  0.24216334521770477
2400730  0.24216334521770477
2400731  0.24216334521770477
2400732  0.24216334521770477
2400733  0.24216334521770477
2400734  0.24216334521770477
2400735  0.24216334521770477
2400737  0.24216334521770477
2400741  0.24216334521770477
2400749  0.24216334521770477
2400750  0.24216334521770477
2400751  0.24216334521770477
2400752  0.24216334521770477
2400756  0.24216334521770477
2400757  0.24216334521770477
2400759  0.24216334521770477
2400760  0.24216334521770477
2400761  0.24216334521770477
2400762  0.24216334521770477
2400763  0.24216334521770477
2400764  0.24216334521770477
2400765  0.24216334521770477
2400767  0.24216334521770477
2400771  0.24216334521770477
2400780  0.24216334521770477
2400789  0.24216334521770477
2400797  0.24216334521770477
2400805  0.24216334521770477
2400813  0.24216334521770477
2400837  0.24216334521770477
2400856  0.24216334521770477
2400857  0.24216334521770477
2400859  0.24216334521770477
2400860  0.24216334521770477
2400861  0.24216334521770477
2400862  0.24216334521770477
2400864  0.24216334521770477
2400867  0.24216334521770477
2400869  0.24216334521770477
2400870  0.24216334521770477
2400871  0.24216334521770477
2400872  0.24216334521770477
2400874  0.24216334521770477
2400877  0.24216334521770477
2400879  0.24216334521770477
2400880  0.24216334521770477
2400881  0.24216334521770477
2400882  0.24216334521770477
2400884  0.24216334521770477
2400887  0.24216334521770477
2400889  0.24216334521770477
2400890  0.24216334521770477
2400892  0.24216334521770477
2400894  0.24216334521770477
2400896  0.24216334521770477
2400897  0.24216334521770477
2400898  0.24216334521770477
2400899  0.24216334521770477
2400901  0.24216334521770477
2400904  0.24216334521770477
2400905  0.24216334521770477
2400912  0.24216334521770477
2400913  0.24216334521770477
2400914  0.24216334521770477
2400920  0.24216334521770477
2400929  0.24216334521770477
2400930  0.24216334521770477
2400931  0.24216334521770477
2400932  0.24216334521770477
2400933  0.24216334521770477
2400940  0.24216334521770477
2400941  0.24216334521770477
2400947  0.24216334521770477
2400949  0.24216334521770477
2400950  0.24216334521770477
2400952  0.24216334521770477
2400955  0.24216334521770477
2400957  0.24216334521770477
2400958  0.24216334521770477
2400961  0.24216334521770477
2400969  0.24216334521770477
2400978  0.24216334521770477
2400979  0.24216334521770477
2400982  0.24216334521770477
2400985  0.24216334521770477
2400986  0.24216334521770477
2400987  0.24216334521770477
2400988  0.24216334521770477
2400990  0.24216334521770477
2400991  0.24216334521770477
2400992  0.24216334521770477
2400993  0.24216334521770477
2401000  0.24216334521770477
2401002  0.24216334521770477
2401003  0.24216334521770477
2401004  0.24216334521770477
2401008  0.24216334521770477
2401009  0.24216334521770477
2401010  0.24216334521770477
2401012  0.24216334521770477
2401013  0.24216334521770477
2401014  0.24216334521770477
2401016  0.24216334521770477
2401017  0.24216334521770477
2401018  0.24216334521770477
2401020  0.24216334521770477
2401025  0.24216334521770477
2401026  0.24216334521770477
2401027  0.24216334521770477
2401028  0.24216334521770477
2401029  0.24216334521770477
2401030  0.24216334521770477
2401032  0.24216334521770477
2401033  0.24216334521770477
2401034  0.24216334521770477
2401035  0.24216334521770477
2401037  0.24216334521770477
2401038  0.24216334521770477
2401039  0.24216334521770477
2401040  0.24216334521770477
2401043  0.24216334521770477
2401045  0.24216334521770477
2401046  0.24216334521770477
2401047  0.24216334521770477
2401049  0.24216334521770477
2401050  0.24216334521770477
2401051  0.24216334521770477
2401053  0.24216334521770477
2401054  0.24216334521770477
2401055  0.24216334521770477
2401059  0.24216334521770477
2401060  0.24216334521770477
2401061  0.24216334521770477
2401063  0.24216334521770477
2401065  0.24216334521770477
2401066  0.24216334521770477
2401068  0.24216334521770477
2401070  0.24216334521770477
2401071  0.24216334521770477
2401073  0.24216334521770477
