3000039  inf
3000044  inf
3000045  inf
3000046  inf
3000047  inf
3000048  inf
3000049  inf
3000050  inf
3000051  inf
3000052  inf
3000053  inf
3000054  inf
3000055  inf
3000056  inf
3000057  inf
3000058  inf
3000059  inf
3000060  inf
3000061  inf
3000062  inf
3000063  inf
3000064  inf
3000065  inf
3000066  inf
3000067  inf
3000068  inf
3000069  inf
3000070  inf
3000071  inf
3000072  inf
3000073  inf
3000074  inf
3000075  inf
3000076  inf
3000077  inf
3000078  inf
3000079  inf
3000080  inf
3000081  inf
3000082  inf
3000083  inf
3000084  inf
3000085  inf
3000086  inf
3000087  inf
3000088  inf
3000089  inf
3000090  inf
3000091  inf
3000092  inf
3000093  inf
3000094  inf
3000095  inf
3000096  inf
3000097  inf
3000098  inf
3000099  inf
3000100  inf
3000101  inf
3000102  inf
3000103  inf
3000104  inf
3000105  inf
3000106  inf
3000107  inf
3000108  inf
3000109  inf
3000110  inf
3000111  inf
3000112  inf
3000113  inf
3000114  inf
3000115  inf
3000116  inf
3000117  inf
3000118  inf
3000119  inf
3000120  inf
3000121  inf
3000122  inf
3000123  inf
3000124  inf
3000125  inf
3000126  inf
3000127  inf
3000128  inf
3000129  inf
3000130  inf
3000132  inf
3000133  inf
3000134  inf
3000135  inf
3000136  inf
3000137  inf
3000138  inf
3000139  inf
3000140  inf
3000141  inf
3000142  inf
3000143  inf
3000144  inf
3000145  inf
3000146  inf
3000147  inf
3000148  inf
3000149  inf
3000150  inf
3000151  inf
3000152  inf
3000153  inf
3000154  inf
3000155  inf
3000156  inf
3000157  inf
3000158  inf
3000159  inf
3000160  inf
3000161  inf
3000162  inf
3000163  inf
3000164  inf
3000165  inf
3000166  inf
3000167  inf
3000168  inf
3000169  inf
3000170  inf
3000171  inf
3000172  inf
3000173  inf
3000174  inf
3000175  inf
3000176  inf
3000177  inf
3000178  inf
3000179  inf
3000180  inf
3000181  inf
3000182  inf
3000183  inf
3000184  inf
3000185  inf
3000186  inf
3000187  inf
3000188  inf
3000189  inf
3000190  inf
3000191  inf
3000192  inf
3000193  inf
3000194  inf
3000195  inf
3000196  inf
3000197  inf
3000198  inf
3000199  inf
3000200  inf
3000201  inf
3000202  inf
3000203  inf
3000204  inf
3000205  inf
3000206  inf
3000207  inf
3000208  inf
3000209  inf
3000210  inf
3000211  inf
3000212  inf
3000213  inf
3000214  inf
3000215  inf
3000216  inf
3000217  inf
3000218  inf
3000219  inf
3000220  inf
3000221  inf
3000222  inf
3000223  inf
3000224  inf
3000225  inf
3000226  inf
3000227  inf
3000228  inf
3000229  inf
3000230  inf
3000231  inf
3000232  inf
3000233  inf
3000234  inf
3000235  inf
3000236  inf
3000237  inf
3000238  inf
3000239  inf
3000240  inf
3000241  inf
3000242  inf
3000243  inf
3000244  inf
3000245  inf
3000246  inf
3000247  inf
3000248  inf
3000249  inf
3000250  inf
3000251  inf
3000252  inf
3000253  inf
3000254  inf
3000255  inf
3000256  inf
3000257  inf
3000258  inf
3000259  inf
3000260  inf
3000261  inf
3000262  inf
3000263  inf
3000264  inf
3000265  inf
3000266  inf
3000267  inf
3000268  inf
3000269  inf
3000270  inf
3000271  inf
3000272  inf
3000273  inf
3000274  inf
3000275  inf
3000276  inf
3000277  inf
3000278  inf
3000279  inf
3000280  inf
3000281  inf
3000282  inf
3000283  inf
3000284  inf
3000285  inf
3000286  inf
3000287  inf
3000288  inf
3000289  inf
3000290  inf
3000291  inf
3000292  inf
3000293  inf
3000294  inf
3000295  inf
3000296  inf
3000297  inf
3000298  inf
3000299  inf
3000300  inf
3000301  inf
3000302  inf
3000303  inf
3000304  inf
3000305  inf
3000306  inf
3000307  inf
3000308  inf
3000309  inf
3000310  inf
3000311  inf
3000312  inf
3000313  inf
3000314  inf
3000315  inf
3000316  inf
3000317  inf
3000318  inf
3000319  inf
3000320  inf
3000321  inf
3000322  inf
3000323  inf
3000324  inf
3000325  inf
3000326  inf
3000327  inf
3000328  inf
3000329  inf
3000330  inf
3000331  inf
3000332  inf
3000333  inf
3000334  inf
3000335  inf
3000336  inf
3000337  inf
3000338  inf
3000339  inf
3000340  inf
3000341  inf
3000342  inf
3000343  inf
3000344  inf
3000345  inf
3000346  inf
3000347  inf
3000348  inf
3000349  inf
3000350  inf
3000351  inf
3000352  inf
3000353  inf
3000354  inf
3000355  inf
3000356  inf
3000357  inf
3000370  inf
3000371  inf
3000372  inf
1200044  121.44047619047619
1200045  121.44047619047619
1200046  121.44047619047619
1200047  121.44047619047619
2400097  113.06626506024097
2400115  113.06626506024097
2400128  113.06626506024097
2400141  113.06626506024097
2400160  113.06626506024097
2400179  113.06626506024097
2400198  113.06626506024097
2400218  113.06626506024097
2400237  113.06626506024097
2400256  113.06626506024097
2400277  113.06626506024097
2400285  113.06626506024097
2400288  113.06626506024097
1000045  69.86138613861387
1000048  69.86138613861387
1000051  69.86138613861387
1000054  69.86138613861387
1000057  69.86138613861387
1000060  69.86138613861387
1000063  69.86138613861387
1000066  69.86138613861387
1000069  69.86138613861387
1000072  69.86138613861387
1000075  69.86138613861387
1000078  69.86138613861387
1000081  69.86138613861387
1000084  69.86138613861387
1000090  69.86138613861387
1000120  69.86138613861387
1000121  69.86138613861387
1000122  69.86138613861387
1000123  69.86138613861387
1000126  69.86138613861387
1000127  69.86138613861387
1000128  69.86138613861387
1000132  69.86138613861387
1000133  69.86138613861387
1000134  69.86138613861387
1000135  69.86138613861387
1000139  69.86138613861387
1000145  69.86138613861387
1000146  69.86138613861387
1000149  69.86138613861387
1000369  69.86138613861387
1000370  69.86138613861387
1000384  69.86138613861387
1000385  69.86138613861387
2500251  69.86138613861387
2500254  69.86138613861387
1400033  58.87735849056604
1400051  58.87735849056604
1400052  58.87735849056604
1400053  58.87735849056604
1900042  44.95609756097561
1900045  44.95609756097561
1900048  44.95609756097561
1900051  44.95609756097561
1900054  44.95609756097561
1900057  44.95609756097561
1900060  44.95609756097561
1900063  44.95609756097561
1900066  44.95609756097561
1900069  44.95609756097561
1900072  44.95609756097561
1900075  44.95609756097561
1900078  44.95609756097561
1900081  44.95609756097561
1900261  44.95609756097561
1900262  44.95609756097561
1900266  44.95609756097561
1900276  44.95609756097561
1900277  44.95609756097561
1900278  44.95609756097561
1900279  44.95609756097561
1900283  44.95609756097561
1900287  44.95609756097561
1900288  44.95609756097561
1900289  44.95609756097561
2000253  44.95609756097561
2000254  44.95609756097561
2000255  44.95609756097561
2000257  44.95609756097561
2000262  44.95609756097561
2000265  44.95609756097561
2000266  44.95609756097561
2000267  44.95609756097561
2000268  44.95609756097561
2000269  44.95609756097561
2000272  44.95609756097561
2000274  44.95609756097561
2000276  44.95609756097561
2000284  44.95609756097561
2000306  44.95609756097561
2000331  44.95609756097561
2000334  44.95609756097561
2000339  44.95609756097561
2000340  44.95609756097561
2000341  44.95609756097561
2000342  44.95609756097561
2000343  44.95609756097561
2000351  44.95609756097561
2000352  44.95609756097561
2000353  44.95609756097561
2000354  44.95609756097561
2000357  44.95609756097561
2000358  44.95609756097561
2000361  44.95609756097561
2402991  44.95609756097561
2402992  44.95609756097561
2500264  37.26573426573427
2500267  37.26573426573427
1900251  34.898936170212764
1900252  34.898936170212764
1900338  26.53157894736842
1900037  25.03448275862069
1900668  23.076923076923077
2403024  19.788235294117648
1900341  18.282608695652176
1900344  18.282608695652176
1900345  18.282608695652176
1000713  16.817518248175183
1000715  16.817518248175183
1000723  16.817518248175183
1000717  15.223021582733812
1000718  15.223021582733812
1000719  15.223021582733812
1000720  15.223021582733812
1001039  15.223021582733812
1001040  15.223021582733812
2403338  13.241379310344827
2403342  13.241379310344827
2403346  13.241379310344827
2403347  13.241379310344827
2403351  13.241379310344827
2403355  13.241379310344827
2403428  12.423312883435583
1000684  12.335664335664335
1000685  12.335664335664335
1000693  12.335664335664335
1000912  11.03448275862069
1000915  11.03448275862069
1000919  11.03448275862069
1000716  9.82312925170068
1001097  9.82312925170068
1001100  9.82312925170068
1001104  8.697986577181208
1001105  8.697986577181208
1001106  8.697986577181208
1001107  8.697986577181208
1001108  8.697986577181208
1001113  8.697986577181208
1000917  8.166666666666666
1001101  7.655629139072848
2400385  7.605263157894737
2403001  5.792553191489362
2403006  5.792553191489362
1001110  4.993630573248407
1001111  4.993630573248407
1000510  3.577639751552795
1000513  3.577639751552795
1000517  3.577639751552795
1000518  3.577639751552795
1000520  3.577639751552795
1000527  3.577639751552795
2403352  3.557894736842105
2000530  3.1565656565656566
2000531  3.1565656565656566
2000534  3.1565656565656566
1000040  2.6890243902439024
1001027  2.6890243902439024
1001141  2.6890243902439024
1900489  2.6717171717171717
1900482  2.6318407960199006
1900486  2.6318407960199006
1900180  2.4568527918781724
1900181  2.4568527918781724
1900182  2.4568527918781724
1900183  2.4568527918781724
1900184  2.4568527918781724
1900189  2.4568527918781724
1000140  2.4242424242424243
1000141  2.4242424242424243
1700045  2.4242424242424243
1700046  2.4242424242424243
1700047  2.4242424242424243
1700048  2.4242424242424243
2403539  2.3529411764705883
1900617  2.25
1900621  2.25
1900625  2.25
1900628  2.25
1900638  2.25
1900639  2.25
1900640  2.25
1900641  2.25
1900124  2.238578680203046
1000514  2.174698795180723
1000521  2.174698795180723
1000522  2.174698795180723
1700069  2.174698795180723
1700070  2.174698795180723
1700074  2.174698795180723
2303794  2.174698795180723
2303808  2.174698795180723
2303810  2.174698795180723
2400856  2.174698795180723
2400894  2.174698795180723
2400896  2.174698795180723
2400904  2.174698795180723
2400905  2.174698795180723
2400912  2.174698795180723
2400913  2.174698795180723
2400914  2.174698795180723
2400920  2.174698795180723
2400929  2.174698795180723
2400930  2.174698795180723
2400931  2.174698795180723
2400932  2.174698795180723
2400933  2.174698795180723
2400940  2.174698795180723
2400941  2.174698795180723
2400947  2.174698795180723
2400949  2.174698795180723
2400950  2.174698795180723
2400955  2.174698795180723
2400961  2.174698795180723
2401136  2.174698795180723
2401139  2.174698795180723
2401142  2.174698795180723
2401151  2.174698795180723
2401160  2.174698795180723
2401162  2.174698795180723
2401182  2.174698795180723
2401230  2.174698795180723
2401241  2.174698795180723
2401243  2.174698795180723
2401244  2.174698795180723
2401246  2.174698795180723
2401248  2.174698795180723
2401249  2.174698795180723
2401250  2.174698795180723
2401251  2.174698795180723
2401252  2.174698795180723
2401255  2.174698795180723
2401256  2.174698795180723
2401257  2.174698795180723
2401258  2.174698795180723
2401261  2.174698795180723
2401262  2.174698795180723
2401263  2.174698795180723
2401265  2.174698795180723
2401267  2.174698795180723
2401268  2.174698795180723
2401270  2.174698795180723
2401271  2.174698795180723
2401272  2.174698795180723
2401275  2.174698795180723
2401276  2.174698795180723
2401277  2.174698795180723
2401279  2.174698795180723
2401280  2.174698795180723
2401281  2.174698795180723
2401285  2.174698795180723
2401286  2.174698795180723
2401294  2.174698795180723
2401295  2.174698795180723
2401296  2.174698795180723
2401322  2.174698795180723
2401323  2.174698795180723
2401324  2.174698795180723
2401325  2.174698795180723
2401326  2.174698795180723
2401327  2.174698795180723
2401329  2.174698795180723
2401330  2.174698795180723
2401331  2.174698795180723
2401332  2.174698795180723
2401334  2.174698795180723
2401335  2.174698795180723
2401336  2.174698795180723
2401337  2.174698795180723
2401339  2.174698795180723
2401340  2.174698795180723
2401341  2.174698795180723
2401342  2.174698795180723
2401344  2.174698795180723
2401345  2.174698795180723
2401346  2.174698795180723
2401347  2.174698795180723
2401349  2.174698795180723
2401350  2.174698795180723
2401351  2.174698795180723
2401354  2.174698795180723
2401445  2.174698795180723
2401447  2.174698795180723
2401451  2.174698795180723
2401456  2.174698795180723
2401481  2.174698795180723
2401492  2.174698795180723
2401504  2.174698795180723
2401528  2.174698795180723
2401542  2.174698795180723
2401559  2.174698795180723
2401560  2.174698795180723
2401561  2.174698795180723
2401562  2.174698795180723
2401563  2.174698795180723
2401571  2.174698795180723
2401572  2.174698795180723
2401576  2.174698795180723
2401577  2.174698795180723
2401580  2.174698795180723
2401581  2.174698795180723
2401582  2.174698795180723
2401583  2.174698795180723
2401586  2.174698795180723
2401587  2.174698795180723
2401589  2.174698795180723
2401590  2.174698795180723
2401592  2.174698795180723
2401593  2.174698795180723
2401594  2.174698795180723
2401595  2.174698795180723
2401596  2.174698795180723
2401597  2.174698795180723
2401599  2.174698795180723
2401601  2.174698795180723
2703761  2.174698795180723
2703787  2.174698795180723
2703788  2.174698795180723
2703790  2.174698795180723
2903722  2.174698795180723
2903754  2.174698795180723
2903755  2.174698795180723
2903757  2.174698795180723
1900436  2.0833333333333335
1900539  2.030456852791878
1900542  2.030456852791878
1900547  2.030456852791878
1900548  2.030456852791878
1900549  2.030456852791878
1900494  1.9900497512437811
1900495  1.9900497512437811
1900497  1.9900497512437811
1900498  1.9900497512437811
1900499  1.9900497512437811
1900487  1.9801980198019802
1100050  1.9401197604790419
1100051  1.9401197604790419
2403540  1.9171597633136095
1900102  1.8232323232323233
1900103  1.8232323232323233
1900125  1.814070351758794
1900195  1.814070351758794
1900196  1.814070351758794
1900197  1.814070351758794
1900198  1.814070351758794
1900200  1.814070351758794
1900201  1.814070351758794
1900203  1.814070351758794
1900204  1.814070351758794
1900206  1.814070351758794
1900207  1.814070351758794
1900208  1.814070351758794
1900209  1.814070351758794
1900210  1.814070351758794
1900212  1.814070351758794
1900218  1.814070351758794
1900219  1.814070351758794
1900229  1.814070351758794
1900339  1.7783251231527093
2400857  1.7202380952380953
2400859  1.7202380952380953
2400867  1.7202380952380953
2400877  1.7202380952380953
2400887  1.7202380952380953
2400889  1.7202380952380953
2400890  1.7202380952380953
2400892  1.7202380952380953
2403471  1.7202380952380953
2403472  1.7202380952380953
1900227  1.62
1900231  1.62
1000801  1.514792899408284
2000052  1.513089005235602
2000053  1.513089005235602
2000056  1.513089005235602
2403496  1.471264367816092
1900236  1.445
1900237  1.445
1900235  1.4378109452736318
1900243  1.4378109452736318
1900490  1.4065934065934067
1000663  1.3235294117647058
1000666  1.3235294117647058
1000670  1.3235294117647058
1000768  1.3235294117647058
2403474  1.3235294117647058
2403475  1.3235294117647058
2403348  1.3061224489795917
2403365  1.2864321608040201
2403369  1.2864321608040201
2403370  1.2864321608040201
2403371  1.2864321608040201
2403542  1.2857142857142858
1000524  1.1461988304093567
1000525  1.1461988304093567
1900543  1.0481283422459893
2200068  0.9825581395348837
2200070  0.9825581395348837
2200071  0.9825581395348837
2200072  0.9825581395348837
2403543  0.9712643678160919
2401615  0.8323699421965318
2401617  0.8323699421965318
2401624  0.8323699421965318
2401625  0.8323699421965318
2401626  0.8323699421965318
2401627  0.8323699421965318
2401630  0.8323699421965318
2401631  0.8323699421965318
2401634  0.8323699421965318
2401635  0.8323699421965318
2401636  0.8323699421965318
2401638  0.8323699421965318
2401640  0.8323699421965318
2401643  0.8323699421965318
2401644  0.8323699421965318
2401645  0.8323699421965318
2401646  0.8323699421965318
2401647  0.8323699421965318
2401648  0.8323699421965318
2401649  0.8323699421965318
2401654  0.8323699421965318
2401655  0.8323699421965318
2401656  0.8323699421965318
2401657  0.8323699421965318
2401658  0.8323699421965318
2401659  0.8323699421965318
2401660  0.8323699421965318
2401661  0.8323699421965318
2401662  0.8323699421965318
2401664  0.8323699421965318
2401666  0.8323699421965318
2401668  0.8323699421965318
2403033  0.8323699421965318
2403036  0.8323699421965318
1900374  0.6302083333333334
1000757  0.5714285714285714
1000790  0.5714285714285714
2403546  0.5555555555555556
2403551  0.5555555555555556
2403552  0.5555555555555556
2403555  0.5555555555555556
1900366  0.5181347150259067
1100041  0.4602272727272727
1100042  0.4602272727272727
2400837  0.4602272727272727
2400952  0.4602272727272727
1800056  0.3615819209039548
1800057  0.3615819209039548
1800058  0.3615819209039548
1800059  0.3615819209039548
2401457  0.3615819209039548
2401458  0.3615819209039548
2401471  0.3615819209039548
1900324  0.32653061224489793
1000271  0.2752808988764045
1000272  0.2752808988764045
1000273  0.2752808988764045
1000274  0.2752808988764045
1000275  0.2752808988764045
1000281  0.2752808988764045
1000287  0.2752808988764045
1000288  0.2752808988764045
1000289  0.2752808988764045
1000290  0.2752808988764045
1000292  0.2752808988764045
1000293  0.2752808988764045
1000295  0.2752808988764045
1000296  0.2752808988764045
1000298  0.2752808988764045
1000299  0.2752808988764045
1000300  0.2752808988764045
1000301  0.2752808988764045
1000302  0.2752808988764045
1000303  0.2752808988764045
1000309  0.2752808988764045
1000310  0.2752808988764045
1000313  0.2752808988764045
1000314  0.2752808988764045
1000315  0.2752808988764045
1000316  0.2752808988764045
1000317  0.2752808988764045
1000318  0.2752808988764045
1000320  0.2752808988764045
1000322  0.2752808988764045
1000324  0.2752808988764045
1600048  0.2752808988764045
1600049  0.2752808988764045
1600050  0.2752808988764045
1000172  0.2011173184357542
1000173  0.2011173184357542
1000176  0.2011173184357542
1000181  0.2011173184357542
1000182  0.2011173184357542
1000183  0.2011173184357542
1000184  0.2011173184357542
1000185  0.2011173184357542
1000187  0.2011173184357542
1000189  0.2011173184357542
1000192  0.2011173184357542
1000193  0.2011173184357542
1000194  0.2011173184357542
1000195  0.2011173184357542
1000198  0.2011173184357542
1000206  0.2011173184357542
1000328  0.2011173184357542
1000335  0.2011173184357542
1900411  0.18181818181818182
1900414  0.18181818181818182
2000602  0.18
2000603  0.18
2000606  0.18
1900459  0.1791044776119403
1000199  0.1388888888888889
1000200  0.1388888888888889
1000232  0.1388888888888889
1000329  0.1388888888888889
1000330  0.1388888888888889
1000867  0.1388888888888889
1000870  0.1388888888888889
1300047  0.1388888888888889
1300048  0.1388888888888889
1500053  0.1388888888888889
1500054  0.1388888888888889
2200050  0.1388888888888889
2200054  0.1388888888888889
2000270  0.12690355329949238
2000285  0.12690355329949238
2000289  0.12690355329949238
2000290  0.12690355329949238
2000291  0.12690355329949238
2000292  0.12690355329949238
2000299  0.12690355329949238
2000302  0.12690355329949238
2000303  0.12690355329949238
1000233  0.08839779005524862
1000884  0.08839779005524862
2401472  0.08839779005524862
2401474  0.08839779005524862
2401475  0.08839779005524862
2000332  0.08080808080808081
1900190  0.08040201005025126
1900191  0.08040201005025126
1900192  0.08040201005025126
1900422  0.07920792079207921
1900220  0.0784313725490196
1900221  0.0784313725490196
1900222  0.0784313725490196
1900223  0.0784313725490196
1900224  0.0784313725490196
1900225  0.0784313725490196
1000124  0.04945054945054945
1000202  0.04945054945054945
1000203  0.04945054945054945
1000932  0.04945054945054945
1800043  0.04945054945054945
1800044  0.04945054945054945
1800045  0.04945054945054945
1800046  0.04945054945054945
2000532  0.04945054945054945
1900267  0.04591836734693878
1900272  0.04591836734693878
1900273  0.04591836734693878
1900574  0.04433497536945813
1900577  0.04433497536945813
1900581  0.04433497536945813
1000108  0.02185792349726776
1000109  0.02185792349726776
1000190  0.02185792349726776
1000282  0.02185792349726776
1000283  0.02185792349726776
1000284  0.02185792349726776
1000306  0.02185792349726776
1000332  0.02185792349726776
1000333  0.02185792349726776
1000356  0.02185792349726776
1000357  0.02185792349726776
1000582  0.02185792349726776
1000597  0.02185792349726776
1000598  0.02185792349726776
1000599  0.02185792349726776
1000614  0.02185792349726776
1000617  0.02185792349726776
1000620  0.02185792349726776
1000634  0.02185792349726776
1000737  0.02185792349726776
1000738  0.02185792349726776
1000746  0.02185792349726776
1000779  0.02185792349726776
1000812  0.02185792349726776
1000959  0.02185792349726776
1000962  0.02185792349726776
1500042  0.02185792349726776
1500043  0.02185792349726776
1700080  0.02185792349726776
1700086  0.02185792349726776
1900215  0.02185792349726776
1900483  0.02185792349726776
1900520  0.02185792349726776
2401616  0.02185792349726776
2401618  0.02185792349726776
2401619  0.02185792349726776
2500175  0.02185792349726776
3000382  0.02185792349726776
3000383  0.02185792349726776
3000390  0.02185792349726776
3000396  0.02185792349726776
2403684  0.021739130434782608
1900383  0.0213903743315508
1900507  0.021164021164021163
1900509  0.021164021164021163
1900511  0.021164021164021163
1900514  0.021164021164021163
1900515  0.021164021164021163
1900518  0.021164021164021163
1900519  0.021164021164021163
1900523  0.021164021164021163
1000174  0.005434782608695652
1000177  0.005434782608695652
1000276  0.005434782608695652
1000325  0.005434782608695652
1000396  0.005434782608695652
1000397  0.005434782608695652
1000411  0.005434782608695652
1000412  0.005434782608695652
1000435  0.005434782608695652
1000436  0.005434782608695652
1000439  0.005434782608695652
1000450  0.005434782608695652
1000466  0.005434782608695652
1000467  0.005434782608695652
1000481  0.005434782608695652
1000495  0.005434782608695652
1000511  0.005434782608695652
1000544  0.005434782608695652
1000563  0.005434782608695652
1000648  0.005434782608695652
1000664  0.005434782608695652
1000667  0.005434782608695652
1000688  0.005434782608695652
1000690  0.005434782608695652
1000741  0.005434782608695652
1000743  0.005434782608695652
1000825  0.005434782608695652
1000839  0.005434782608695652
1000853  0.005434782608695652
1000898  0.005434782608695652
1000913  0.005434782608695652
1000944  0.005434782608695652
1000960  0.005434782608695652
1000976  0.005434782608695652
1000977  0.005434782608695652
1000980  0.005434782608695652
1000995  0.005434782608695652
1000996  0.005434782608695652
1000997  0.005434782608695652
1001000  0.005434782608695652
1001054  0.005434782608695652
1001057  0.005434782608695652
1001070  0.005434782608695652
1001098  0.005434782608695652
1900185  0.005434782608695652
1900232  0.005434782608695652
1900263  0.005434782608695652
1900269  0.005434782608695652
1900412  0.005434782608695652
1900445  0.005434782608695652
1900468  0.005434782608695652
1900540  0.005434782608695652
1900560  0.005434782608695652
1900575  0.005434782608695652
1900578  0.005434782608695652
1900590  0.005434782608695652
1900618  0.005434782608695652
1900622  0.005434782608695652
1900626  0.005434782608695652
1900629  0.005434782608695652
1900634  0.005434782608695652
1900635  0.005434782608695652
2000054  0.005434782608695652
2000604  0.005434782608695652
2000763  0.005434782608695652
2000767  0.005434782608695652
2000768  0.005434782608695652
2000769  0.005434782608695652
2000770  0.005434782608695652
2000771  0.005434782608695652
2000773  0.005434782608695652
2000774  0.005434782608695652
2000777  0.005434782608695652
2000790  0.005434782608695652
2000794  0.005434782608695652
2000795  0.005434782608695652
2000796  0.005434782608695652
2000797  0.005434782608695652
2000798  0.005434782608695652
2000800  0.005434782608695652
2000801  0.005434782608695652
2000804  0.005434782608695652
2100037  0.005434782608695652
2100038  0.005434782608695652
2400860  0.005434782608695652
2400864  0.005434782608695652
2400869  0.005434782608695652
2400870  0.005434782608695652
2400874  0.005434782608695652
2400879  0.005434782608695652
2400880  0.005434782608695652
2400884  0.005434782608695652
2403388  0.005434782608695652
2403389  0.005434782608695652
2403391  0.005434782608695652
2403392  0.005434782608695652
2403395  0.005434782608695652
2403397  0.005434782608695652
2403398  0.005434782608695652
2403698  0.005434782608695652
2500177  0.005434782608695652
2500178  0.005434782608695652
2500182  0.005434782608695652
2500252  0.005434782608695652
2500265  0.005434782608695652
1900144  0.005405405405405406
1900145  0.005405405405405406
1900239  0.005405405405405406
1900240  0.005405405405405406
2403060  0.005405405405405406
2403061  0.005405405405405406
2403573  0.005405405405405406
2403575  0.005405405405405406
2403579  0.005405405405405406
2403580  0.005405405405405406
2403581  0.005405405405405406
2403583  0.005405405405405406
2403584  0.005405405405405406
2403586  0.005405405405405406
2403590  0.005405405405405406
2403593  0.005405405405405406
2403594  0.005405405405405406
2403597  0.005405405405405406
2403600  0.005405405405405406
1000615  0.0
1000618  0.0
1000868  0.0
1001015  0.0
1001055  0.0
1001083  0.0
1001128  0.0
1001129  0.0
1001130  0.0
1001131  0.0
1001132  0.0
1001134  0.0
1001136  0.0
1200051  0.0
1200057  0.0
1200063  0.0
1300037  0.0
1300038  0.0
1400059  0.0
1600037  0.0
1600038  0.0
1700060  0.0
1700061  0.0
1700062  0.0
1700063  0.0
1800063  0.0
1800069  0.0
1800075  0.0
1900284  0.0
1900285  0.0
1900297  0.0
1900298  0.0
1900300  0.0
1900302  0.0
1900312  0.0
1900313  0.0
1900314  0.0
1900348  0.0
1900358  0.0
1900393  0.0
1900403  0.0
1900602  0.0
1900631  0.0
1900655  0.0
1900656  0.0
1900657  0.0
1900658  0.0
1900659  0.0
1900661  0.0
1900663  0.0
2000037  0.0
2000038  0.0
2000070  0.0
2000102  0.0
2000133  0.0
2000160  0.0
2000189  0.0
2000207  0.0
2000219  0.0
2000259  0.0
2000277  0.0
2000278  0.0
2000280  0.0
2000282  0.0
2000286  0.0
2000293  0.0
2000294  0.0
2000297  0.0
2000335  0.0
2000394  0.0
2000395  0.0
2000396  0.0
2000397  0.0
2000398  0.0
2000401  0.0
2000408  0.0
2000409  0.0
2000411  0.0
2000412  0.0
2000415  0.0
2000416  0.0
2000418  0.0
2000419  0.0
2000420  0.0
2000422  0.0
2000423  0.0
2000428  0.0
2000434  0.0
2000435  0.0
2000438  0.0
2000439  0.0
2000441  0.0
2000444  0.0
2000447  0.0
2000448  0.0
2000474  0.0
2000475  0.0
2000477  0.0
2000478  0.0
2000479  0.0
2000482  0.0
2000508  0.0
2000509  0.0
2000511  0.0
2000512  0.0
2000513  0.0
2000516  0.0
2000549  0.0
2000551  0.0
2000553  0.0
2000554  0.0
2000556  0.0
2000557  0.0
2000559  0.0
2000561  0.0
2000563  0.0
2000564  0.0
2000566  0.0
2000571  0.0
2000573  0.0
2000578  0.0
2000579  0.0
2000581  0.0
2000585  0.0
2000588  0.0
2000621  0.0
2000622  0.0
2000623  0.0
2000625  0.0
2000629  0.0
2000631  0.0
2000643  0.0
2000644  0.0
2000647  0.0
2000648  0.0
2000649  0.0
2000650  0.0
2000651  0.0
2000653  0.0
2000654  0.0
2000657  0.0
2000669  0.0
2000670  0.0
2000673  0.0
2000674  0.0
2000675  0.0
2000676  0.0
2000677  0.0
2000679  0.0
2000680  0.0
2000683  0.0
2000695  0.0
2000696  0.0
2000699  0.0
2000700  0.0
2000701  0.0
2000702  0.0
2000703  0.0
2000705  0.0
2000706  0.0
2000709  0.0
2000721  0.0
2000722  0.0
2000725  0.0
2000726  0.0
2000727  0.0
2000728  0.0
2000729  0.0
2000731  0.0
2000732  0.0
2000735  0.0
2000747  0.0
2000748  0.0
2000751  0.0
2000764  0.0
2000791  0.0
2000829  0.0
2000846  0.0
2000848  0.0
2000852  0.0
2000853  0.0
2000855  0.0
2000856  0.0
2000858  0.0
2000862  0.0
2000869  0.0
2000870  0.0
2000872  0.0
2000876  0.0
2000886  0.0
2100047  0.0
2100048  0.0
2200078  0.0
2200085  0.0
2400359  0.0
2400371  0.0
2400372  0.0
2400374  0.0
2400375  0.0
2400376  0.0
2400393  0.0
2400394  0.0
2400402  0.0
2400403  0.0
2400405  0.0
2400406  0.0
2400408  0.0
2400410  0.0
2400411  0.0
2400413  0.0
2400414  0.0
2400416  0.0
2400420  0.0
2400421  0.0
2400422  0.0
2400424  0.0
2400426  0.0
2400427  0.0
2400429  0.0
2400430  0.0
2400431  0.0
2400434  0.0
2400435  0.0
2400436  0.0
2400437  0.0
2400440  0.0
2400442  0.0
2400445  0.0
2400446  0.0
2400447  0.0
2400448  0.0
2400449  0.0
2400450  0.0
2400452  0.0
2400453  0.0
2400454  0.0
2400462  0.0
2400463  0.0
2400464  0.0
2400472  0.0
2400473  0.0
2400475  0.0
2400476  0.0
2400478  0.0
2400480  0.0
2400481  0.0
2400483  0.0
2400484  0.0
2400486  0.0
2400490  0.0
2400491  0.0
2400494  0.0
2400495  0.0
2400496  0.0
2400501  0.0
2400502  0.0
2400503  0.0
2400505  0.0
2400506  0.0
2400508  0.0
2400509  0.0
2400510  0.0
2400513  0.0
2400514  0.0
2400515  0.0
2400516  0.0
2400519  0.0
2400521  0.0
2400523  0.0
2400524  0.0
2400527  0.0
2400528  0.0
2400529  0.0
2400530  0.0
2400531  0.0
2400532  0.0
2400534  0.0
2400535  0.0
2400536  0.0
2400538  0.0
2400539  0.0
2400541  0.0
2400542  0.0
2400545  0.0
2400546  0.0
2400547  0.0
2400548  0.0
2400549  0.0
2400550  0.0
2400551  0.0
2400553  0.0
2400554  0.0
2400555  0.0
2400557  0.0
2400560  0.0
2400561  0.0
2400564  0.0
2400565  0.0
2400566  0.0
2400567  0.0
2400568  0.0
2400569  0.0
2400571  0.0
2400572  0.0
2400575  0.0
2400576  0.0
2400579  0.0
2400587  0.0
2400589  0.0
2400590  0.0
2400599  0.0
2400600  0.0
2400603  0.0
2400604  0.0
2400607  0.0
2400608  0.0
2400611  0.0
2400612  0.0
2400613  0.0
2400617  0.0
2400618  0.0
2400620  0.0
2400622  0.0
2400623  0.0
2400626  0.0
2400627  0.0
2400628  0.0
2400629  0.0
2400630  0.0
2400633  0.0
2400634  0.0
2400635  0.0
2400636  0.0
2400637  0.0
2400639  0.0
2400640  0.0
2400641  0.0
2400644  0.0
2400645  0.0
2400646  0.0
2400647  0.0
2400650  0.0
2400653  0.0
2400655  0.0
2400657  0.0
2400658  0.0
2400660  0.0
2400662  0.0
2400664  0.0
2400665  0.0
2400668  0.0
2400669  0.0
2400672  0.0
2400673  0.0
2400674  0.0
2400675  0.0
2400676  0.0
2400678  0.0
2400679  0.0
2400680  0.0
2400683  0.0
2400684  0.0
2400685  0.0
2400686  0.0
2400689  0.0
2400692  0.0
2400694  0.0
2400696  0.0
2400699  0.0
2400700  0.0
2400703  0.0
2400711  0.0
2400719  0.0
2400720  0.0
2400721  0.0
2400722  0.0
2400726  0.0
2400727  0.0
2400729  0.0
2400730  0.0
2400731  0.0
2400732  0.0
2400733  0.0
2400734  0.0
2400735  0.0
2400737  0.0
2400741  0.0
2400749  0.0
2400750  0.0
2400751  0.0
2400752  0.0
2400756  0.0
2400757  0.0
2400759  0.0
2400760  0.0
2400761  0.0
2400762  0.0
2400763  0.0
2400764  0.0
2400765  0.0
2400767  0.0
2400771  0.0
2400780  0.0
2400789  0.0
2400797  0.0
2400805  0.0
2400813  0.0
2400861  0.0
2400862  0.0
2400871  0.0
2400872  0.0
2400881  0.0
2400882  0.0
2400897  0.0
2400898  0.0
2400899  0.0
2400901  0.0
2400957  0.0
2400958  0.0
2400969  0.0
2400978  0.0
2400979  0.0
2400982  0.0
2400985  0.0
2400986  0.0
2400987  0.0
2400988  0.0
2400990  0.0
2400991  0.0
2400992  0.0
2400993  0.0
2401000  0.0
2401002  0.0
2401003  0.0
2401004  0.0
2401008  0.0
2401009  0.0
2401010  0.0
2401012  0.0
2401013  0.0
2401014  0.0
2401016  0.0
2401017  0.0
2401018  0.0
2401020  0.0
2401025  0.0
2401026  0.0
2401027  0.0
2401028  0.0
2401029  0.0
2401030  0.0
2401032  0.0
2401033  0.0
2401034  0.0
2401035  0.0
2401037  0.0
2401038  0.0
2401039  0.0
2401040  0.0
2401043  0.0
2401045  0.0
2401046  0.0
2401047  0.0
2401049  0.0
2401050  0.0
2401051  0.0
2401053  0.0
2401054  0.0
2401055  0.0
2401059  0.0
2401060  0.0
2401061  0.0
2401063  0.0
2401065  0.0
2401066  0.0
2401068  0.0
2401070  0.0
2401071  0.0
2401073  0.0
2401075  0.0
2401076  0.0
2401078  0.0
2401080  0.0
2401081  0.0
2401082  0.0
2401083  0.0
2401084  0.0
2401085  0.0
2401086  0.0
2401088  0.0
2401089  0.0
2401090  0.0
2401092  0.0
2401103  0.0
2401104  0.0
2401107  0.0
2401108  0.0
2401111  0.0
2401112  0.0
2401113  0.0
2401116  0.0
2401126  0.0
2401137  0.0
2401143  0.0
2401144  0.0
2401147  0.0
2401152  0.0
2401153  0.0
2401156  0.0
2401164  0.0
2401166  0.0
2401167  0.0
2401170  0.0
2401174  0.0
2401175  0.0
2401176  0.0
2401177  0.0
2401187  0.0
2401188  0.0
2401189  0.0
2401190  0.0
2401191  0.0
2401192  0.0
2401193  0.0
2401195  0.0
2401196  0.0
2401197  0.0
2401199  0.0
2401201  0.0
2401202  0.0
2401204  0.0
2401205  0.0
2401206  0.0
2401209  0.0
2401210  0.0
2401211  0.0
2401213  0.0
2401214  0.0
2401215  0.0
2401219  0.0
2401220  0.0
2401222  0.0
2401223  0.0
2401224  0.0
2401226  0.0
2401299  0.0
2401300  0.0
2401301  0.0
2401302  0.0
2401303  0.0
2401304  0.0
2401305  0.0
2401364  0.0
2401365  0.0
2401368  0.0
2401369  0.0
2401372  0.0
2401374  0.0
2401375  0.0
2401377  0.0
2401378  0.0
2401379  0.0
2401380  0.0
2401385  0.0
2401386  0.0
2401387  0.0
2401390  0.0
2401391  0.0
2401400  0.0
2401402  0.0
2401403  0.0
2401404  0.0
2401407  0.0
2401408  0.0
2401409  0.0
2401411  0.0
2401412  0.0
2401414  0.0
2401434  0.0
2401448  0.0
2401452  0.0
2401460  0.0
2401462  0.0
2401463  0.0
2401466  0.0
2401467  0.0
2401478  0.0
2401482  0.0
2401483  0.0
2401485  0.0
2401486  0.0
2401488  0.0
2401493  0.0
2401494  0.0
2401497  0.0
2401498  0.0
2401500  0.0
2401505  0.0
2401506  0.0
2401509  0.0
2401510  0.0
2401511  0.0
2401512  0.0
2401515  0.0
2401518  0.0
2401519  0.0
2401520  0.0
2401521  0.0
2401524  0.0
2401530  0.0
2401531  0.0
2401534  0.0
2401535  0.0
2401537  0.0
2401544  0.0
2401545  0.0
2401548  0.0
2401550  0.0
2401552  0.0
2401564  0.0
2401565  0.0
2401566  0.0
2401567  0.0
2401573  0.0
2401680  0.0
2401682  0.0
2401683  0.0
2401684  0.0
2401685  0.0
2401688  0.0
2401690  0.0
2401700  0.0
2401702  0.0
2401703  0.0
2401704  0.0
2401705  0.0
2401706  0.0
2401708  0.0
2401719  0.0
2401720  0.0
2401723  0.0
2401724  0.0
2401725  0.0
2401726  0.0
2401729  0.0
2401730  0.0
2401731  0.0
2401732  0.0
2401735  0.0
2401736  0.0
2401737  0.0
2401738  0.0
2401764  0.0
2401765  0.0
2401767  0.0
2401768  0.0
2401769  0.0
2401770  0.0
2401771  0.0
2401773  0.0
2401774  0.0
2401775  0.0
2401776  0.0
2401777  0.0
2401779  0.0
2401794  0.0
2401821  0.0
2401822  0.0
2401824  0.0
2401825  0.0
2401826  0.0
2401827  0.0
2401830  0.0
2401832  0.0
2401843  0.0
2401844  0.0
2401846  0.0
2401847  0.0
2401848  0.0
2401850  0.0
2401863  0.0
2401864  0.0
2401867  0.0
2401868  0.0
2401869  0.0
2401870  0.0
2401873  0.0
2401874  0.0
2401875  0.0
2401876  0.0
2401879  0.0
2401880  0.0
2401881  0.0
2401882  0.0
2401907  0.0
2401908  0.0
2401911  0.0
2401912  0.0
2401913  0.0
2401914  0.0
2401915  0.0
2401917  0.0
2401918  0.0
2401919  0.0
2401920  0.0
2401921  0.0
2401923  0.0
2401924  0.0
2401926  0.0
2401927  0.0
2401931  0.0
2401933  0.0
2401934  0.0
2401935  0.0
2401936  0.0
2401937  0.0
2401939  0.0
2401940  0.0
2401941  0.0
2401942  0.0
2401943  0.0
2401945  0.0
2401946  0.0
2401948  0.0
2401949  0.0
2401951  0.0
2401953  0.0
2401954  0.0
2401968  0.0
2401971  0.0
2401972  0.0
2401973  0.0
2401975  0.0
2401976  0.0
2401977  0.0
2401980  0.0
2401981  0.0
2401982  0.0
2401984  0.0
2401987  0.0
2401988  0.0
2401989  0.0
2401992  0.0
2401995  0.0
2402012  0.0
2402013  0.0
2402016  0.0
2402017  0.0
2402020  0.0
2402021  0.0
2402027  0.0
2402028  0.0
2402030  0.0
2402031  0.0
2402032  0.0
2402033  0.0
2402034  0.0
2402036  0.0
2402037  0.0
2402038  0.0
2402042  0.0
2402043  0.0
2402045  0.0
2402046  0.0
2402048  0.0
2402049  0.0
2402050  0.0
2402051  0.0
2402053  0.0
2402054  0.0
2402056  0.0
2402057  0.0
2402058  0.0
2402061  0.0
2402063  0.0
2402066  0.0
2402067  0.0
2402069  0.0
2402070  0.0
2402072  0.0
2402075  0.0
2402077  0.0
2402081  0.0
2402082  0.0
2402083  0.0
2402084  0.0
2402085  0.0
2402088  0.0
2402090  0.0
2402091  0.0
2402092  0.0
2402093  0.0
2402095  0.0
2402097  0.0
2402101  0.0
2402102  0.0
2402104  0.0
2402105  0.0
2402106  0.0
2402108  0.0
2402120  0.0
2402123  0.0
2402124  0.0
2402125  0.0
2402128  0.0
2402129  0.0
2402131  0.0
2402132  0.0
2402134  0.0
2402135  0.0
2402136  0.0
2402137  0.0
2402139  0.0
2402140  0.0
2402142  0.0
2402143  0.0
2402144  0.0
2402147  0.0
2402149  0.0
2402152  0.0
2402153  0.0
2402155  0.0
2402156  0.0
2402158  0.0
2402161  0.0
2402163  0.0
2402167  0.0
2402168  0.0
2402169  0.0
2402170  0.0
2402171  0.0
2402174  0.0
2402176  0.0
2402177  0.0
2402178  0.0
2402179  0.0
2402181  0.0
2402183  0.0
2402187  0.0
2402188  0.0
2402189  0.0
2402190  0.0
2402191  0.0
2402192  0.0
2402193  0.0
2402196  0.0
2402198  0.0
2402199  0.0
2402200  0.0
2402201  0.0
2402203  0.0
2402205  0.0
2402209  0.0
2402210  0.0
2402212  0.0
2402213  0.0
2402216  0.0
2402217  0.0
2402218  0.0
2402219  0.0
2402228  0.0
2402229  0.0
2402231  0.0
2402234  0.0
2402235  0.0
2402236  0.0
2402237  0.0
2402241  0.0
2402242  0.0
2402243  0.0
2402244  0.0
2402246  0.0
2402249  0.0
2402250  0.0
2402254  0.0
2402258  0.0
2402259  0.0
2402260  0.0
2402261  0.0
2402262  0.0
2402263  0.0
2402264  0.0
2402265  0.0
2402266  0.0
2402267  0.0
2402270  0.0
2402271  0.0
2402274  0.0
2402276  0.0
2402278  0.0
2402280  0.0
2402282  0.0
2402284  0.0
2402295  0.0
2402298  0.0
2402299  0.0
2402300  0.0
2402303  0.0
2402304  0.0
2402308  0.0
2402309  0.0
2402313  0.0
2402314  0.0
2402315  0.0
2402316  0.0
2402317  0.0
2402318  0.0
2402319  0.0
2402320  0.0
2402321  0.0
2402322  0.0
2402328  0.0
2402330  0.0
2402332  0.0
2402334  0.0
2402336  0.0
2402338  0.0
2402349  0.0
2402350  0.0
2402353  0.0
2402354  0.0
2402355  0.0
2402356  0.0
2402360  0.0
2402361  0.0
2402362  0.0
2402363  0.0
2402365  0.0
2402368  0.0
2402369  0.0
2402373  0.0
2402374  0.0
2402378  0.0
2402379  0.0
2402380  0.0
2402381  0.0
2402382  0.0
2402383  0.0
2402384  0.0
2402385  0.0
2402386  0.0
2402387  0.0
2402390  0.0
2402392  0.0
2402393  0.0
2402395  0.0
2402396  0.0
2402397  0.0
2402399  0.0
2402400  0.0
2402401  0.0
2402402  0.0
2402406  0.0
2402407  0.0
2402409  0.0
2402412  0.0
2402413  0.0
2402416  0.0
2402425  0.0
2402435  0.0
2402438  0.0
2402439  0.0
2402442  0.0
2402444  0.0
2402445  0.0
2402446  0.0
2402449  0.0
2402450  0.0
2402454  0.0
2402455  0.0
2402457  0.0
2402458  0.0
2402460  0.0
2402461  0.0
2402462  0.0
2402464  0.0
2402465  0.0
2402466  0.0
2402469  0.0
2402470  0.0
2402471  0.0
2402472  0.0
2402473  0.0
2402476  0.0
2402479  0.0
2402481  0.0
2402482  0.0
2402483  0.0
2402484  0.0
2402485  0.0
2402486  0.0
2402487  0.0
2402488  0.0
2402489  0.0
2402490  0.0
2402492  0.0
2402493  0.0
2402495  0.0
2402496  0.0
2402497  0.0
2402499  0.0
2402500  0.0
2402501  0.0
2402504  0.0
2402506  0.0
2402507  0.0
2402511  0.0
2402512  0.0
2402515  0.0
2402526  0.0
2402527  0.0
2402528  0.0
2402529  0.0
2402530  0.0
2402531  0.0
2402532  0.0
2402535  0.0
2402537  0.0
2402538  0.0
2402539  0.0
2402542  0.0
2402545  0.0
2402546  0.0
2402547  0.0
2402548  0.0
2402549  0.0
2402551  0.0
2402553  0.0
2402555  0.0
2402556  0.0
2402557  0.0
2402559  0.0
2402560  0.0
2402561  0.0
2402563  0.0
2402567  0.0
2402568  0.0
2402571  0.0
2402581  0.0
2402582  0.0
2402585  0.0
2402586  0.0
2402587  0.0
2402588  0.0
2402590  0.0
2402591  0.0
2402592  0.0
2402594  0.0
2402598  0.0
2402599  0.0
2402600  0.0
2402602  0.0
2402605  0.0
2402611  0.0
2402612  0.0
2402613  0.0
2402616  0.0
2402617  0.0
2402620  0.0
2402623  0.0
2402624  0.0
2402625  0.0
2402628  0.0
2402629  0.0
2402632  0.0
2402635  0.0
2402636  0.0
2402637  0.0
2402640  0.0
2402641  0.0
2402645  0.0
2402647  0.0
2402648  0.0
2402651  0.0
2402652  0.0
2402658  0.0
2402659  0.0
2402660  0.0
2402663  0.0
2402664  0.0
2402669  0.0
2402670  0.0
2402671  0.0
2402674  0.0
2402675  0.0
2402678  0.0
2402679  0.0
2402681  0.0
2402683  0.0
2402684  0.0
2402685  0.0
2402687  0.0
2402688  0.0
2402692  0.0
2402694  0.0
2402702  0.0
2402703  0.0
2402706  0.0
2402707  0.0
2402710  0.0
2402711  0.0
2402714  0.0
2402715  0.0
2402718  0.0
2402719  0.0
2402725  0.0
2402726  0.0
2402727  0.0
2402730  0.0
2402731  0.0
2402734  0.0
2402735  0.0
2402737  0.0
2402738  0.0
2402740  0.0
2402741  0.0
2402742  0.0
2402746  0.0
2402747  0.0
2402748  0.0
2402749  0.0
2402752  0.0
2402755  0.0
2402758  0.0
2402759  0.0
2402760  0.0
2402761  0.0
2402763  0.0
2402764  0.0
2402766  0.0
2402767  0.0
2402768  0.0
2402770  0.0
2402778  0.0
2402779  0.0
2402782  0.0
2402783  0.0
2402786  0.0
2402787  0.0
2402790  0.0
2402791  0.0
2402794  0.0
2402795  0.0
2402801  0.0
2402802  0.0
2402803  0.0
2402806  0.0
2402807  0.0
2402810  0.0
2402811  0.0
2402813  0.0
2402814  0.0
2402816  0.0
2402817  0.0
2402818  0.0
2402821  0.0
2402822  0.0
2402823  0.0
2402824  0.0
2402827  0.0
2402830  0.0
2402831  0.0
2402832  0.0
2402835  0.0
2402838  0.0
2402839  0.0
2402842  0.0
2402843  0.0
2402845  0.0
2402846  0.0
2402848  0.0
2402849  0.0
2402850  0.0
2402852  0.0
2402861  0.0
2402862  0.0
2402863  0.0
2402865  0.0
2402866  0.0
2402867  0.0
2402871  0.0
2402872  0.0
2402873  0.0
2402874  0.0
2402877  0.0
2402879  0.0
2402883  0.0
2402886  0.0
2402890  0.0
2402893  0.0
2402894  0.0
2402895  0.0
2402896  0.0
2402897  0.0
2402899  0.0
2402904  0.0
2402905  0.0
2402906  0.0
2402909  0.0
2402910  0.0
2402911  0.0
2402913  0.0
2402914  0.0
2402915  0.0
2402916  0.0
2402917  0.0
2402918  0.0
2402920  0.0
2402921  0.0
2402923  0.0
2402924  0.0
2402925  0.0
2402927  0.0
2402930  0.0
2402932  0.0
2402933  0.0
2402936  0.0
2402946  0.0
2402947  0.0
2402951  0.0
2402952  0.0
2402954  0.0
2402955  0.0
2402957  0.0
2402958  0.0
2402959  0.0
2402961  0.0
2402971  0.0
2402972  0.0
2402976  0.0
2402977  0.0
2402979  0.0
2402980  0.0
2402982  0.0
2403015  0.0
2403034  0.0
2403045  0.0
2403046  0.0
2403048  0.0
2403065  0.0
2403066  0.0
2403068  0.0
2403069  0.0
2403071  0.0
2403072  0.0
2403076  0.0
2403077  0.0
2403078  0.0
2403079  0.0
2403082  0.0
2403084  0.0
2403086  0.0
2403088  0.0
2403089  0.0
2403093  0.0
2403096  0.0
2403097  0.0
2403098  0.0
2403100  0.0
2403102  0.0
2403106  0.0
2403110  0.0
2403113  0.0
2403114  0.0
2403115  0.0
2403117  0.0
2403118  0.0
2403120  0.0
2403121  0.0
2403123  0.0
2403126  0.0
2403127  0.0
2403129  0.0
2403144  0.0
2403145  0.0
2403149  0.0
2403150  0.0
2403152  0.0
2403153  0.0
2403155  0.0
2403156  0.0
2403160  0.0
2403161  0.0
2403162  0.0
2403163  0.0
2403166  0.0
2403168  0.0
2403170  0.0
2403172  0.0
2403173  0.0
2403177  0.0
2403180  0.0
2403181  0.0
2403182  0.0
2403184  0.0
2403186  0.0
2403190  0.0
2403194  0.0
2403197  0.0
2403198  0.0
2403199  0.0
2403201  0.0
2403202  0.0
2403204  0.0
2403205  0.0
2403207  0.0
2403210  0.0
2403211  0.0
2403213  0.0
2403253  0.0
2403254  0.0
2403255  0.0
2403256  0.0
2403257  0.0
2403258  0.0
2403259  0.0
2403260  0.0
2403265  0.0
2403266  0.0
2403267  0.0
2403268  0.0
2403270  0.0
2403309  0.0
2403310  0.0
2403311  0.0
2403312  0.0
2403313  0.0
2403314  0.0
2403315  0.0
2403316  0.0
2403321  0.0
2403322  0.0
2403323  0.0
2403324  0.0
2403326  0.0
2403339  0.0
2403343  0.0
2403366  0.0
2403374  0.0
2403376  0.0
2403377  0.0
2403380  0.0
2403393  0.0
2403402  0.0
2403403  0.0
2403411  0.0
2403419  0.0
2403437  0.0
2403446  0.0
2403447  0.0
2403449  0.0
2403450  0.0
2403453  0.0
2403454  0.0
2403458  0.0
2403459  0.0
2403460  0.0
2403462  0.0
2403478  0.0
2403479  0.0
2403483  0.0
2403484  0.0
2403485  0.0
2403487  0.0
2403505  0.0
2403514  0.0
2403515  0.0
2403517  0.0
2403518  0.0
2403521  0.0
2403522  0.0
2403526  0.0
2403527  0.0
2403528  0.0
2403530  0.0
2403547  0.0
2403553  0.0
2403574  0.0
2403576  0.0
2403628  0.0
2403644  0.0
2403645  0.0
2403646  0.0
2403647  0.0
2403649  0.0
2403665  0.0
2403666  0.0
2403667  0.0
2403668  0.0
2403670  0.0
2403707  0.0
2403708  0.0
2403709  0.0
2403710  0.0
2403711  0.0
2403712  0.0
2403713  0.0
2403714  0.0
2403715  0.0
2403716  0.0
2403717  0.0
2403718  0.0
2403719  0.0
2500047  0.0
2500057  0.0
2500068  0.0
2500091  0.0
2500113  0.0
2500114  0.0
2500129  0.0
2500131  0.0
2500132  0.0
2500134  0.0
2500136  0.0
2500152  0.0
2500154  0.0
2500155  0.0
2500157  0.0
2500159  0.0
2500180  0.0
2500198  0.0
2500200  0.0
2500201  0.0
2500203  0.0
2500205  0.0
2500217  0.0
2500218  0.0
2500220  0.0
2500231  0.0
2500232  0.0
2500233  0.0
2500234  0.0
2500237  0.0
2600040  0.0
2600041  0.0
2600053  0.0
2600054  0.0
2803825  0.0
2803828  0.0
2803834  0.0
2803835  0.0
2803836  0.0
2803838  0.0
2803839  0.0
2803840  0.0
2803841  0.0
2803843  0.0
2803844  0.0
2803845  0.0
2803846  0.0
2803848  0.0
2803849  0.0
2803855  0.0
2803856  0.0
2803858  0.0
2803859  0.0
2803860  0.0
2803861  0.0
2803867  0.0
2803873  0.0
2803879  0.0
3000376  0.0
3000385  0.0
3000387  0.0
3000392  0.0
