3000213  0.19213636219501495
3000272  0.19178061187267303
3000090  0.1916602998971939
3000124  0.1912345588207245
3000322  0.1911984533071518
3000229  0.19118192791938782
3000074  0.1910632997751236
3000301  0.19101038575172424
3000212  0.1909821629524231
3000231  0.19084465503692627
3000183  0.19079630076885223
3000343  0.19070838391780853
3000346  0.19058886170387268
3000156  0.19046351313591003
3000226  0.19028113782405853
3000045  0.1902058720588684
3000238  0.19019682705402374
3000240  0.19014181196689606
3000247  0.19010090827941895
3000227  0.190023273229599
3000126  0.19001907110214233
3000314  0.1899932324886322
3000223  0.18997962772846222
3000252  0.18985651433467865
3000253  0.18985480070114136
3000075  0.18983368575572968
3000339  0.18978214263916016
3000179  0.18976841866970062
3000215  0.18965062499046326
3000046  0.18961232900619507
3000318  0.18956954777240753
3000088  0.18948297202587128
3000176  0.18938201665878296
3000159  0.18931883573532104
3000327  0.18928806483745575
3000164  0.1892458200454712
3000094  0.189202219247818
3000133  0.18916800618171692
3000261  0.1890871822834015
3000248  0.18901929259300232
3000354  0.18896441161632538
2401779  0.1889548897743225
3000166  0.188859224319458
3000228  0.18882125616073608
3000297  0.18880537152290344
3000089  0.1887838989496231
3000317  0.18871571123600006
3000328  0.18870534002780914
3000330  0.1886950135231018
3000162  0.1886795461177826
3000081  0.18866349756717682
3000084  0.188632532954216
3000357  0.1885180026292801
3000072  0.1885138899087906
3000310  0.1885012537240982
3000344  0.1884128451347351
3000048  0.18837322294712067
3000125  0.18833871185779572
3000113  0.18833792209625244
3000104  0.18833298981189728
3000225  0.18833188712596893
3000171  0.18832236528396606
3000281  0.1882021278142929
3000206  0.1881539672613144
3000142  0.18814855813980103
3000096  0.18813326954841614
3000117  0.18812048435211182
2400491  0.18811801075935364
3000122  0.18810565769672394
3000047  0.18808823823928833
3000097  0.18807990849018097
3000138  0.1880616545677185
3000287  0.18804720044136047
3000174  0.18802669644355774
3000118  0.18799743056297302
3000230  0.18793444335460663
3000194  0.18792814016342163
3000349  0.18790358304977417
3000056  0.18785834312438965
3000197  0.18777106702327728
3000085  0.1877710223197937
3000087  0.18775741755962372
3000275  0.18775226175785065
2402489  0.1877465397119522
3000242  0.18774010241031647
3000249  0.18771924078464508
3000196  0.18766970932483673
3000161  0.18766355514526367
3000355  0.18764916062355042
3000214  0.18762975931167603
3000100  0.18761393427848816
3000099  0.18760357797145844
3000077  0.18756572902202606
3000299  0.18755173683166504
3000309  0.18752892315387726
3000102  0.1875150352716446
3000296  0.18749605119228363
3000305  0.18749147653579712
3000051  0.1874721199274063
3000127  0.18746832013130188
3000091  0.18746817111968994
3000289  0.18746253848075867
3000294  0.18744757771492004
3000302  0.1874232441186905
1400033  0.187376469373703
3000098  0.18736180663108826
3000204  0.18731163442134857
3000285  0.1872933954000473
3000218  0.18728949129581451
3000128  0.1872766762971878
3000108  0.18722373247146606
3000300  0.18721063435077667
2402629  0.18717055022716522
3000177  0.187144473195076
3000060  0.1871398240327835
3000259  0.18713228404521942
2401035  0.187131866812706
1900659  0.187078058719635
3000351  0.187076136469841
3000073  0.18706373870372772
3000329  0.187055766582489
3000273  0.18705029785633087
3000217  0.18704445660114288
3000336  0.1870431900024414
2402658  0.18699756264686584
3000132  0.18699736893177032
2401103  0.18697331845760345
3000307  0.18695791065692902
3000319  0.18695706129074097
3000345  0.18695123493671417
3000313  0.18692797422409058
3000311  0.18692053854465485
3000198  0.18689441680908203
3000167  0.18688948452472687
3000209  0.18688948452472687
2500134  0.1868811696767807
3000308  0.18687981367111206
3000109  0.1868680715560913
3000149  0.1868632286787033
3000295  0.18684178590774536
3000123  0.18682581186294556
1000172  0.18680551648139954
3000044  0.18679040670394897
2402561  0.1867566853761673
3000203  0.18675634264945984
2402512  0.18675203621387482
3000071  0.18674874305725098
3000067  0.18671704828739166
3000270  0.18671010434627533
3000250  0.1867055743932724
1001132  0.18670502305030823
2403458  0.18670149147510529
1700070  0.18669837713241577
3000216  0.18669652938842773
3000316  0.1866927444934845
3000370  0.18668799102306366
3000232  0.18667948246002197
3000207  0.1866665929555893
3000325  0.18663588166236877
3000186  0.18662413954734802
3000063  0.18662384152412415
3000107  0.18661871552467346
3000039  0.18659235537052155
3000169  0.18658612668514252
3000335  0.18658259510993958
3000312  0.18658071756362915
3000112  0.18656650185585022
2903754  0.18652315437793732
3000274  0.18651725351810455
3000221  0.18650826811790466
3000306  0.18649721145629883
3000152  0.18649105727672577
1000081  0.18646672368049622
1000066  0.18645186722278595
2402038  0.18644002079963684
3000315  0.18642322719097137
2403172  0.18640924990177155
2402530  0.18639783561229706
2402766  0.1863972395658493
3000338  0.18639475107192993
3000265  0.18639320135116577
3000356  0.18637022376060486
3000158  0.1863623559474945
2500217  0.1863579899072647
2402571  0.18634770810604095
3000134  0.18634682893753052
3000148  0.18631866574287415
2200050  0.18631230294704437
3000070  0.18631084263324738
3000334  0.18628543615341187
2401195  0.18627800047397614
3000234  0.18624559044837952
2401304  0.18622535467147827
2401524  0.1862105429172516
3000321  0.18618181347846985
2402085  0.1861761510372162
3000372  0.18617580831050873
2401982  0.1861722618341446
2400603  0.1861681342124939
2402188  0.1861608773469925
3000160  0.18613749742507935
3000146  0.18613064289093018
3000147  0.18612918257713318
3000303  0.18612153828144073
3000106  0.1861128956079483
3000304  0.18610946834087372
2403257  0.18610906600952148
3000119  0.18610264360904694
3000222  0.1860657036304474
2401206  0.18605554103851318
3000244  0.18604442477226257
2400420  0.18602237105369568
2401300  0.18602190911769867
3000200  0.18601776659488678
2403454  0.18598459661006927
2401403  0.18598130345344543
2401914  0.18597626686096191
1000511  0.1859566569328308
2401112  0.18593916296958923
1000527  0.18593339622020721
2401946  0.18591341376304626
3000255  0.18587949872016907
3000199  0.18587888777256012
3000101  0.18586815893650055
2402961  0.1858549416065216
3000264  0.18582473695278168
3000076  0.185824453830719
3000246  0.18582147359848022
2402416  0.18582101166248322
2903755  0.1858094334602356
2402623  0.18580804765224457
1200045  0.18579943478107452
1000290  0.18579787015914917
3000236  0.18579187989234924
3000049  0.18578393757343292
2400376  0.18577943742275238
2401151  0.18575453758239746
2401471  0.18574835360050201
2402651  0.1857120543718338
3000172  0.1856972873210907
3000059  0.18567584455013275
2402664  0.18567407131195068
2401350  0.18565979599952698
3000350  0.18564251065254211
3000269  0.1856352835893631
2402586  0.1856207698583603
3000052  0.18561597168445587
3000057  0.18561579287052155
2400534  0.18561193346977234
3000140  0.18561193346977234
1000126  0.18560951948165894
3000189  0.18558289110660553
3000080  0.18558144569396973
3000337  0.18557825684547424
2402767  0.18557631969451904
1000295  0.18557317554950714
3000145  0.1855309009552002
2400413  0.18549364805221558
3000141  0.18548503518104553
1000812  0.18548241257667542
3000224  0.18544968962669373
2400869  0.18544182181358337
3000324  0.18542338907718658
1000435  0.1853824108839035
2400579  0.1853608787059784
3000266  0.18533550202846527
2402083  0.18533416092395782
3000175  0.18531125783920288
2400890  0.18530693650245667
3000093  0.1853068470954895
3000191  0.18530313670635223
2000277  0.1852857619524002
3000190  0.1852794885635376
2401050  0.18526768684387207
3000193  0.18526369333267212
3000165  0.18526366353034973
3000288  0.1852625161409378
3000116  0.18524758517742157
2401377  0.18524108827114105
3000136  0.18521864712238312
2402547  0.18519344925880432
2401589  0.18518075346946716
3000195  0.1851796656847
1000980  0.1851712167263031
2403088  0.18516726791858673
2402527  0.1851637065410614
1200046  0.18515582382678986
2402317  0.18515467643737793
2402507  0.18514887988567352
1000313  0.1851445883512497
2403446  0.185141459107399
3000271  0.18511801958084106
2000585  0.1851174384355545
3000390  0.1851169466972351
3000058  0.1851145625114441
1000200  0.18511269986629486
2401265  0.1851072609424591
1400051  0.18509972095489502
2400538  0.18509551882743835
3000188  0.18509402871131897
2401941  0.1850917786359787
3000340  0.18509043753147125
2400435  0.18508073687553406
1000853  0.18506257236003876
1700080  0.18506106734275818
3000278  0.18505768477916718
2401595  0.18505588173866272
2401767  0.18504995107650757
3000243  0.18504811823368073
3000083  0.1850472092628479
2403475  0.18503911793231964
2402203  0.18503879010677338
1000664  0.18503786623477936
2402496  0.1850292831659317
2402852  0.18502108752727509
2000731  0.18500809371471405
2402499  0.18499818444252014
3000105  0.18499289453029633
3000286  0.18499164283275604
2100038  0.18499048054218292
1900298  0.18498647212982178
1000281  0.18496420979499817
3000251  0.18495556712150574
2402490  0.18494682013988495
3000258  0.18494649231433868
3000111  0.1849437654018402
3000292  0.18493779003620148
1000688  0.18493391573429108
2403033  0.18493327498435974
3000151  0.18492166697978973
2000571  0.18491075932979584
2400634  0.18490958213806152
2401876  0.1849093735218048
3000092  0.18490789830684662
3000137  0.18490473926067352
2400548  0.18490314483642578
1000284  0.18490250408649445
1700048  0.18490204215049744
2401136  0.18489578366279602
1200047  0.18489575386047363
3000219  0.18487095832824707
2000474  0.18486201763153076
2401566  0.18486112356185913
2000657  0.18486107885837555
3000082  0.18486058712005615
2401301  0.18485188484191895
2000790  0.18484878540039062
2500057  0.184847891330719
3000153  0.18483270704746246
3000150  0.1848316788673401
3000135  0.18482796847820282
2402058  0.18482299149036407
2400480  0.18481643497943878
2402846  0.1848158985376358
1000977  0.18480649590492249
1001097  0.18480554223060608
2401196  0.1848021298646927
2401295  0.18480180203914642
2401071  0.18479937314987183
2402535  0.18479721248149872
2403046  0.18479269742965698
2402350  0.1847836971282959
3000333  0.1847793608903885
2402046  0.18476761877536774
2402471  0.18475577235221863
2401601  0.18475526571273804
3000342  0.18474987149238586
3000086  0.18474969267845154
2402972  0.18472981452941895
2401331  0.18472763895988464
2000797  0.1846948266029358
3000187  0.18468613922595978
1000051  0.18468022346496582
2401937  0.18467700481414795
3000282  0.18467678129673004
2403144  0.1846686601638794
1000666  0.1846684217453003
3000326  0.18465086817741394
3000279  0.184639111161232
3000163  0.18463563919067383
2402487  0.18463198840618134
2402730  0.18462947010993958
3000237  0.18462064862251282
2803848  0.1846119463443756
2000102  0.18460360169410706
2402353  0.18460237979888916
2000728  0.18460135161876678
1000134  0.1845860779285431
2402298  0.18457961082458496
1900629  0.18457560241222382
2401250  0.1845642328262329
2400864  0.18456213176250458
1000289  0.1845603734254837
2403543  0.18455983698368073
2401515  0.18455059826374054
2402801  0.18453817069530487
3000139  0.1845262199640274
2000418  0.18451711535453796
3000208  0.18451595306396484
2402714  0.18450528383255005
3000064  0.18450051546096802
2402158  0.18449081480503082
3000103  0.18449026346206665
2401636  0.1844882369041443
2200068  0.18448390066623688
1000332  0.18448364734649658
2401032  0.18447408080101013
3000121  0.18447384238243103
2401565  0.18446050584316254
3000353  0.18444623053073883
1000123  0.18444569408893585
3000260  0.1844424456357956
3000061  0.18443770706653595
2401285  0.18443170189857483
1700086  0.18442022800445557
2403089  0.1844092309474945
3000154  0.18440163135528564
1001100  0.1843934953212738
2402545  0.18438413739204407
2403708  0.18438106775283813
3000185  0.1843772530555725
3000129  0.18437394499778748
2402501  0.184368297457695
2403198  0.18436498939990997
2401649  0.18436376750469208
2401475  0.18436329066753387
1000510  0.1843598186969757
1000075  0.18435849249362946
2401030  0.1843547374010086
2402731  0.1843506395816803
2400978  0.18433906137943268
3000192  0.18433654308319092
2403586  0.18431474268436432
2402659  0.1843123435974121
2400481  0.1843089759349823
2401204  0.18430855870246887
3000178  0.18430708348751068
2401160  0.18430407345294952
2401933  0.18429382145404816
3000283  0.1842891275882721
2401684  0.1842801719903946
2400862  0.1842762678861618
3000066  0.1842755824327469
1000357  0.18427446484565735
2402013  0.1842695027589798
1400053  0.18426631391048431
2402016  0.18426533043384552
3000114  0.18426348268985748
2400957  0.18426261842250824
3000120  0.1842568963766098
2000394  0.184254989027977
2400700  0.18424092233181
2401567  0.18424092233181
1900144  0.18423856794834137
1000466  0.18422448635101318
1001070  0.18421733379364014
2402267  0.18421617150306702
2402640  0.18420760333538055
2402598  0.18420527875423431
1000054  0.18420298397541046
2401107  0.18419574201107025
2000335  0.1841893494129181
1000296  0.18418622016906738
2903722  0.18418601155281067
3000284  0.1841762214899063
2403199  0.18417242169380188
2402866  0.18415124714374542
2000696  0.18414022028446198
2401387  0.18413524329662323
2402914  0.18413302302360535
2402246  0.1841261237859726
2401276  0.18412141501903534
2402758  0.18411926925182343
2402264  0.18410930037498474
2401164  0.18410910665988922
2402542  0.1841031163930893
3000062  0.18409523367881775
2402152  0.18409474194049835
2000727  0.1840735673904419
2000726  0.18407215178012848
3000054  0.18406791985034943
1000720  0.18405763804912567
2400986  0.1840544193983078
2401047  0.18404710292816162
2402637  0.18404650688171387
2400509  0.18403927981853485
1400052  0.18403376638889313
2402893  0.18403233587741852
3000180  0.1840182989835739
2402129  0.1840171068906784
3000201  0.18401631712913513
2401682  0.18401175737380981
2401708  0.18400318920612335
2402254  0.1839965581893921
2000278  0.18399642407894135
2403485  0.18398497998714447
3000291  0.1839849203824997
3000181  0.18398381769657135
3000168  0.18397463858127594
2402959  0.18396849930286407
2500254  0.1839681714773178
1000193  0.18396711349487305
2403649  0.1839640587568283
3000069  0.18396209180355072
2803840  0.18395566940307617
3000298  0.18395526707172394
1001141  0.18395164608955383
1200051  0.18394745886325836
2402050  0.1839464157819748
3000202  0.1839415431022644
2401323  0.18394069373607635
2403197  0.1839313507080078
2400897  0.18392722308635712
2402032  0.1839219033718109
1900180  0.18391895294189453
2401197  0.18391697108745575
1300048  0.18390414118766785
2401917  0.1839025914669037
3000280  0.18390007317066193
2401724  0.18389685451984406
3000065  0.1838962733745575
2400987  0.1838921457529068
3000263  0.18388958275318146
1000719  0.1838894784450531
2500252  0.1838889867067337
2400403  0.18388861417770386
2400629  0.18388572335243225
2403102  0.18388529121875763
3000268  0.1838807910680771
2402692  0.18387725949287415
2400694  0.1838737279176712
2400737  0.18386802077293396
3000068  0.18386216461658478
2401921  0.1838596612215042
3000184  0.1838563084602356
3000220  0.18384361267089844
2401445  0.18383823335170746
2401038  0.18383438885211945
2402778  0.1838277280330658
2000675  0.18382327258586884
1000715  0.18382076919078827
2400861  0.1838177740573883
2402137  0.18381471931934357
1000198  0.18380703032016754
2403205  0.18380388617515564
2000729  0.183800607919693
2401202  0.1837964653968811
2402237  0.18379615247249603
3000130  0.18378505110740662
3000320  0.1837829053401947
2100047  0.18377597630023956
2403462  0.1837758719921112
2400988  0.18377362191677094
2402082  0.18377073109149933
2803879  0.18376794457435608
2000444  0.18376779556274414
2402183  0.18376325070858002
2401060  0.18375614285469055
2000516  0.18375538289546967
3000110  0.1837478131055832
2401537  0.1837472915649414
2401771  0.18374423682689667
2000705  0.1837436854839325
2403202  0.18374304473400116
2403717  0.18373721837997437
1900445  0.1837337464094162
2402012  0.18373090028762817
2402216  0.1837259829044342
2500203  0.18372398614883423
2401215  0.18372134864330292
2402806  0.18371674418449402
2400410  0.1837165802717209
1001110  0.1837155818939209
2401025  0.18371477723121643
2401189  0.183712899684906
2402977  0.18371279537677765
2400436  0.18371202051639557
3000396  0.18370620906352997
2402734  0.18370109796524048
1000521  0.18369077146053314
2403113  0.1836848258972168
2401175  0.1836824119091034
2402813  0.18367715179920197
2403437  0.18367710709571838
3000050  0.1836739331483841
2400813  0.183670774102211
2803858  0.18367047607898712
2000435  0.1836698204278946
3000277  0.18366606533527374
2401199  0.18366177380084991
2401643  0.18366146087646484
1700045  0.1836549937725067
1000139  0.18364980816841125
2400541  0.18364602327346802
2402748  0.18364354968070984
2402835  0.1836433708667755
2402567  0.18364331126213074
2402396  0.1836429089307785
2000674  0.1836419254541397
2400731  0.18364012241363525
1000768  0.18363232910633087
2402848  0.1836298555135727
2400892  0.18362820148468018
2402196  0.18362078070640564
3000323  0.18361978232860565
2400450  0.183616504073143
2400473  0.18361617624759674
1000684  0.18361493945121765
2401088  0.18361134827136993
3000115  0.18361066281795502
3000332  0.18360884487628937
2401942  0.18360842764377594
2401764  0.1836051344871521
3000053  0.18360330164432526
2402187  0.18360158801078796
2500129  0.1835944801568985
2402066  0.1835896521806717
2402602  0.1835894137620926
1000517  0.1835818886756897
2000531  0.18357662856578827
1000132  0.18357539176940918
2402616  0.18357209861278534
2403129  0.1835719645023346
2400952  0.18356558680534363
2400371  0.18355904519557953
1000328  0.18355882167816162
2402681  0.18355794250965118
2402190  0.1835530400276184
3000241  0.18354834616184235
1000693  0.18354667723178864
2000419  0.1835404932498932
2400905  0.18353937566280365
2401882  0.18353520333766937
3000233  0.1835286170244217
2401544  0.18352390825748444
2401040  0.18352262675762177
2402849  0.18352079391479492
1000303  0.18351273238658905
2401615  0.1835058033466339
2402652  0.18350337445735931
2400872  0.18349924683570862
1000467  0.18349291384220123
2402435  0.18348629772663116
2402927  0.18348091840744019
2401380  0.18347761034965515
2402539  0.1834767460823059
1800045  0.18347276747226715
2400949  0.18346993625164032
1900523  0.18346861004829407
2400771  0.18346376717090607
2403321  0.18346041440963745
2402061  0.18345975875854492
2400752  0.18345804512500763
2401279  0.18345405161380768
1001000  0.18344874680042267
2400889  0.18344561755657196
3000173  0.18344460427761078
2403170  0.1834426373243332
2500265  0.18344193696975708
2500200  0.18344072997570038
2401664  0.18343670666217804
2403527  0.18343587219715118
2402526  0.18342633545398712
2400430  0.18342313170433044
2402445  0.18342292308807373
1900618  0.18342141807079315
2401073  0.1834193766117096
2401008  0.18341504037380219
2401386  0.18341326713562012
2200070  0.18341293931007385
2400604  0.1834045797586441
2401061  0.1833990216255188
1900412  0.18339191377162933
3000170  0.18339112401008606
3000341  0.18338839709758759
2402042  0.18338003754615784
2401976  0.18337607383728027
1000306  0.18337498605251312
2402454  0.18337374925613403
1000713  0.18337151408195496
2401736  0.1833694726228714
1000206  0.18336592614650726
2401268  0.18336208164691925
2402030  0.18335221707820892
3000210  0.18335145711898804
2403522  0.18334980309009552
2403667  0.18334299325942993
3000276  0.183339923620224
2400478  0.18333880603313446
3000347  0.18333864212036133
2403419  0.1833381950855255
2000219  0.18333736062049866
2803828  0.18332985043525696
2401404  0.18332184851169586
3000079  0.183319553732872
2402338  0.1833055019378662
1000563  0.1833042949438095
3000293  0.18329505622386932
2400955  0.18329335749149323
2400765  0.18329177796840668
2403716  0.18328739702701569
2401912  0.1832824945449829
2803834  0.18328076601028442
2401272  0.18327537178993225
2400617  0.18327046930789948
2403162  0.1832629293203354
2402458  0.1832612156867981
2401111  0.1832602322101593
3000157  0.18325993418693542
2402924  0.18324780464172363
2402936  0.18323475122451782
2401051  0.18323293328285217
1800057  0.18323281407356262
2401045  0.1832229346036911
2000858  0.1832217425107956
3000182  0.1832178682088852
2403100  0.18321719765663147
1000884  0.18321049213409424
2401267  0.18320463597774506
2402746  0.1831963211297989
2401277  0.18319453299045563
2401188  0.18319347500801086
2401583  0.18319246172904968
2402319  0.1831880509853363
1001130  0.18318356573581696
3000235  0.18318180739879608
1000195  0.18317705392837524
2401364  0.18317505717277527
2403590  0.18316978216171265
2402378  0.1831681877374649
1000412  0.18316194415092468
2403377  0.18316063284873962
2402334  0.18315225839614868
2402715  0.18314899504184723
2401680  0.18314459919929504
2403097  0.18314412236213684
2401251  0.18314242362976074
2403576  0.18314078450202942
2401286  0.1831388920545578
1000233  0.1831366866827011
2402865  0.18313607573509216
2400514  0.18313322961330414
2400703  0.18313294649124146
2401506  0.18313129246234894
2402191  0.18313030898571014
3000382  0.1831301748752594
2403201  0.18312984704971313
2402660  0.18312658369541168
2401447  0.183125838637352
1700074  0.18312063813209534
2402838  0.18311791121959686
2402483  0.18311601877212524
2400867  0.1831100434064865
3000254  0.18310871720314026
1100051  0.18310296535491943
2401080  0.18309909105300903
2403551  0.18309560418128967
2402336  0.18309538066387177
2401640  0.18309344351291656
2401302  0.18309088051319122
2400501  0.18308936059474945
3000078  0.18308371305465698
2400660  0.1830834597349167
2401776  0.18307265639305115
1900403  0.1830722838640213
2803856  0.18306688964366913
2000751  0.1830616444349289
2000557  0.18305741250514984
3000352  0.18305648863315582
1000513  0.18305063247680664
2400571  0.1830487847328186
2400901  0.18304526805877686
2000479  0.1830420345067978
2402553  0.18304121494293213
2402531  0.18303708732128143
1001027  0.1830338090658188
1900542  0.18303288519382477
2400662  0.1830262839794159
2000872  0.1830243468284607
2401191  0.18302397429943085
2401280  0.18301540613174438
2402486  0.18301251530647278
2401648  0.18301063776016235
2403266  0.18300606310367584
2401365  0.18300344049930573
1000299  0.1829962283372879
2303808  0.18299566209316254
2400877  0.18299232423305511
1000685  0.18299128115177155
2402670  0.18298684060573578
2401055  0.18298238515853882
2400553  0.18297860026359558
2402393  0.1829753816127777
2403314  0.18296928703784943
2401219  0.18295730650424957
2401863  0.1829468160867691
1000944  0.1829424500465393
2400859  0.18294201791286469
2400658  0.18294084072113037
2401498  0.18293550610542297
2403403  0.1829322874546051
2402897  0.1829296201467514
1000369  0.18292918801307678
2401848  0.18292810022830963
2803861  0.1829266995191574
2403181  0.18292610347270966
2400464  0.18292540311813354
2403391  0.18292434513568878
2500180  0.18291820585727692
1900231  0.18291600048542023
2401874  0.18291430175304413
2401528  0.182911217212677
2401457  0.18291081488132477
1800069  0.1829087734222412
2402465  0.1829066276550293
2000563  0.18290527164936066
2401559  0.18289847671985626
1200044  0.18289797008037567
2402051  0.1828964650630951
2400636  0.1828954517841339
2402095  0.182888925075531
2402485  0.1828829050064087
2402171  0.1828787624835968
3000383  0.18287798762321472
2402464  0.18287280201911926
2402979  0.182866171002388
2000564  0.18286418914794922
1000411  0.18285717070102692
1000514  0.1828550398349762
2402842  0.1828516572713852
2402457  0.1828441023826599
1000146  0.18284107744693756
3000144  0.18283598124980927
1000779  0.18283168971538544
3000290  0.1828274130821228
1001134  0.18282580375671387
3000256  0.1828230768442154
2402084  0.18282176554203033
2500233  0.18282142281532288
2401177  0.18282060325145721
1000133  0.18281932175159454
2400402  0.1828072965145111
1800044  0.18280036747455597
2400722  0.18279969692230225
2401552  0.1827978938817978
2401246  0.18279698491096497
2401981  0.18279659748077393
2400626  0.18279336392879486
2402648  0.1827911138534546
1000176  0.1827894002199173
2400530  0.1827820986509323
2401337  0.18277741968631744
2400669  0.18277640640735626
2402199  0.18276996910572052
3000211  0.18276970088481903
1200063  0.1827695518732071
2403355  0.18276649713516235
2401456  0.18276534974575043
2403593  0.18276511132717133
2401016  0.18276406824588776
2500068  0.1827634871006012
2402392  0.18276062607765198
2500136  0.1827591210603714
2403152  0.18275868892669678
2402980  0.1827530711889267
1000187  0.18275019526481628
1000663  0.182748481631279
2401090  0.1827481985092163
2403479  0.18274620175361633
2401879  0.18274463713169098
2403258  0.18274201452732086
2400764  0.18274033069610596
1000790  0.18273982405662537
2000622  0.18273939192295074
2400569  0.18273794651031494
2500182  0.18273331224918365
2000869  0.1827307790517807
2200054  0.1827283799648285
2400733  0.18272513151168823
2600041  0.18272222578525543
2401666  0.1827196329832077
2401572  0.18271765112876892
1900575  0.18271416425704956
2400696  0.18269819021224976
2000556  0.1826956421136856
2000290  0.1826857328414917
2803843  0.18268528580665588
1000912  0.1826794147491455
1000716  0.18267375230789185
3000348  0.182664692401886
2403505  0.18264953792095184
2803873  0.18264025449752808
1000737  0.1826338917016983
2403093  0.18263234198093414
2401492  0.1826314777135849
2400411  0.18262676894664764
2402946  0.1826266646385193
2100048  0.18262551724910736
2403395  0.1826220601797104
1900578  0.18261346220970154
2401616  0.1826133131980896
2803849  0.18260593712329865
1000320  0.18260474503040314
2400414  0.1825970560312271
2401992  0.18259507417678833
2401685  0.1825934499502182
1900313  0.18259237706661224
2400359  0.18259118497371674
1900383  0.1825881004333496
2402910  0.1825876086950302
2401108  0.18258529901504517
1000078  0.18258202075958252
2403514  0.182578906416893
2402904  0.18257413804531097
2401830  0.18257193267345428
2000551  0.18256941437721252
2401562  0.18256817758083344
2401826  0.18256674706935883
2402957  0.18256643414497375
2401082  0.18256473541259766
1700063  0.18255777657032013
2401548  0.1825517863035202
2403213  0.18255004286766052
2401241  0.1825491189956665
2402407  0.18254677951335907
2401915  0.18254494667053223
2401086  0.18253906071186066
3000143  0.18253813683986664
2401026  0.18253521621227264
2500157  0.1825345754623413
2400894  0.18253421783447266
1000316  0.18253420293331146
2400568  0.1825304627418518
1000109  0.1825234591960907
2500159  0.18252335488796234
2600040  0.18251824378967285
2400536  0.18251802027225494
2401948  0.1825171858072281
1700069  0.1825169026851654
2402674  0.18250605463981628
2403646  0.18250532448291779
2402879  0.18250450491905212
2401586  0.18250444531440735
2401908  0.18250314891338348
2400884  0.18250109255313873
2402790  0.1824951022863388
2402314  0.1824929416179657
2400375  0.18249206244945526
2400546  0.18249011039733887
2402741  0.18249011039733887
2401971  0.18248823285102844
2402054  0.18247129023075104
2500131  0.1824704110622406
2401299  0.1824689358472824
2402021  0.18246841430664062
2401868  0.18246647715568542
2400665  0.1824663132429123
2400950  0.18246498703956604
2403684  0.1824606955051422
2402538  0.1824539750814438
1300037  0.18245258927345276
2400685  0.18245169520378113
2401657  0.1824491024017334
2403584  0.18244309723377228
2000654  0.1824384331703186
3000392  0.18243831396102905
1900206  0.18243682384490967
2500175  0.18243223428726196
2401564  0.18243128061294556
1000597  0.18242937326431274
1800046  0.18242602050304413
2400904  0.18242564797401428
2402328  0.18241967260837555
2400683  0.18241667747497559
2403315  0.18241289258003235
2401187  0.1824125200510025
2403190  0.1824110597372055
2401988  0.18240433931350708
2401027  0.18239986896514893
2402894  0.18239693343639374
2401013  0.1823912113904953
2000625  0.18238972127437592
2400637  0.18238970637321472
2402740  0.1823866218328476
2401794  0.18238018453121185
1900185  0.18237996101379395
2402824  0.18237809836864471
2403710  0.1823771744966507
2401486  0.18237386643886566
1000898  0.18237294256687164
2803846  0.18237119913101196
2000768  0.18236859142780304
3000055  0.18236391246318817
2000573  0.18236127495765686
2402309  0.18235954642295837
2400475  0.1823594570159912
2401488  0.18235896527767181
2400393  0.18235859274864197
2402821  0.18235675990581512
2401390  0.1823549121618271
1000185  0.18235352635383606
2402719  0.1823529601097107
1000300  0.1823522299528122
2000207  0.1823435127735138
2402559  0.18234308063983917
1001136  0.18233519792556763
2403173  0.18233484029769897
2000513  0.18233412504196167
2402794  0.18233388662338257
2402369  0.182333841919899
2401660  0.18233104050159454
2402142  0.18233048915863037
1000614  0.18232837319374084
2400427  0.18232715129852295
2803855  0.18232662975788116
2402823  0.18232430517673492
3000371  0.1823216676712036
2400941  0.18232020735740662
2401409  0.18231730163097382
3000257  0.1823142170906067
2100037  0.18231362104415894
3000155  0.18230493366718292
2402056  0.1823004186153412
2402710  0.18229557573795319
3000262  0.18229396641254425
2403072  0.18229050934314728
1900499  0.18228578567504883
2402177  0.18228264153003693
2402504  0.1822819858789444
2403065  0.18226943910121918
1000524  0.1822662502527237
2403076  0.18226474523544312
2403163  0.1822633147239685
2402320  0.18226300179958344
2401592  0.18225626647472382
2000559  0.1822524517774582
2401166  0.18225137889385223
2403517  0.18224824965000153
2401334  0.18224427103996277
2402460  0.18224209547042847
2402605  0.1822330504655838
2401571  0.1822321116924286
1800056  0.182230144739151
2000846  0.18222925066947937
2000420  0.18222850561141968
2402318  0.18222805857658386
2400565  0.18222032487392426
2403149  0.18221460282802582
2401618  0.1822131872177124
2403166  0.18221092224121094
1900212  0.18221089243888855
2400640  0.1822108030319214
2401512  0.18221038579940796
2403034  0.1822100430727005
2401989  0.1822020709514618
2402581  0.18219836056232452
2403254  0.18219318985939026
2401668  0.1821907013654709
2400408  0.18218712508678436
1001039  0.18218515813350677
2000695  0.1821841299533844
2402782  0.18218040466308594
1000330  0.18217675387859344
2401049  0.18217535316944122
2401084  0.18217390775680542
2402755  0.18217259645462036
1000370  0.18217052519321442
1900192  0.18216587603092194
2402636  0.18215815722942352
2402600  0.18215727806091309
1000396  0.1821567416191101
2401844  0.18215660750865936
2402617  0.18215414881706238
2400405  0.18214932084083557
2401226  0.18213821947574615
2400524  0.18213815987110138
2402386  0.18213771283626556
2401053  0.18212862312793732
2402259  0.18212540447711945
2500232  0.18212482333183289
2000133  0.18212385475635529
2400550  0.1821223646402359
1001104  0.1821216493844986
2000416  0.1821211576461792
2402156  0.1821131706237793
2000286  0.18211053311824799
1000450  0.1821102797985077
2402266  0.1821058839559555
1900590  0.18209952116012573
1000329  0.18209858238697052
2401139  0.18209807574748993
2403579  0.18209566175937653
2402161  0.18209238350391388
2401497  0.1820874810218811
2400641  0.18208301067352295
2400442  0.18208222091197968
1000127  0.18207822740077972
2000769  0.1820729374885559
2000735  0.1820688396692276
2401719  0.18206605315208435
1000141  0.18206404149532318
2402143  0.18206214904785156
2703790  0.18206171691417694
1000274  0.18205712735652924
2400576  0.1820569783449173
3000267  0.18205471336841583
2400857  0.18204961717128754
2403449  0.18204820156097412
2403460  0.18204081058502197
2403309  0.18203707039356232
2402231  0.1820353865623474
2401977  0.18203535676002502
2402236  0.1820339858531952
1400059  0.1820312887430191
2000395  0.18202902376651764
2400431  0.18202857673168182
2401737  0.18202778697013855
2303810  0.18202711641788483
2402587  0.18202388286590576
2401089  0.18202301859855652
2400699  0.18201670050621033
2403594  0.18201616406440735
2402049  0.18201211094856262
1000287  0.18200796842575073
2401192  0.18200775980949402
2401412  0.18200761079788208
2401176  0.1820071041584015
2400421  0.18200667202472687
2000294  0.1820029318332672
2402557  0.1820012927055359
2403168  0.18199916183948517
2401658  0.1819971799850464
1900602  0.18199218809604645
1000690  0.18199127912521362
2401846  0.1819874495267868
2402862  0.18198542296886444
2401646  0.18198268115520477
2401039  0.18198204040527344
1000868  0.18198183178901672
2402488  0.18198172748088837
2402125  0.18197910487651825
2401627  0.18197719752788544
2500220  0.18197524547576904
2000770  0.18197490274906158
1900215  0.18196995556354523
2402814  0.18196628987789154
2400607  0.18196022510528564
2402168  0.18195955455303192
2403121  0.18195655941963196
2400557  0.18195632100105286
2401156  0.18195122480392456
1000282  0.18194887042045593
2000412  0.18194809556007385
1600050  0.18194639682769775
2402783  0.18194568157196045
2401911  0.18194089829921722
2400912  0.18193690478801727
2403713  0.18193630874156952
2000553  0.1819361448287964
2400920  0.18193525075912476
2401142  0.18193481862545013
2402349  0.1819313019514084
2200071  0.18192754685878754
2400440  0.18192237615585327
1000072  0.18192099034786224
2000680  0.1819194108247757
2000648  0.18191911280155182
2000396  0.18191836774349213
1900218  0.1819179505109787
2402105  0.18191541731357574
2401984  0.18191133439540863
2402951  0.18190978467464447
2400555  0.1819094866514206
2402905  0.18190869688987732
2402537  0.18190203607082367
2402444  0.18190063536167145
2401346  0.18190045654773712
1001131  0.18189813196659088
2000623  0.18189741671085358
2402923  0.18189671635627747
2402555  0.18189078569412231
2401923  0.18188901245594025
2402262  0.18188849091529846
2402679  0.18188247084617615
2000259  0.1818724125623703
2400528  0.1818646490573883
2000699  0.18186230957508087
1000670  0.1818603128194809
2401822  0.18185968697071075
2000649  0.1818544864654541
2403126  0.18184876441955566
2400551  0.18184874951839447
2402106  0.18184702098369598
2401211  0.18184465169906616
2403397  0.1818445324897766
2402613  0.18184420466423035
2500234  0.18184222280979156
2401210  0.18183982372283936
2402234  0.18183782696723938
2403156  0.18183685839176178
2402612  0.18183651566505432
2403265  0.18183089792728424
2000767  0.18182779848575592
2402201  0.181825652718544
2402807  0.18182513117790222
2402890  0.18181827664375305
1000995  0.18180878460407257
1900640  0.1818055808544159
2402017  0.1818036586046219
2400887  0.1817958950996399
2000732  0.18179236352443695
2401369  0.18179135024547577
2401116  0.18178492784500122
2401825  0.18178340792655945
2400448  0.18178191781044006
2403719  0.181777685880661
2402280  0.18177640438079834
1000310  0.18176810443401337
2400446  0.1817661076784134
2401654  0.1817650943994522
1600038  0.1817641407251358
2500201  0.1817641258239746
2000870  0.18176361918449402
1000309  0.18176333606243134
1001129  0.18176265060901642
2402140  0.18175752460956573
2402816  0.18175643682479858
2401248  0.1817542314529419
2403628  0.1817532181739807
2402492  0.18174955248832703
2000725  0.1817493438720703
2000038  0.18174056708812714
2401059  0.18173746764659882
2000773  0.18173186480998993
1700047  0.18172860145568848
2000706  0.1817193478345871
2200072  0.18171197175979614
1000976  0.18171165883541107
2402200  0.18171027302742004
2402921  0.18170984089374542
2401012  0.18170970678329468
2500114  0.1817091852426529
1000318  0.1817036271095276
2401561  0.18169333040714264
1001040  0.18169084191322327
1900507  0.18169040977954865
2402399  0.18168751895427704
2400761  0.18168719112873077
2402217  0.1816868931055069
2402625  0.18168558180332184
2402282  0.18168248236179352
1000335  0.18168197572231293
2400639  0.18167294561862946
2401617  0.18167053163051605
2402212  0.18166986107826233
2400686  0.18166938424110413
2400554  0.18166369199752808
2401209  0.18166138231754303
2401220  0.18166056275367737
2403114  0.18165650963783264
1000275  0.18165543675422668
2402243  0.18165434896945953
1800075  0.18165181577205658
2402048  0.1816503256559372
2402250  0.18164777755737305
1900626  0.1816454380750656
2403546  0.18164415657520294
2402108  0.1816435605287552
1900617  0.18164345622062683
2402620  0.1816401183605194
1000322  0.18163888156414032
2402397  0.18163855373859406
2401949  0.18163476884365082
2401661  0.18163160979747772
2402786  0.1816314309835434
2400644  0.1816280037164688
1900221  0.18162734806537628
2401655  0.18162336945533752
1900498  0.18162105977535248
2401345  0.18161556124687195
1900543  0.1816084086894989
2402153  0.18160727620124817
2401223  0.18160365521907806
2401481  0.18159683048725128
2402036  0.18159519135951996
2401018  0.1815938949584961
2402053  0.18159349262714386
2401596  0.18159237504005432
2402500  0.18158695101737976
2401509  0.18158480525016785
2402192  0.18158048391342163
1900436  0.18157973885536194
2402379  0.1815754473209381
2401626  0.1815742552280426
3000205  0.18157246708869934
2402817  0.1815704107284546
2500177  0.18156354129314423
2403068  0.1815604716539383
2403389  0.18156006932258606
2403597  0.18155822157859802
2401519  0.18155494332313538
2000441  0.18155275285243988
2400650  0.18155239522457123
2402365  0.18155111372470856
1900635  0.18154823780059814
2400780  0.1815447211265564
2500198  0.1815444678068161
2402811  0.1815410703420639
2401768  0.1815403699874878
1000232  0.18153733015060425
2401594  0.18153496086597443
2401645  0.18153396248817444
2401599  0.18152810633182526
1900229  0.18152767419815063
2401593  0.18152615427970886
1001106  0.1815224140882492
2403392  0.18152174353599548
2403106  0.18151792883872986
2403374  0.18151643872261047
2400726  0.1815148890018463
2402913  0.18151283264160156
2000578  0.18150761723518372
2402684  0.1815047711133957
2400589  0.18150025606155396
2403528  0.18149901926517487
2400837  0.18149669468402863
2000508  0.18149547278881073
2803844  0.18149377405643463
3000095  0.18149346113204956
2401939  0.18149083852767944
2402932  0.1814887821674347
2402181  0.18148285150527954
2402037  0.18147990107536316
2403398  0.18147975206375122
2402549  0.18147791922092438
1000618  0.18147268891334534
2400385  0.18147164583206177
2402081  0.18147160112857819
2000588  0.18145884573459625
2402726  0.18145853281021118
2402803  0.18145711719989777
1000959  0.1814560890197754
1000356  0.18145252764225006
1000090  0.18145082890987396
2403084  0.18145057559013367
2402209  0.18144865334033966
2402590  0.1814473420381546
2402761  0.1814451366662979
2403573  0.1814442127943039
1900518  0.18144366145133972
1000615  0.18144245445728302
2403600  0.1814420074224472
1000174  0.18144184350967407
2402469  0.18143950402736664
1900125  0.18143944442272186
1900393  0.18143810331821442
2402097  0.18143761157989502
1001083  0.18143677711486816
2402663  0.18143069744110107
2000415  0.1814291775226593
2400529  0.18142712116241455
1000048  0.18142671883106232
2401530  0.18142352998256683
2402057  0.18141798675060272
2000602  0.1814175844192505
2400913  0.1814170926809311
2401066  0.1814170479774475
2401494  0.1814160794019699
2402635  0.1814068704843521
2403096  0.18140383064746857
2401342  0.18139797449111938
2403459  0.1813955456018448
2402385  0.18139469623565674
2400749  0.1813899427652359
2000774  0.18138881027698517
2402244  0.18138790130615234
2400735  0.18138684332370758
2401573  0.1813863068819046
1300047  0.18137669563293457
2402063  0.1813756674528122
2401875  0.18137547373771667
2401706  0.18137496709823608
2401576  0.18137168884277344
2401113  0.1813715100288391
2402532  0.18136827647686005
2400600  0.1813654601573944
2401065  0.18136312067508698
2000798  0.18135493993759155
2000511  0.18135344982147217
2401037  0.18135035037994385
2402144  0.18133914470672607
2400789  0.18133893609046936
2401703  0.18133766949176788
2401735  0.18133361637592316
2400797  0.18133285641670227
2402193  0.18133080005645752
2000651  0.18132704496383667
1600048  0.18131789565086365
3000245  0.18131698668003082
2000054  0.18131674826145172
2400539  0.1813153475522995
1900625  0.1813119649887085
2402466  0.1813109815120697
2000650  0.1813092827796936
2401224  0.18130847811698914
2402322  0.18130844831466675
2402802  0.18130828440189362
2402387  0.18130570650100708
2403521  0.18130388855934143
2402896  0.1813029795885086
2402461  0.18130186200141907
1900239  0.18129770457744598
2401723  0.18129399418830872
2401924  0.18129003047943115
2400646  0.18128961324691772
2402069  0.18128956854343414
2400513  0.1812889724969864
2403547  0.18128415942192078
2000748  0.18128088116645813
2401493  0.18128086626529694
2402831  0.181276336312294
2400622  0.18127331137657166
2402179  0.18126948177814484
2401690  0.18126748502254486
3000331  0.1812668740749359
2000801  0.1812629997730255
2403310  0.18126197159290314
2402872  0.1812608391046524
2401730  0.18125835061073303
2401597  0.18125779926776886
1900302  0.18125754594802856
2402925  0.18125510215759277
2402592  0.18125446140766144
2400930  0.18125426769256592
2000791  0.1812538355588913
1000324  0.18124856054782867
2403326  0.18123759329319
2000434  0.181233748793602
2403123  0.18123352527618408
2402725  0.1812262237071991
1000128  0.18122556805610657
2400463  0.1812225580215454
2403718  0.18122144043445587
2400674  0.1812199354171753
2403369  0.18121770024299622
1000718  0.1812146008014679
2402546  0.18120862543582916
1000717  0.18120628595352173
2403270  0.1812051683664322
2000532  0.18120448291301727
2401054  0.18120363354682922
2400680  0.18120238184928894
2000604  0.18120229244232178
2401560  0.18119730055332184
1900324  0.1811961978673935
2402694  0.18119409680366516
2401869  0.1811911016702652
2803836  0.18118609488010406
2000763  0.18118079006671906
3000385  0.1811763197183609
2401375  0.1811750829219818
2401009  0.1811724752187729
1001098  0.18116910755634308
2403665  0.1811685413122177
2402028  0.18116481602191925
2400692  0.18115884065628052
1900237  0.1811586320400238
2402591  0.18115581572055817
2000401  0.18115414679050446
2400990  0.18115372955799103
2000447  0.1811523735523224
2400961  0.18115234375
2402409  0.1811494380235672
2403709  0.181147038936615
2402886  0.1811469942331314
2401046  0.1811467558145523
1000184  0.18114233016967773
2400985  0.1811322122812271
2401330  0.18113116919994354
1900540  0.18112754821777344
2403552  0.181126207113266
2400763  0.18112610280513763
2400372  0.18112395703792572
2401017  0.18112115561962128
2402088  0.181117981672287
2402382  0.1811152696609497
2401873  0.181112140417099
2401638  0.18110473453998566
2402205  0.18110284209251404
2402070  0.1811014860868454
1001101  0.18110142648220062
2402930  0.18109656870365143
3000376  0.18109501898288727
2400453  0.18109336495399475
2402871  0.181084543466568
2401770  0.1810826063156128
2401940  0.18108128011226654
2401083  0.18108034133911133
1000199  0.1810787469148636
2401347  0.1810777634382248
2402947  0.1810750514268875
1900520  0.1810712069272995
2803838  0.18106652796268463
2401918  0.18106462061405182
2402384  0.18106397986412048
2402304  0.1810637265443802
2401700  0.1810625046491623
2402556  0.1810576468706131
2400767  0.18105021119117737
2403313  0.18104994297027588
2402360  0.18104596436023712
2402241  0.18104097247123718
2401144  0.18104004859924316
2403153  0.181034117937088
2000796  0.1810176819562912
2402355  0.1810145229101181
2600053  0.1810142993927002
2401729  0.18101133406162262
2402958  0.18101122975349426
2400519  0.1810101568698883
2401913  0.18100377917289734
2402274  0.18100176751613617
2403259  0.1810009479522705
1800059  0.18100011348724365
2703787  0.18099810183048248
2402481  0.1809970587491989
1900285  0.18099462985992432
2401881  0.18099407851696014
2000280  0.18098965287208557
2403155  0.18098925054073334
2403110  0.18098698556423187
2402163  0.18098200857639313
1000743  0.1809781789779663
1000120  0.1809772402048111
2401329  0.180975541472435
2401460  0.18097224831581116
2402034  0.1809709519147873
2401864  0.18096520006656647
2401656  0.18096473813056946
2000302  0.18096162378787994
1900622  0.18095791339874268
2402438  0.18095791339874268
2000853  0.18095663189888
1900658  0.18095427751541138
1000177  0.18095403909683228
2500152  0.18095162510871887
2403339  0.18095067143440247
2000056  0.18094901740550995
2402952  0.1809479147195816
2403447  0.18094535171985626
1900656  0.1809416562318802
2400449  0.18094073235988617
2401010  0.18093208968639374
2402738  0.18093208968639374
2402594  0.1809317022562027
1000617  0.18092522025108337
2403411  0.1809236705303192
1000301  0.18092188239097595
2400879  0.18092145025730133
2400416  0.18091922998428345
2803835  0.1809179186820984
2401372  0.18091660737991333
2401340  0.18090921640396118
2400608  0.1809062957763672
1000495  0.18090559542179108
2400684  0.1809045523405075
1000960  0.18090352416038513
2403715  0.18089628219604492
1000648  0.18089354038238525
2402752  0.18089017271995544
2401463  0.18088865280151367
1700062  0.18088658154010773
2403117  0.18088597059249878
2403160  0.18088331818580627
2401303  0.18088269233703613
2401934  0.1808825135231018
2400741  0.1808815896511078
2403484  0.1808803826570511
2402120  0.18087022006511688
1000272  0.18086782097816467
2402495  0.1808658391237259
2402332  0.1808571070432663
2400483  0.18085627257823944
2401378  0.1808488667011261
1000839  0.18084262311458588
2000795  0.1808411180973053
2000581  0.18083883821964264
2401243  0.18083655834197998
1000598  0.18083496391773224
2401213  0.18082699179649353
2200078  0.18082131445407867
2402413  0.18081973493099213
2400898  0.18081854283809662
2401511  0.18081514537334442
2402090  0.1808123141527176
2401004  0.18081168830394745
2401257  0.18080903589725494
2000549  0.1808050572872162
2402242  0.18080024421215057
1200057  0.18079742789268494
2400870  0.18079371750354767
1000276  0.18079222738742828
2403267  0.18079185485839844
1900348  0.1807885617017746
2401732  0.18078401684761047
2400508  0.18078140914440155
2400993  0.1807776242494583
2400599  0.18077538907527924
2402883  0.1807710975408554
2401619  0.18077053129673004
2401258  0.18077002465724945
2402863  0.18076960742473602
1001057  0.18076911568641663
2402315  0.18076269328594208
2402588  0.18075436353683472
2401505  0.18075324594974518
2401078  0.1807522028684616
2401935  0.18075141310691833
2403180  0.18075112998485565
1000620  0.18075087666511536
2401201  0.18074318766593933
2401720  0.18074160814285278
2402632  0.18073858320713043
2400673  0.18073196709156036
1900210  0.1807299703359604
2401870  0.18072982132434845
2402899  0.18072693049907684
2403474  0.180724635720253
2403542  0.18072371184825897
2402911  0.18072032928466797
2400561  0.18072015047073364
2400628  0.18071682751178741
2000299  0.18071351945400238
2402170  0.18071042001247406
2402845  0.1807079166173935
1000919  0.18070638179779053
2400727  0.18070323765277863
2403707  0.18070217967033386
2803867  0.18070152401924133
1000057  0.18069413304328918
1900486  0.180690735578537
2403472  0.18069039285182953
2400860  0.1806868612766266
2402412  0.18068596720695496
2000804  0.1806856393814087
1001055  0.18068340420722961
1000932  0.18068335950374603
2401081  0.1806829869747162
2403256  0.18068259954452515
2000771  0.1806817352771759
2400940  0.18067923188209534
2401174  0.18067888915538788
2400472  0.18067224323749542
2000478  0.1806696355342865
2403211  0.18066716194152832
2000289  0.18066613376140594
2403210  0.18066473305225372
2401193  0.18066348135471344
2403366  0.18066151440143585
2403471  0.1806577891111374
2400729  0.18065673112869263
1000140  0.18065446615219116
2402737  0.18065406382083893
2402124  0.18065297603607178
1000273  0.1806502342224121
1000525  0.1806364208459854
2401945  0.18063491582870483
2401092  0.18063463270664215
2401545  0.18062858283519745
2401951  0.1806253343820572
1900339  0.18062356114387512
2401702  0.18062256276607513
1900548  0.18062253296375275
2403115  0.18061959743499756
2402843  0.18061687052249908
1000757  0.18061518669128418
2402131  0.18061332404613495
1001107  0.18060500919818878
2903757  0.18060459196567535
2402425  0.18059800565242767
2402599  0.18059059977531433
2000070  0.18058688938617706
1900514  0.18057654798030853
2000439  0.1805717796087265
2400969  0.18056568503379822
2402219  0.1805650144815445
2402473  0.1805645227432251
2401341  0.1805567592382431
1000385  0.18055640161037445
2000509  0.18055368959903717
2000670  0.1805536299943924
2401550  0.1805506944656372
2401379  0.18055011332035065
1001108  0.18054819107055664
2403322  0.18054741621017456
2402368  0.18054616451263428
2402020  0.18054577708244324
2400756  0.1805456131696701
2500178  0.18054181337356567
2400495  0.18053793907165527
2402529  0.18053658306598663
2402321  0.18053559958934784
2500251  0.18053540587425232
2402515  0.1805344671010971
2401085  0.18053270876407623
1000183  0.1805303394794464
2400494  0.18052764236927032
2401182  0.18052686750888824
2400476  0.1805257499217987
2000160  0.18052536249160767
2400566  0.18052531778812408
1000520  0.18052256107330322
2401472  0.1805209517478943
2000409  0.18051521480083466
2403312  0.1804976463317871
2401683  0.18049173057079315
2401943  0.18049094080924988
2402174  0.18048521876335144
2000566  0.18048100173473358
2402511  0.18048030138015747
2401002  0.18048028647899628
2000800  0.18047940731048584
2000876  0.18047520518302917
2400510  0.1804748922586441
1900223  0.1804746836423874
2403555  0.18047170341014862
2402363  0.18047158420085907
2000397  0.18047021329402924
2401624  0.1804700344800949
2000293  0.1804693043231964
1001054  0.18046905100345612
2000282  0.18046724796295166
2401275  0.18046702444553375
2402380  0.18046586215496063
2401033  0.18046505749225616
2000398  0.18046388030052185
2400521  0.18046385049819946
2402727  0.1804630607366562
2400505  0.18046241998672485
2403324  0.18046154081821442
2000621  0.18046092987060547
2403323  0.18046073615550995
2401827  0.18045806884765625
2400675  0.180455282330513
2403574  0.18045318126678467
2401726  0.18044447898864746
1000182  0.1804405003786087
2402308  0.18043680489063263
2403127  0.18043150007724762
2401336  0.18043038249015808
1700061  0.18042871356010437
2402218  0.1804274469614029
1900655  0.1804257184267044
1001111  0.18042346835136414
2402155  0.18042036890983582
2402176  0.18041899800300598
2401850  0.1804148256778717
2000512  0.18041180074214935
2403036  0.18041160702705383
2400633  0.18040943145751953
2401063  0.18040762841701508
2403045  0.18040402233600616
2000709  0.18040212988853455
2402484  0.18040120601654053
2500154  0.18039913475513458
2803860  0.18039873242378235
2402316  0.18039624392986298
1900263  0.18039461970329285
2401531  0.18039141595363617
2401104  0.18038694560527802
2402818  0.18038271367549896
2402759  0.1803770363330841
1900422  0.18037274479866028
2401143  0.18037213385105133
2402971  0.18037132918834686
2401927  0.1803661733865738
2403483  0.18036356568336487
2401975  0.18035800755023956
2000411  0.18034933507442474
1800043  0.18034853041172028
2401270  0.18034504354000092
1100050  0.1803421825170517
1000397  0.18033570051193237
2402135  0.1803271770477295
2000448  0.18032673001289368
2400567  0.18032346665859222
2400720  0.18032346665859222
2400732  0.18032270669937134
2000653  0.18031972646713257
2402027  0.1803084909915924
1000298  0.18030762672424316
1000738  0.18030616641044617
2500091  0.18030133843421936
2403347  0.180294930934906
2400655  0.18029199540615082
2402688  0.18029119074344635
2403268  0.18029029667377472
2400719  0.18028731644153595
2403260  0.18028241395950317
1001105  0.1802821308374405
2400932  0.18028169870376587
1000723  0.1802791804075241
2402563  0.1802787482738495
2400620  0.18027815222740173
1000314  0.18027660250663757
2403086  0.18027539551258087
2401244  0.1802736520767212
2000530  0.18027232587337494
2400515  0.18026915192604065
2402933  0.18026690185070038
2000852  0.18026340007781982
1900519  0.18025362491607666
2400542  0.1802525371313095
2401705  0.1802515834569931
2402235  0.1802472025156021
2401843  0.18024566769599915
2403647  0.18024292588233948
2400502  0.18024252355098724
2400947  0.1802375614643097
2402470  0.18023614585399628
2400751  0.18023507297039032
2401152  0.1802290380001068
2000438  0.1802223026752472
1900661  0.1802213340997696
1900300  0.1802184134721756
2401769  0.18020762503147125
2401466  0.18020543456077576
2402861  0.18020057678222656
2400572  0.18019817769527435
2000747  0.1801961064338684
2402702  0.18019142746925354
2401344  0.18019109964370728
1900198  0.18019096553325653
1000045  0.1801871359348297
2400933  0.18018145859241486
2401725  0.1801769882440567
1000746  0.18017691373825073
1000870  0.18017642199993134
2401324  0.18017485737800598
2403069  0.18017438054084778
2000554  0.18016983568668365
2000722  0.18016792833805084
2403402  0.18016617000102997
1900634  0.18016596138477325
2401190  0.18014363944530487
2401587  0.18014152348041534
1000741  0.18013909459114075
2400523  0.18013693392276764
3000239  0.18013545870780945
2401205  0.18013322353363037
2401281  0.1801331341266632
2400406  0.18013297021389008
2400991  0.18013276159763336
2400657  0.18013030290603638
2400929  0.18012940883636475
2403371  0.1801244467496872
2402770  0.18012364208698273
2401411  0.18012113869190216
1001015  0.18012098968029022
2402271  0.1801198422908783
2401485  0.18011948466300964
2402707  0.180117666721344
2402139  0.18011349439620972
2400759  0.18010908365249634
2402439  0.1801087111234665
2000848  0.1801084727048874
2401765  0.18010613322257996
1000173  0.18010438978672028
2401043  0.1801035851240158
2400587  0.18010330200195312
2401931  0.1801002025604248
2400454  0.18009920418262482
2303794  0.1800989955663681
2400721  0.18009571731090546
2402330  0.18009236454963684
1000522  0.18009135127067566
2401500  0.18008938431739807
1000149  0.18008828163146973
2402832  0.18008722364902496
1900657  0.1800795942544937
1900509  0.18007349967956543
2803825  0.18007329106330872
2402381  0.18007034063339233
2402683  0.18006913363933563
2401518  0.18006238341331482
2402669  0.18006011843681335
2000886  0.18005870282649994
2000669  0.1800580620765686
1000192  0.18005135655403137
1000060  0.18004320561885834
2401374  0.18004311621189117
1900495  0.1800401359796524
2402449  0.1800386607646942
2400627  0.1800341010093689
2400527  0.18003104627132416
2401467  0.18002361059188843
2403666  0.18002308905124664
2403186  0.18001700937747955
1500042  0.1800084263086319
2401919  0.18000173568725586
2401070  0.17999926209449768
1000667  0.17999452352523804
2402611  0.17999278008937836
2500047  0.17999061942100525
2703761  0.1799890697002411
2403380  0.17998817563056946
2400689  0.17998284101486206
2402395  0.1799764335155487
2000777  0.1799750030040741
2403645  0.17997337877750397
2000291  0.17997287213802338
2402791  0.17996811866760254
2403098  0.17995837330818176
2403580  0.17995692789554596
2000297  0.17995581030845642
2402742  0.17995218932628632
1000801  0.17995131015777588
2401458  0.17994296550750732
2403077  0.17994174361228943
1900641  0.1799388974905014
2400486  0.17992950975894928
2403352  0.17992405593395233
2000475  0.17992351949214935
1900191  0.17991988360881805
2402045  0.17991630733013153
2402123  0.17991183698177338
1900145  0.1799054592847824
2402354  0.17990420758724213
1900490  0.1798969954252243
1000202  0.17989523708820343
1000181  0.17989511787891388
2402920  0.17989389598369598
2401020  0.1798931062221527
2000037  0.17988982796669006
2401402  0.1798872947692871
2402462  0.17988348007202148
2402678  0.17987403273582458
2403553  0.17987363040447235
2500218  0.17987145483493805
2402906  0.17986832559108734
2403515  0.17986632883548737
2401263  0.17986586689949036
2000683  0.1798638552427292
1000333  0.17985637485980988
2400426  0.17985503375530243
2400635  0.17985379695892334
1900297  0.1798531711101532
2400711  0.17985311150550842
2400424  0.17985175549983978
2402763  0.1798476129770279
2401068  0.17984269559383392
2402493  0.1798413246870041
2403346  0.17983907461166382
2402982  0.17983540892601013
2000702  0.1798313707113266
1000203  0.1798025369644165
2402400  0.17979462444782257
2402703  0.17979224026203156
2402877  0.17979136109352112
2403540  0.17978918552398682
2402916  0.17978869378566742
2401824  0.17978323996067047
2402134  0.17978130280971527
2402033  0.1797805279493332
2500231  0.17976973950862885
2703788  0.17976389825344086
2401170  0.17975609004497528
2402954  0.17975543439388275
2400374  0.1797512173652649
2000673  0.17974765598773956
2401980  0.1797475516796112
2401968  0.17974136769771576
1900200  0.1797395646572113
2403376  0.17973923683166504
1900037  0.17973542213439941
2401474  0.17973516881465912
2401448  0.17973355948925018
1000913  0.1797293871641159
2403343  0.179727703332901
2000647  0.1797248274087906
2401262  0.1797182857990265
2401137  0.17971792817115784
2402822  0.17971312999725342
2402229  0.179709330201149
2401256  0.1797083467245102
2000270  0.1797066181898117
1900224  0.17970281839370728
2402128  0.1797027438879013
1900547  0.17970196902751923
1500043  0.17969824373722076
1000962  0.17969302833080292
2400516  0.1796906292438507
2402313  0.17969003319740295
2400575  0.1796896755695343
2403145  0.1796872764825821
1000084  0.1796787679195404
2401688  0.1796775758266449
1900668  0.17967717349529266
2401580  0.17967307567596436
2400618  0.1796702742576599
2402548  0.17966896295547485
2000477  0.17966802418231964
2401271  0.17966648936271667
2401075  0.1796603947877884
2401354  0.17965760827064514
1000108  0.1796504706144333
2000606  0.17964845895767212
2400630  0.17964458465576172
1700060  0.1796404868364334
2403079  0.17963948845863342
2401153  0.1796235293149948
2403066  0.17962339520454407
2402628  0.17962194979190826
2401644  0.17961663007736206
1000293  0.179603710770607
2403316  0.1796029508113861
2402874  0.1796027272939682
2000189  0.17960110306739807
2402747  0.17960059642791748
2400679  0.17959770560264587
1900207  0.17959509789943695
2401000  0.17959247529506683
2400653  0.1795913577079773
2401907  0.17959019541740417
2401926  0.17958755791187286
1900219  0.1795857697725296
2401252  0.17958517372608185
2400757  0.17958007752895355
2401261  0.1795787513256073
2403078  0.1795736849308014
2000721  0.1795676052570343
2000332  0.1795664131641388
2400899  0.17956599593162537
2402102  0.17956596612930298
2402178  0.1795528382062912
2403082  0.17955200374126434
2400668  0.1795506775379181
1000599  0.17955023050308228
2401590  0.17954981327056885
2400503  0.17954738438129425
2402830  0.1795457899570465
2401731  0.17952460050582886
2402810  0.17952445149421692
2401368  0.17952437698841095
1000122  0.17951618134975433
2401230  0.17951132357120514
1000384  0.17950193583965302
2402482  0.17949768900871277
2402671  0.17949432134628296
2500113  0.1794925183057785
2000408  0.1794835776090622
3000387  0.1794826239347458
2403161  0.1794712394475937
2402169  0.17946307361125946
2402373  0.17946110665798187
2401147  0.17945805191993713
1900468  0.17945358157157898
2402624  0.17945319414138794
2500155  0.17945267260074615
1900638  0.179448202252388
1000582  0.17943765223026276
2402551  0.17943653464317322
1500054  0.17943352460861206
2402764  0.17943063378334045
1900639  0.17942897975444794
2401332  0.1794254183769226
2402497  0.17942462861537933
2403118  0.17942321300506592
2000644  0.17941643297672272
2000700  0.17941559851169586
2000422  0.17940272390842438
2400612  0.1794022023677826
1600049  0.179399773478508
2403348  0.17939819395542145
2403698  0.17938047647476196
2402568  0.17938031256198883
2200085  0.17937828600406647
2402093  0.1793740689754486
1900201  0.17936508357524872
1900227  0.17936275899410248
2401534  0.1793518364429474
2403253  0.17934730648994446
2401255  0.17934326827526093
2403583  0.17933912575244904
2402356  0.1793389618396759
2403001  0.17933829128742218
2401521  0.17933768033981323
2403311  0.17933450639247894
1000915  0.17933428287506104
2401954  0.17933404445648193
1100041  0.17932948470115662
2401625  0.17932415008544922
2000676  0.17932236194610596
2402072  0.17932233214378357
2402260  0.17931939661502838
2500132  0.179299995303154
2402528  0.1792955845594406
2000561  0.17929446697235107
2401582  0.17928630113601685
2400434  0.17927786707878113
2402827  0.17927642166614532
2400880  0.17927296459674835
2000677  0.17926909029483795
2401773  0.17926602065563202
1000124  0.17926573753356934
2402585  0.17926307022571564
1000063  0.17925240099430084
2402675  0.179247185587883
2402647  0.17923910915851593
2402092  0.17923229932785034
2402455  0.17923061549663544
1900232  0.17922399938106537
2000423  0.17922280728816986
2403207  0.17921428382396698
2402582  0.1792120337486267
1900515  0.17920973896980286
2401385  0.1792072355747223
2402362  0.1792023628950119
2400762  0.1791992485523224
2402091  0.1791960895061493
2401335  0.17919526994228363
1000518  0.1791924238204956
1000271  0.17918246984481812
2402768  0.17916925251483917
2403487  0.17916883528232574
1900209  0.1791684776544571
2401214  0.17916609346866608
1900411  0.17916466295719147
2403061  0.17916236817836761
2400564  0.17915943264961243
2401510  0.1791580766439438
2400549  0.17915168404579163
2000701  0.17915140092372894
1000302  0.1791398674249649
2402687  0.17913618683815002
1900236  0.17913302779197693
2402300  0.17913086712360382
2400545  0.17912697792053223
2403453  0.1791224479675293
1000190  0.17912179231643677
2401326  0.17911379039287567
2401634  0.17911329865455627
2400447  0.17911024391651154
2400734  0.17910508811473846
2402067  0.17910343408584595
2400992  0.17909999191761017
2400672  0.17909066379070282
2400462  0.17908866703510284
2403518  0.17908041179180145
2402915  0.17907552421092987
2402249  0.17907364666461945
1000145  0.17907331883907318
1900103  0.17906929552555084
2400881  0.17906635999679565
1900345  0.17905762791633606
2402718  0.17905762791633606
2402258  0.17903827130794525
2402402  0.1790294200181961
2400532  0.17902639508247375
2400645  0.17902587354183197
2403712  0.1790192872285843
2401400  0.17901611328125
2402132  0.17900581657886505
2401774  0.1789921224117279
2402779  0.17898766696453094
2400531  0.17898577451705933
1900220  0.17897605895996094
2402303  0.17897281050682068
2401535  0.1789722889661789
2400445  0.17896682024002075
1900581  0.17896302044391632
1100042  0.17896044254302979
1000634  0.17895352840423584
1900560  0.1789534091949463
1900631  0.17894117534160614
2401635  0.1789393424987793
2401434  0.1789349764585495
1000917  0.1789301484823227
2400979  0.1789301186800003
2402685  0.17892135679721832
2401126  0.17891119420528412
2000862  0.17890901863574982
2401003  0.17890781164169312
2401520  0.17889449000358582
2402295  0.1788906753063202
2403150  0.1788904219865799
2000856  0.17888949811458588
2401305  0.17888782918453217
1900574  0.1788858026266098
1000544  0.17887985706329346
2403668  0.1788780242204666
2401867  0.17887231707572937
2000643  0.17886807024478912
2402075  0.1788678765296936
1900183  0.17886686325073242
1000481  0.17885836958885193
2401028  0.1788555085659027
2000855  0.1788538545370102
2401647  0.1788521260023117
2403428  0.17883996665477753
2401034  0.1788244992494583
1900374  0.17882302403450012
1900269  0.17881014943122864
2402361  0.1788075715303421
2401391  0.17880593240261078
2402479  0.17880554497241974
2401920  0.1787925511598587
2401452  0.1787879467010498
2402043  0.1787862628698349
2402299  0.17878520488739014
2401542  0.17877301573753357
2803839  0.1787683367729187
2402560  0.17876823246479034
2402506  0.1787538081407547
2401296  0.178750142455101
2401821  0.17875011265277863
2401322  0.17874862253665924
2402167  0.1787480115890503
2401504  0.17874498665332794
2401408  0.1787395477294922
1900222  0.17873524129390717
1000317  0.17872336506843567
2500237  0.1787223517894745
1900314  0.1787193864583969
2400882  0.1787179410457611
2402228  0.17871339619159698
1900358  0.1787116825580597
2401581  0.17869749665260315
2402104  0.1786956489086151
2402711  0.17869523167610168
2401482  0.17868980765342712
2401351  0.17868947982788086
2401704  0.17868903279304504
2000579  0.17868460714817047
2403071  0.17867881059646606
2400896  0.1786774843931198
2402446  0.17867541313171387
2803841  0.17867428064346313
2402077  0.178668811917305
2401662  0.17866730690002441
2401987  0.17866650223731995
2401294  0.17864809930324554
1900181  0.178646981716156
2403670  0.178644597530365
2401483  0.1786438673734665
2402442  0.178640216588974
2401462  0.17863348126411438
2403184  0.17862778902053833
1000315  0.17862480878829956
2401222  0.17862214148044586
2400958  0.17862091958522797
2000631  0.17861884832382202
2402895  0.17861570417881012
2401847  0.17861180007457733
2500205  0.1785982847213745
2402149  0.17859463393688202
2402641  0.17858706414699554
2401162  0.17858563363552094
2402645  0.17857500910758972
1900312  0.1785605102777481
2401630  0.17855791747570038
2402917  0.17855213582515717
2400452  0.1785513162612915
2403450  0.17853449285030365
2403393  0.17852696776390076
2400611  0.17852601408958435
2402918  0.17852267622947693
2403530  0.1785207986831665
2000053  0.1785082221031189
2401249  0.17849324643611908
2402284  0.17848524451255798
1000825  0.17847713828086853
1900195  0.17847038805484772
2401014  0.17846839129924774
1000436  0.1784677356481552
2403015  0.17846418917179108
1900189  0.17845779657363892
2403575  0.17845521867275238
1800063  0.17845328152179718
2403711  0.17845094203948975
2403177  0.17843958735466003
2400560  0.1784365177154541
2402795  0.17841777205467224
2400506  0.17841552197933197
2402706  0.17841283977031708
2402401  0.17840854823589325
1000997  0.1783948540687561
1900203  0.17838379740715027
2400676  0.17837490141391754
2402263  0.17837364971637726
2402955  0.17836885154247284
2402383  0.1783633530139923
2401832  0.17835544049739838
1000325  0.17835204303264618
2803845  0.17835164070129395
2400490  0.17831508815288544
1900267  0.17830884456634521
2402261  0.17829422652721405
2000428  0.17829419672489166
2403342  0.1782718300819397
2401407  0.17826518416404724
2400760  0.17825429141521454
2402189  0.1782415211200714
1700046  0.1782270073890686
2401995  0.17822542786598206
2403120  0.17821837961673737
2000703  0.17821212112903595
1900124  0.17820818722248077
2403526  0.178204745054245
2400805  0.17820191383361816
1800058  0.1781957447528839
2401076  0.17818336188793182
1000121  0.17817948758602142
1900204  0.17817652225494385
2402909  0.17816181480884552
2401339  0.17816120386123657
2000794  0.17814618349075317
1000040  0.1781449317932129
2401414  0.1781359165906906
1000069  0.17811580002307892
2000679  0.17810635268688202
2400931  0.17809246480464935
2402276  0.17808444797992706
1900459  0.1780824214220047
2402867  0.1780717670917511
2402976  0.1780667006969452
2000292  0.17805753648281097
2403182  0.1780446469783783
2400647  0.17802715301513672
1001113  0.1780129224061966
2401577  0.17801019549369812
2400394  0.17800146341323853
2803859  0.17799484729766846
2402873  0.17796564102172852
2402390  0.17796111106872559
2401478  0.1779598593711853
2402787  0.177957683801651
2400422  0.17795126140117645
1600037  0.17792925238609314
1900549  0.17791178822517395
2401327  0.17789864540100098
2403478  0.17789603769779205
2400590  0.17789150774478912
2400664  0.17785564064979553
2402031  0.1778470277786255
2401953  0.17783451080322266
1000292  0.17782796919345856
2403370  0.17782524228096008
1900577  0.17781518399715424
1900366  0.17780344188213348
1000867  0.1778021901845932
2403581  0.17779497802257538
1001128  0.17779456079006195
2403194  0.1777772605419159
2400496  0.1777658760547638
2401631  0.17776556313037872
1900483  0.17776530981063843
2000629  0.17772580683231354
2400437  0.1777133047580719
2000482  0.17768427729606628
2400871  0.1776658445596695
2403338  0.17766159772872925
2402278  0.17765815556049347
2402270  0.1776525378227234
2401325  0.1776471883058548
2403255  0.17763495445251465
2402213  0.17763346433639526
1300038  0.17760008573532104
2403714  0.17759042978286743
1900663  0.17758964002132416
2402450  0.17756517231464386
2401972  0.17755082249641418
1000996  0.17752891778945923
2401349  0.17752131819725037
1900190  0.17751996219158173
2400547  0.1775178611278534
2401880  0.17750999331474304
2401563  0.17750906944274902
2401167  0.17750340700149536
2402850  0.17749516665935516
1900196  0.17747654020786285
2400750  0.17745806276798248
2402472  0.17745645344257355
2400613  0.17745494842529297
2402735  0.17744562029838562
2000829  0.17742648720741272
1900494  0.17742198705673218
1900497  0.17734558880329132
2402210  0.1773388385772705
1000288  0.17732052505016327
2402839  0.17730940878391266
1900240  0.17728208005428314
2403644  0.17727698385715485
2403060  0.17724528908729553
2402749  0.17723050713539124
2401659  0.177179753780365
2403048  0.17715398967266083
1000439  0.1771440953016281
1900482  0.17713965475559235
2402147  0.17713689804077148
2401451  0.17713327705860138
1900628  0.17712904512882233
2000303  0.1771143525838852
1900243  0.17710676789283752
2402136  0.17709662020206451
2400484  0.17709217965602875
2400982  0.17705956101417542
2400678  0.17704260349273682
2400856  0.1770385354757309
1000189  0.17694953083992004
2000764  0.17694883048534393
2401738  0.1768035739660263
2401936  0.1767672747373581
2403204  0.17676198482513428
2403365  0.17672379314899445
2403006  0.17668360471725464
2402265  0.17665943503379822
2400623  0.17665696144104004
1900284  0.17664839327335358
2402101  0.176641047000885
2403539  0.17662189900875092
1900182  0.1765774041414261
2000052  0.17657729983329773
1900272  0.17655448615550995
2401973  0.17652533948421478
2400914  0.17649899423122406
1000194  0.17647619545459747
2402406  0.17644217610359192
1500053  0.17642682790756226
2400429  0.17636628448963165
2000603  0.17635716497898102
2403351  0.17633362114429474
2600054  0.1763184517621994
1900102  0.1762930452823639
1900341  0.17627964913845062
2400874  0.17624308168888092
2403388  0.1762382835149765
2401029  0.17614172399044037
2401777  0.17595140635967255
1900251  0.17590773105621338
2400730  0.17587915062904358
2400535  0.17579856514930725
1900273  0.17573808133602142
2000534  0.17571616172790527
1900208  0.1756654977798462
1900414  0.17559781670570374
2402374  0.17551289498806
1900621  0.17542600631713867
2402198  0.17541468143463135
1900344  0.17538215219974518
1900225  0.175307959318161
2402476  0.17527464032173157
1000135  0.17526735365390778
2401775  0.17522968351840973
1000283  0.1750624030828476
1900235  0.17503942549228668
1900511  0.1749926507472992
1900489  0.17486786842346191
1900539  0.1748480647802353
2000285  0.1747521013021469
1900184  0.1747068464756012
1900252  0.17456568777561188
1900487  0.174388587474823
1900054  0.17437385022640228
1900197  0.17422568798065186
2402760  0.17403827607631683
1900338  0.17390675842761993
1900069  0.17362870275974274
2000266  0.17314383387565613
1900283  0.17309875786304474
1900277  0.17277507483959198
2000354  0.17272955179214478
2403496  0.17272327840328217
2402992  0.17164170742034912
1900289  0.17150212824344635
2000358  0.17116740345954895
1900262  0.17109642922878265
2403024  0.17090152204036713
1900063  0.17089363932609558
1900276  0.17084959149360657
1900042  0.17078529298305511
1900261  0.17076346278190613
1900072  0.17051953077316284
1900066  0.17044758796691895
2000357  0.17041637003421783
2000361  0.17039547860622406
1900078  0.17035526037216187
2000351  0.17031924426555634
1900278  0.17028920352458954
2000276  0.17010313272476196
2000254  0.16987933218479156
2000262  0.16976819932460785
1900081  0.16934892535209656
2000342  0.16932806372642517
2000339  0.16929295659065247
2000340  0.16928531229496002
2000255  0.16919521987438202
2000269  0.1691531538963318
2000257  0.1691177487373352
2000353  0.1690044105052948
2000341  0.16880780458450317
1900287  0.1687481701374054
2000284  0.1687418520450592
1900057  0.16845667362213135
2000267  0.1682802438735962
2000306  0.168213352560997
2000343  0.16815097630023956
1900288  0.16798309981822968
2000331  0.16790176928043365
1900266  0.16788771748542786
2000268  0.16787634789943695
2000334  0.1677679717540741
1900045  0.1676769256591797
2000274  0.16755236685276031
2402991  0.16750206053256989
2000265  0.16678407788276672
1900051  0.16635698080062866
2400128  0.16631820797920227
2000253  0.16608431935310364
1900048  0.16604360938072205
2000272  0.16593384742736816
2000352  0.16581857204437256
2400141  0.16576942801475525
1900279  0.1657542735338211
2400218  0.16554675996303558
1900075  0.16520027816295624
1900060  0.16462673246860504
2400097  0.1643286794424057
2400237  0.1629103124141693
2400198  0.16228832304477692
2400179  0.16218608617782593
2400288  0.1620996743440628
2400115  0.1618024706840515
2400277  0.16166116297245026
2400256  0.1614028364419937
2400285  0.16048334538936615
2400160  0.16038013994693756
2500264  0.14113746583461761
2500267  0.13751043379306793
