2402711  0.20293867588043213
2402714  0.20293867588043213
2402715  0.20293867588043213
2402718  0.20293867588043213
2402719  0.20293867588043213
2402725  0.20293867588043213
2402726  0.20293867588043213
2402727  0.20293867588043213
2402730  0.20293867588043213
2402731  0.20293867588043213
2402734  0.20293867588043213
2402735  0.20293867588043213
2402737  0.20293867588043213
2402738  0.20293867588043213
2402740  0.20293867588043213
2402741  0.20293867588043213
2402742  0.20293867588043213
2402746  0.20293867588043213
2402747  0.20293867588043213
2402748  0.20293867588043213
2402749  0.20293867588043213
2402752  0.20293867588043213
2402755  0.20293867588043213
2402758  0.20293867588043213
2402759  0.20293867588043213
2402760  0.20293867588043213
2402761  0.20293867588043213
2402763  0.20293867588043213
2402764  0.20293867588043213
2402766  0.20293867588043213
2402767  0.20293867588043213
2402768  0.20293867588043213
2402770  0.20293867588043213
2402778  0.20293867588043213
2402779  0.20293867588043213
2402782  0.20293867588043213
2402783  0.20293867588043213
2402786  0.20293867588043213
2402787  0.20293867588043213
2402790  0.20293867588043213
2402791  0.20293867588043213
2402794  0.20293867588043213
2402795  0.20293867588043213
2402801  0.20293867588043213
2402802  0.20293867588043213
2402803  0.20293867588043213
2402806  0.20293867588043213
2402807  0.20293867588043213
2402810  0.20293867588043213
2402811  0.20293867588043213
2402813  0.20293867588043213
2402814  0.20293867588043213
2402816  0.20293867588043213
2402817  0.20293867588043213
2402818  0.20293867588043213
2402821  0.20293867588043213
2402822  0.20293867588043213
2402823  0.20293867588043213
2402824  0.20293867588043213
2402827  0.20293867588043213
2402830  0.20293867588043213
2402831  0.20293867588043213
2402832  0.20293867588043213
2402835  0.20293867588043213
2402838  0.20293867588043213
2402839  0.20293867588043213
2402842  0.20293867588043213
2402843  0.20293867588043213
2402845  0.20293867588043213
2402846  0.20293867588043213
2402848  0.20293867588043213
2402849  0.20293867588043213
2402850  0.20293867588043213
2402852  0.20293867588043213
2402861  0.20293867588043213
2402862  0.20293867588043213
2402863  0.20293867588043213
2402865  0.20293867588043213
2402866  0.20293867588043213
2402867  0.20293867588043213
2402871  0.20293867588043213
2402872  0.20293867588043213
2402873  0.20293867588043213
2402874  0.20293867588043213
2402877  0.20293867588043213
2402879  0.20293867588043213
2402883  0.20293867588043213
2402886  0.20293867588043213
2402890  0.20293867588043213
2402893  0.20293867588043213
2402894  0.20293867588043213
2402895  0.20293867588043213
2402896  0.20293867588043213
2402897  0.20293867588043213
2402899  0.20293867588043213
2402904  0.20293867588043213
2402905  0.20293867588043213
2402906  0.20293867588043213
2402909  0.20293867588043213
2402910  0.20293867588043213
2402911  0.20293867588043213
2402913  0.20293867588043213
2402914  0.20293867588043213
2402915  0.20293867588043213
2402916  0.20293867588043213
2402917  0.20293867588043213
2402918  0.20293867588043213
2402920  0.20293867588043213
2402921  0.20293867588043213
2402923  0.20293867588043213
2402924  0.20293867588043213
2402925  0.20293867588043213
2402927  0.20293867588043213
2402930  0.20293867588043213
2402932  0.20293867588043213
2402933  0.20293867588043213
2402936  0.20293867588043213
2402946  0.20293867588043213
2402947  0.20293867588043213
2402951  0.20293867588043213
2402952  0.20293867588043213
2402954  0.20293867588043213
2402955  0.20293867588043213
2402957  0.20293867588043213
2402958  0.20293867588043213
2402959  0.20293867588043213
2402961  0.20293867588043213
2402971  0.20293867588043213
2402972  0.20293867588043213
2402976  0.20293867588043213
2402977  0.20293867588043213
2402979  0.20293867588043213
2402980  0.20293867588043213
2402982  0.20293867588043213
2402991  0.20293867588043213
2402992  0.20293867588043213
2403001  0.20293867588043213
2403006  0.20293867588043213
2403015  0.20293867588043213
2403024  0.20293867588043213
2403033  0.20293867588043213
2403034  0.20293867588043213
2403036  0.20293867588043213
2403045  0.20293867588043213
2403046  0.20293867588043213
2403048  0.20293867588043213
2403060  0.20293867588043213
2403061  0.20293867588043213
2403065  0.20293867588043213
2403066  0.20293867588043213
2403068  0.20293867588043213
2403069  0.20293867588043213
2403071  0.20293867588043213
2403072  0.20293867588043213
2403076  0.20293867588043213
2403077  0.20293867588043213
2403078  0.20293867588043213
2403079  0.20293867588043213
2403082  0.20293867588043213
2403084  0.20293867588043213
2403086  0.20293867588043213
2403088  0.20293867588043213
2403089  0.20293867588043213
2403093  0.20293867588043213
2403096  0.20293867588043213
2403097  0.20293867588043213
2403098  0.20293867588043213
2403100  0.20293867588043213
2403102  0.20293867588043213
2403106  0.20293867588043213
2403110  0.20293867588043213
2403113  0.20293867588043213
2403114  0.20293867588043213
2403115  0.20293867588043213
2403117  0.20293867588043213
2403118  0.20293867588043213
2403120  0.20293867588043213
2403121  0.20293867588043213
2403123  0.20293867588043213
2403126  0.20293867588043213
2403127  0.20293867588043213
2403129  0.20293867588043213
2403144  0.20293867588043213
2403145  0.20293867588043213
2403149  0.20293867588043213
2403150  0.20293867588043213
2403152  0.20293867588043213
2403153  0.20293867588043213
2403155  0.20293867588043213
2403156  0.20293867588043213
2403160  0.20293867588043213
2403161  0.20293867588043213
2403162  0.20293867588043213
2403163  0.20293867588043213
2403166  0.20293867588043213
2403168  0.20293867588043213
2403170  0.20293867588043213
2403172  0.20293867588043213
2403173  0.20293867588043213
2403177  0.20293867588043213
2403180  0.20293867588043213
2403181  0.20293867588043213
2403182  0.20293867588043213
2403184  0.20293867588043213
2403186  0.20293867588043213
2403190  0.20293867588043213
2403194  0.20293867588043213
2403197  0.20293867588043213
2403198  0.20293867588043213
2403199  0.20293867588043213
2403201  0.20293867588043213
2403202  0.20293867588043213
2403204  0.20293867588043213
2403205  0.20293867588043213
2403207  0.20293867588043213
2403210  0.20293867588043213
2403211  0.20293867588043213
2403213  0.20293867588043213
2403253  0.20293867588043213
2403254  0.20293867588043213
2403255  0.20293867588043213
2403256  0.20293867588043213
2403257  0.20293867588043213
2403258  0.20293867588043213
2403259  0.20293867588043213
2403260  0.20293867588043213
2403265  0.20293867588043213
2403266  0.20293867588043213
2403267  0.20293867588043213
2403268  0.20293867588043213
2403270  0.20293867588043213
2403309  0.20293867588043213
2403310  0.20293867588043213
2403311  0.20293867588043213
2403312  0.20293867588043213
2403313  0.20293867588043213
2403314  0.20293867588043213
2403315  0.20293867588043213
2403316  0.20293867588043213
2403321  0.20293867588043213
2403322  0.20293867588043213
2403323  0.20293867588043213
2403324  0.20293867588043213
2403326  0.20293867588043213
2403338  0.20293867588043213
2403339  0.20293867588043213
2403342  0.20293867588043213
2403343  0.20293867588043213
2403346  0.20293867588043213
2403347  0.20293867588043213
2403348  0.20293867588043213
2403351  0.20293867588043213
2403352  0.20293867588043213
2402710  0.052375566214323044
3000396  0.04181463271379471
3000277  0.04175889864563942
3000169  0.04172049090266228
3000308  0.04171513020992279
3000309  0.04170873016119003
3000387  0.041700687259435654
3000173  0.04168921709060669
3000346  0.041667960584163666
3000116  0.0416577011346817
3000392  0.04162534698843956
3000280  0.04162084311246872
3000382  0.04162059351801872
3000175  0.041619375348091125
3000215  0.04161827266216278
3000170  0.041617512702941895
3000187  0.04160657897591591
3000276  0.04159384220838547
3000128  0.041586924344301224
3000310  0.04158410802483559
3000214  0.04158327355980873
3000390  0.04158283770084381
3000203  0.041579872369766235
3000385  0.041579168289899826
3000113  0.04157652705907822
3000278  0.04157250002026558
3000326  0.041568055748939514
3000195  0.041561901569366455
3000204  0.04156165197491646
3000168  0.04156001657247543
3000307  0.041558802127838135
3000115  0.04155413433909416
3000172  0.04155042767524719
3000293  0.04154831916093826
3000383  0.04154714196920395
3000275  0.04154452681541443
3000190  0.04154380038380623
3000345  0.04154372587800026
3000186  0.04153206944465637
3000189  0.04152984917163849
3000240  0.04152776300907135
3000233  0.041523754596710205
3000344  0.041518859565258026
3000123  0.04151102155447006
3000341  0.04150954261422157
3000174  0.041507117450237274
3000196  0.04150575026869774
3000126  0.04150480404496193
3000167  0.0415046326816082
3000279  0.04150434583425522
3000343  0.04150208830833435
3000288  0.04150085523724556
3000311  0.0414971187710762
3000336  0.041494082659482956
3000124  0.04149313643574715
3000261  0.04149101302027702
3000216  0.04149070754647255
3000325  0.04149038717150688
3000340  0.041482288390398026
3000286  0.04147988185286522
3000239  0.04147762805223465
3000192  0.04147637262940407
3000294  0.04147633537650108
3000202  0.04147457703948021
3000127  0.04147396609187126
3000234  0.04147174954414368
3000269  0.04147152230143547
3000217  0.04147036373615265
3000219  0.041466839611530304
3000296  0.04146648198366165
3000337  0.041464585810899734
3000315  0.0414622537791729
3000376  0.04146195203065872
3000327  0.04146174341440201
3000197  0.04146035760641098
3000295  0.04145906865596771
3000253  0.041456494480371475
3000171  0.041456472128629684
3000199  0.04145416244864464
3000117  0.04145389795303345
3000245  0.04145349562168121
3000125  0.04145268350839615
3000211  0.041450828313827515
3000213  0.04144904762506485
3000263  0.04144849628210068
3000329  0.04144181311130524
3000231  0.04144137352705002
3000287  0.04143938422203064
3000114  0.041439272463321686
3000301  0.04143663868308067
3000297  0.04143112897872925
3000317  0.04142928868532181
3000347  0.041424237191677094
3000316  0.041422873735427856
3000221  0.04142145439982414
3000342  0.041419390588998795
3000252  0.04141935333609581
3000241  0.041418347507715225
3000120  0.04141635820269585
3000339  0.04141624644398689
3000313  0.041414905339479446
3000220  0.04141274467110634
3000208  0.041409675031900406
3000122  0.04140952602028847
3000335  0.04140801355242729
3000176  0.04140161722898483
3000230  0.04140148311853409
3000232  0.04140135273337364
3000264  0.0414000079035759
3000338  0.041396696120500565
3000266  0.041396237909793854
3000121  0.04139567166566849
3000247  0.041395388543605804
3000134  0.04139291122555733
3000260  0.0413922481238842
3000283  0.04138931632041931
3000136  0.04138907045125961
3000210  0.04138904809951782
3000185  0.041388463228940964
3000229  0.04138810560107231
3000129  0.0413842648267746
3000188  0.0413837730884552
3000357  0.04138348996639252
3000349  0.041382450610399246
3000291  0.04138214513659477
3000209  0.041380446404218674
3000137  0.041377607733011246
3000191  0.04137285798788071
3000193  0.041369304060935974
3000206  0.041368547827005386
3000300  0.041367847472429276
3000238  0.04136694222688675
3000119  0.04136083275079727
3000312  0.041359756141901016
3000262  0.04135903716087341
3000212  0.0413491353392601
3000207  0.041346993297338486
3000282  0.04134694114327431
3000246  0.04134669527411461
3000118  0.041346676647663116
3000166  0.04134637117385864
3000268  0.041342783719301224
3000227  0.04133811593055725
3000355  0.04133712872862816
3000194  0.04133584722876549
3000281  0.041335318237543106
3000218  0.04133038595318794
3000259  0.04132977873086929
3000265  0.04132351279258728
3000354  0.04131869226694107
3000145  0.04131636768579483
3000205  0.04131251946091652
3000147  0.041311267763376236
3000250  0.04131061211228371
3000201  0.0413077212870121
3000256  0.04130388796329498
3000177  0.041299887001514435
3000152  0.041297394782304764
3000251  0.04129588231444359
3000198  0.041294217109680176
3000178  0.0412931814789772
3000200  0.041289880871772766
3000298  0.04128904640674591
3000235  0.04128735139966011
3000274  0.04127953574061394
3000237  0.041277892887592316
3000289  0.04127611964941025
3000154  0.04127434641122818
3000153  0.041273441165685654
3000271  0.041272327303886414
3000243  0.04127128794789314
3000270  0.041271232068538666
3000314  0.04127110168337822
3000158  0.04126915708184242
3000290  0.04126881808042526
3000321  0.04126206412911415
3000139  0.04125908389687538
3000292  0.041258666664361954
3000133  0.04125857725739479
3000328  0.04125838726758957
3000226  0.04125763103365898
3000350  0.041257500648498535
3000348  0.04125501215457916
3000039  0.041254766285419464
3000330  0.041252974420785904
3000334  0.041251860558986664
3000184  0.041251182556152344
3000299  0.041249748319387436
3000130  0.04124882444739342
3000320  0.04124612733721733
3000273  0.04124422371387482
3000244  0.04123615473508835
3000352  0.04123489186167717
3000138  0.041231971234083176
3000356  0.04122612252831459
3000144  0.041224561631679535
3000242  0.04122452437877655
3000267  0.04122280701994896
3000181  0.04121807590126991
3000255  0.04121721163392067
3000248  0.041215211153030396
3000285  0.04121410474181175
3000322  0.04121391475200653
3000284  0.041208792477846146
3000135  0.04120711237192154
3000319  0.04120626673102379
3000323  0.04119592532515526
3000331  0.04119505733251572
3000254  0.04119277745485306
3000318  0.04118449240922928
3000302  0.04117891564965248
3000306  0.0411745123565197
3000249  0.041171763092279434
3000159  0.0411575548350811
3000142  0.04115305840969086
3000165  0.041149597615003586
3000179  0.04114812985062599
3000272  0.04114720597863197
3000183  0.04114532843232155
3000157  0.04114421829581261
3000324  0.04114186763763428
3000180  0.041138820350170135
3000228  0.0411345474421978
3000351  0.04113255441188812
3000353  0.04112952575087547
3000143  0.04112672433257103
3000225  0.04111527279019356
3000146  0.04111296311020851
3000155  0.04110976681113243
3000222  0.04110683500766754
3000303  0.041096802800893784
3000223  0.04109623283147812
3000132  0.04109292849898338
3000333  0.04108099639415741
3000236  0.041080888360738754
3000258  0.041079118847846985
3000182  0.04107688367366791
3000148  0.041055064648389816
3000257  0.041048627346754074
3000140  0.041048381477594376
3000156  0.04104791209101677
3000163  0.04104432836174965
3000305  0.04104258492588997
3000149  0.041036032140254974
3000151  0.04103393107652664
3000141  0.04102446138858795
3000224  0.04100879654288292
3000150  0.04100611433386803
3000161  0.04095074161887169
3000160  0.04094628244638443
3000304  0.040926121175289154
3000162  0.04088311269879341
3000332  0.04088296368718147
3000164  0.040816545486450195
3000112  0.029293052852153778
2000354  0.009209135547280312
2400408  0.009202598594129086
2200072  0.00919120479375124
2400509  0.009184659458696842
2000357  0.00918459054082632
2000559  0.009176058694720268
2400410  0.009174398146569729
2000631  0.009173310361802578
2200078  0.009172603487968445
2400514  0.009171299636363983
2400478  0.00917067565023899
2400510  0.00917035061866045
2000771  0.00917015504091978
2400505  0.009169744327664375
2000629  0.009168565273284912
2400513  0.009167751297354698
2400406  0.009166494943201542
2200071  0.009166140109300613
2303794  0.009164581075310707
2000571  0.00916390959173441
2400436  0.009161815047264099
2000351  0.009160226210951805
2000622  0.009158875793218613
2000557  0.009158174507319927
2000673  0.009157798252999783
2000700  0.009156608954071999
2000573  0.009154865518212318
2000702  0.009154549799859524
2000566  0.00915357656776905
2400277  0.009153295308351517
2400508  0.009152166545391083
2000649  0.00915208924561739
2000773  0.009151146747171879
2400256  0.009150558151304722
2400464  0.009149749763309956
2000401  0.009149737656116486
2000398  0.009149525314569473
2400476  0.009149140678346157
2400285  0.00914900191128254
2400411  0.009148569777607918
2000643  0.009148565120995045
2000578  0.00914753694087267
2000561  0.009146076627075672
2400405  0.00914542842656374
2000623  0.009144870564341545
2000411  0.009144092909991741
2000563  0.00914307776838541
2200085  0.009142722934484482
2000396  0.00914078764617443
2100038  0.009140598587691784
2400452  0.009139899164438248
2000394  0.009139332920312881
2400506  0.009136526845395565
2000651  0.009136512875556946
2400359  0.009136397391557693
2400475  0.009136320091784
2000683  0.009135080501437187
2400141  0.009134692139923573
2000409  0.009134566411376
2400473  0.009134420193731785
2000858  0.009134342893958092
2400454  0.009134105406701565
2000408  0.009133812040090561
2000751  0.009133617393672466
2000353  0.009133215993642807
2400376  0.009132305160164833
2000625  0.0091322623193264
2400437  0.009131412021815777
2400472  0.009131395258009434
2400288  0.009130813181400299
2000352  0.009130636230111122
2400480  0.009130308404564857
2000763  0.009130299091339111
2000701  0.009130092337727547
2000679  0.009129212237894535
2303808  0.009129105135798454
2000770  0.009128392674028873
2400371  0.009128246456384659
2000564  0.009128056466579437
2000695  0.009127439931035042
2400413  0.009127172641456127
2000748  0.009126698598265648
2400160  0.009126543067395687
2000804  0.00912633165717125
2100047  0.009126327000558376
2000764  0.009125892072916031
2400483  0.009124969132244587
2400462  0.009124908596277237
2000869  0.009124874137341976
2000412  0.009124347940087318
2000675  0.0091240294277668
2000747  0.00912298634648323
2000650  0.009122787974774837
2000674  0.009121335111558437
2400453  0.009121136739850044
2400463  0.009120451286435127
2000876  0.009118913672864437
2000735  0.009118818677961826
2000862  0.009118638001382351
2000579  0.009117788635194302
2200070  0.009117440320551395
2000794  0.009117108769714832
2000721  0.009117056615650654
2000420  0.009117022156715393
2000422  0.009116142988204956
2000886  0.009116096422076225
2000556  0.009115428663790226
2000644  0.00911528617143631
2000709  0.009114842861890793
2400435  0.009114584885537624
2000705  0.009114309214055538
2000474  0.009113327600061893
2000395  0.009113280102610588
2000703  0.00911322794854641
2000680  0.009113159030675888
2400440  0.00911309476941824
2000870  0.009112982079386711
2000699  0.009112758561968803
2000397  0.009112543426454067
2000415  0.009112440049648285
2000647  0.009112413972616196
2000361  0.00911238044500351
2400420  0.009111832827329636
2400445  0.009111626073718071
2000434  0.009111532010138035
2000654  0.009111316874623299
2400422  0.009111023508012295
2400503  0.009110907092690468
2000706  0.009110760875046253
2400421  0.00911038275808096
2400501  0.009110020473599434
2000358  0.009110012091696262
2000621  0.009109633043408394
2000796  0.009109259583055973
2400218  0.009108923375606537
2400484  0.00910855270922184
2400385  0.009108097292482853
2000670  0.009107386693358421
2303810  0.009106866084039211
2000648  0.009106849320232868
2400179  0.00910679716616869
2000795  0.009106353856623173
2000872  0.009106061421334743
2400481  0.00910575594753027
2400128  0.009104344993829727
2000729  0.009103316813707352
2000696  0.009101699106395245
2000732  0.009101463481783867
2000676  0.009101334027945995
2400424  0.009101105853915215
2000677  0.009101093746721745
2400502  0.00910052191466093
2000653  0.009100315161049366
2400237  0.009099717251956463
2400495  0.00909934751689434
2400416  0.009099184535443783
2000419  0.009097873233258724
2000511  0.009097456000745296
2400496  0.009096936322748661
2400442  0.009096579626202583
2000829  0.009096127934753895
2000509  0.00909531582146883
2400198  0.009094245731830597
2000791  0.009093974716961384
2000669  0.00909329205751419
2000801  0.009092368185520172
2000774  0.009091255255043507
2000769  0.009090439416468143
2000657  0.009089932776987553
2000800  0.009089837782084942
2100048  0.009089833125472069
2100037  0.00908973440527916
2000797  0.00908956304192543
2000554  0.009089305065572262
2000508  0.009088665246963501
2400446  0.009088403545320034
2400372  0.00908802542835474
2400115  0.009085913188755512
2000768  0.009085569530725479
2400431  0.00908550526946783
2000516  0.009085363708436489
2000731  0.009084993973374367
2000606  0.009083856828510761
2000581  0.00908381026238203
2000856  0.009083402343094349
2000846  0.009083393029868603
2400374  0.009082998149096966
2000428  0.009082990698516369
2000848  0.009082040749490261
2200054  0.009081762284040451
2000722  0.009081651456654072
2400414  0.009081423282623291
2000448  0.009080466814339161
2000798  0.009080260992050171
2000441  0.009080037474632263
2000855  0.009079989977180958
2000423  0.009078964591026306
2200050  0.009077095426619053
2400494  0.009075713343918324
2000777  0.009075251407921314
2000585  0.009075062349438667
2400375  0.009074650704860687
2000728  0.00907379761338234
2000602  0.009073356166481972
2000790  0.009072995744645596
2400403  0.009072717279195786
2000513  0.009070342406630516
2400097  0.009070063941180706
2400450  0.009069021791219711
2400486  0.009068349376320839
2400434  0.009067757986485958
2400430  0.009066798724234104
2000530  0.009065976366400719
2000447  0.009065963327884674
2000418  0.009065564721822739
2200068  0.009064661338925362
2400427  0.00906455423682928
2000767  0.009063946083188057
2400429  0.009062147699296474
2000444  0.009058602154254913
2400426  0.00905833300203085
2000553  0.00905600469559431
2000482  0.009053223766386509
2000438  0.009052214212715626
2400491  0.009049711748957634
2000477  0.009048784151673317
2400490  0.009047518484294415
2000603  0.00904568936675787
2000852  0.009044935926795006
2000727  0.009043829515576363
2000531  0.009043419733643532
2400448  0.009042748250067234
2000726  0.009040924720466137
2000588  0.00904032215476036
2000479  0.009040223434567451
2400449  0.009039714932441711
2000725  0.009037524461746216
2000604  0.009036969393491745
2000475  0.009035239927470684
2000439  0.009030758403241634
2400393  0.009029699489474297
2000478  0.009029175154864788
2000416  0.009027165360748768
2000512  0.009025736711919308
2000534  0.009024299681186676
2400394  0.009023481048643589
2400447  0.009022291749715805
2000853  0.009021375328302383
2000435  0.009019384160637856
2000549  0.009015429764986038
2400402  0.009007425047457218
2000532  0.009007152169942856
2000551  0.008986524306237698
1000108  0.007941017858684063
1500042  0.007934119552373886
1000737  0.007931305095553398
1000980  0.00793047621846199
1000723  0.00792970322072506
1000996  0.007929369807243347
1000288  0.0079284543171525
1000295  0.007926804013550282
1001104  0.007923842407763004
1000122  0.007923133671283722
1000520  0.007922995835542679
1000318  0.007921376265585423
1000977  0.007919982075691223
1000995  0.00791982188820839
1000317  0.007919037714600563
1000870  0.007918154820799828
1000121  0.007918151095509529
1000369  0.007918053306639194
1400053  0.007917854934930801
1000296  0.00791668239980936
1000741  0.007916083559393883
1100050  0.007915854454040527
1000801  0.007915196008980274
1000054  0.007914656773209572
1000292  0.007914154790341854
1000287  0.007913555949926376
1000135  0.007913263514637947
1000743  0.007913129404187202
1400059  0.007912934757769108
1001130  0.007911796681582928
1500053  0.007911748252809048
1000825  0.00791137758642435
1000738  0.00791078619658947
1000314  0.007910685613751411
1000884  0.007910680957138538
1000510  0.007910632528364658
1000123  0.007910430431365967
1000293  0.007910111919045448
1200044  0.007909812964498997
1000109  0.00790970865637064
1000329  0.007909581065177917
1001141  0.007909263484179974
1500043  0.007909045554697514
1000063  0.007908612489700317
1000060  0.007908429019153118
1000040  0.007908212020993233
1000713  0.007907871156930923
1000315  0.007907306775450706
1000544  0.007906913757324219
1000126  0.007906808517873287
1000720  0.007906034588813782
1100042  0.007905843667685986
1100051  0.007905444130301476
1000134  0.007905152626335621
1000495  0.007905121892690659
1400052  0.007905013859272003
1000328  0.007904729805886745
1000140  0.00790437776595354
1000145  0.007903902791440487
1000289  0.00790377240628004
1400033  0.007903731428086758
1000667  0.007903555408120155
1000141  0.007902868092060089
1000466  0.007902822457253933
1000284  0.007902638986706734
1000132  0.00790239218622446
1000912  0.007902258075773716
1000768  0.007902172394096851
1001134  0.007901888340711594
1001040  0.0079016899690032
1000072  0.0079015102237463
1000919  0.0079015102237463
1000045  0.007901476696133614
1000127  0.007901379838585854
1000316  0.007901073433458805
1000332  0.007900867611169815
1000283  0.007900706492364407
1000997  0.007900583557784557
1000614  0.007900344207882881
1001131  0.007899865508079529
1000812  0.007899402640759945
1000176  0.007899081334471703
1001101  0.007899047806859016
1000666  0.007899029180407524
1000133  0.007898994721472263
1000868  0.007898897863924503
1000357  0.007898815907537937
1001136  0.007898767478764057
1000069  0.007898700423538685
1000057  0.007898389361798763
1000411  0.00789831206202507
1000322  0.007898090407252312
1001039  0.00789808388799429
1000664  0.007898072712123394
1200046  0.007897866889834404
1000298  0.007897556759417057
1000688  0.007897459901869297
1000615  0.00789738167077303
1000075  0.007897309958934784
1000436  0.007897265255451202
1000325  0.007897108793258667
1000397  0.007897044532001019
1000290  0.007897034287452698
1000412  0.007896768860518932
1000313  0.007896563038229942
1100041  0.00789641309529543
1000385  0.007896252907812595
1000685  0.007896200753748417
1000481  0.007896197028458118
1000684  0.007896129973232746
1000521  0.007896085269749165
1000867  0.007896002382040024
1000715  0.007895808666944504
1000271  0.007895427756011486
1001105  0.007895132526755333
1000467  0.007895046845078468
1000620  0.007894329726696014
1000139  0.007894232869148254
1000932  0.007894082926213741
1300038  0.007893802598118782
1001108  0.007893668487668037
1001107  0.007893589325249195
1000333  0.007893553003668785
1001054  0.007893074303865433
1400051  0.007892865687608719
1000518  0.007892484776675701
1000663  0.007892369292676449
1000693  0.007892178371548653
1000517  0.007892115041613579
1000320  0.007891995832324028
1000563  0.007891984656453133
1000299  0.00789184682071209
1000173  0.00789151806384325
1000511  0.007890946231782436
1001000  0.007890823297202587
1000719  0.007890819571912289
1000913  0.00789039395749569
1000370  0.007889975793659687
1300048  0.007889949716627598
1000525  0.00788959488272667
1000757  0.007889267057180405
1001132  0.007889144122600555
1000898  0.007889135740697384
1000120  0.007889038883149624
1001015  0.007888789288699627
1000324  0.007888785563409328
1000174  0.007888640277087688
1000670  0.00788849126547575
1000310  0.007888374850153923
1000177  0.007887964136898518
1000522  0.007887878455221653
1300037  0.007887833751738071
1200045  0.007887748070061207
1000944  0.007887539453804493
1000330  0.007887370884418488
1000128  0.007887080311775208
1000582  0.007886949926614761
1000181  0.007886684499680996
1001128  0.0078864311799407
1000189  0.007886386476457119
1000202  0.007886258885264397
1000599  0.00788605771958828
1000051  0.007885882630944252
1000396  0.007885841652750969
1000384  0.007885733619332314
1000066  0.007885345257818699
1001106  0.00788502860814333
1000048  0.007884729653596878
1000193  0.007884125225245953
1001070  0.007883737795054913
1000078  0.00788298062980175
1200047  0.00788295827805996
1000746  0.007882868871092796
1001055  0.007882790639996529
1000124  0.007882379926741123
1000853  0.007882368750870228
1000300  0.007882085628807545
1000335  0.007882085628807545
1000618  0.007882067002356052
1000439  0.007881895639002323
1000182  0.007881540805101395
1200057  0.00788143277168274
1000192  0.00788092240691185
1000617  0.007880814373493195
1000435  0.007880773395299911
1000514  0.007880743592977524
1000185  0.007880049757659435
1000527  0.007880008779466152
1000356  0.007879684679210186
1000839  0.007879677228629589
1000790  0.007879621349275112
1000717  0.00787960272282362
1000450  0.007879517041146755
1000915  0.0078791668638587
1000597  0.007878834381699562
1001129  0.007878703996539116
1000203  0.00787840224802494
1300047  0.007878391072154045
1001098  0.007877955213189125
1001027  0.007877638563513756
1000716  0.007877083495259285
1000917  0.007876263000071049
1001097  0.007876147516071796
1000190  0.007876061834394932
1001110  0.007875763811171055
1000200  0.00787546206265688
1000146  0.007875283248722553
1200063  0.007874798960983753
1001100  0.007874676026403904
1000273  0.007874627597630024
1000301  0.007873897440731525
1000513  0.00787294376641512
1000690  0.00787223968654871
1000233  0.007871897891163826
1000172  0.007871245965361595
1000976  0.007870594039559364
1000779  0.007869905792176723
1000206  0.007868948392570019
1000524  0.007868657819926739
1000302  0.007868286222219467
1000306  0.007867846637964249
1001083  0.007867001928389072
1000194  0.007866086438298225
1000149  0.007865922525525093
1000303  0.007865617983043194
1000598  0.007865185849368572
1001057  0.007864318788051605
1000090  0.00786366406828165
1000309  0.00786309503018856
1200051  0.007862809114158154
1000718  0.007862607948482037
1000272  0.007861856371164322
1000187  0.007861421443521976
1000960  0.007860826328396797
1000198  0.007860718294978142
1000282  0.007860695943236351
1000232  0.007859475910663605
1000195  0.007857903838157654
1000199  0.007857713848352432
1000275  0.00785731989890337
1000184  0.007856369018554688
1000634  0.007854892872273922
1000084  0.007854009047150612
1000962  0.007852920331060886
1000081  0.007852894254028797
1000959  0.007851099595427513
1000274  0.007850702852010727
1001113  0.007849722169339657
1000183  0.007849580608308315
1001111  0.007849116809666157
1500054  0.007848351262509823
1000648  0.00784796942025423
1000276  0.00784752331674099
1000281  0.007838433608412743
2400515  0.00755352945998311
2000343  0.007417165674269199
1900218  0.007052900269627571
1900661  0.007052523083984852
1900266  0.007050997111946344
1900663  0.007050793617963791
1600037  0.007050019223242998
1900219  0.007049571722745895
1900037  0.007049567997455597
2000341  0.007049188017845154
1700070  0.007049054838716984
2000340  0.007048436906188726
1900243  0.007048427127301693
1900207  0.00704836705699563
2000272  0.007048307452350855
2000254  0.007047826889902353
1900060  0.007047770079225302
1900629  0.007047278806567192
1900543  0.007047108840197325
1900548  0.007047049235552549
1600050  0.007047018967568874
1900668  0.007046775426715612
1900547  0.007046642247587442
1900542  0.007046508137136698
2000342  0.007046361919492483
1900235  0.007046051323413849
1900314  0.0070460280403494835
1900210  0.007045958191156387
1600038  0.007045564241707325
1900659  0.007045557256788015
2000259  0.007045478094369173
2000255  0.0070454273372888565
1900237  0.0070453607477247715
1900208  0.007045297883450985
1900628  0.007045197766274214
2000334  0.007045067381113768
2000278  0.007045046892017126
1900374  0.007044940255582333
2000286  0.007044903934001923
2000038  0.007044543512165546
1900051  0.007044386584311724
2000284  0.007044317200779915
1900045  0.007044310215860605
1900267  0.007044296711683273
1900590  0.007044103462249041
1700063  0.007043999619781971
1900263  0.0070438263937830925
2000335  0.0070437598042190075
1900497  0.007043653167784214
1900658  0.007043566554784775
1900518  0.007043319754302502
1900220  0.007043252699077129
1900560  0.007043239660561085
1900261  0.007043186109513044
2000290  0.007043085992336273
1900054  0.007042929530143738
1900276  0.007042792160063982
1700062  0.00704271299764514
2000339  0.007042672950774431
1700046  0.007042489480227232
1900209  0.0070424857549369335
2000270  0.007042459212243557
1900272  0.007042376324534416
1600048  0.00704233581200242
1900278  0.0070421891286969185
1900358  0.007042032666504383
1900338  0.0070419893600046635
1900626  0.007041968870908022
2000331  0.00704195536673069
1900240  0.007041869219392538
1900057  0.007041849661618471
1900048  0.00704178586602211
1900414  0.00704173231497407
1900239  0.00704158516600728
1700060  0.007041499018669128
2000280  0.00704145897179842
1800046  0.007041335571557283
2000289  0.007041315082460642
1600049  0.007041295524686575
1900279  0.0070412652567029
2000306  0.007041238714009523
1700069  0.007040935568511486
1900495  0.007040932308882475
1900069  0.007040831726044416
1700061  0.007040775381028652
1800056  0.007040651980787516
1900339  0.007040608674287796
2000253  0.007040608674287796
1700080  0.007040545344352722
1900540  0.0070403022691607475
2000276  0.007040201686322689
1700047  0.007040191907435656
1900635  0.007040165364742279
1900212  0.007040032651275396
1900498  0.007040002383291721
1900262  0.007039982359856367
1900640  0.007039855699986219
1900617  0.007039835676550865
1900634  0.007039808668196201
2000274  0.007039735093712807
1800058  0.007039552088826895
1900251  0.0070394789800047874
1900482  0.0070394654758274555
1900499  0.0070394291542470455
1900411  0.007039425428956747
2000269  0.0070393821224570274
1900215  0.0070393625646829605
1900269  0.007039351854473352
1900602  0.007039322517812252
2000053  0.007039285264909267
1900072  0.007039252202957869
1900285  0.007039135787636042
1900366  0.00703898910433054
1900622  0.0070389690808951855
1900042  0.0070388950407505035
1900066  0.007038875482976437
2000285  0.007038752548396587
1700048  0.007038722280412912
1900189  0.007038591895252466
2000282  0.007038591895252466
1900625  0.007038465701043606
1900348  0.00703844241797924
1900468  0.007038432639092207
2000277  0.007038349285721779
1900549  0.007038272451609373
1900221  0.007038238923996687
1900287  0.00703815883025527
1800057  0.007037986069917679
1700074  0.00703797210007906
1900223  0.007037922274321318
1900289  0.007037822622805834
1900288  0.007037799339741468
1900284  0.007037729024887085
2000054  0.007037496194243431
1900300  0.0070374528877437115
1900511  0.007037369068711996
1900277  0.007037349510937929
1900125  0.007037262432277203
2000037  0.007037246134132147
1900639  0.007037196308374405
2000268  0.00703716604039073
2000056  0.007037142291665077
1900283  0.007036990020424128
2000332  0.00703682005405426
1900494  0.007036623544991016
1900507  0.007036616560071707
2000052  0.007036419585347176
1900206  0.0070363362319767475
1900196  0.007036083377897739
2000302  0.00703607639297843
1700045  0.00703606940805912
1900312  0.007035950198769569
1900063  0.007035830058157444
1900232  0.007035830058157444
1900445  0.0070357900112867355
1900324  0.007035653572529554
1900631  0.007035623304545879
1900191  0.007035577204078436
1900313  0.007035410031676292
1900252  0.007035376969724894
1900515  0.007035294082015753
1900341  0.007035157177597284
1900302  0.007035126909613609
1900236  0.0070351106114685535
2000219  0.007034937385469675
2000070  0.007034850772470236
1700086  0.0070345341227948666
1900459  0.007034494075924158
1900577  0.007034470792859793
1900422  0.007034457754343748
1900273  0.007034434471279383
1900393  0.007034424692392349
1900574  0.007034411188215017
1900578  0.007034254726022482
1900575  0.007034204434603453
1900436  0.007034081034362316
1900345  0.007034024689346552
1900520  0.007033971603959799
1900509  0.007033925037831068
1900638  0.007033802103251219
1900103  0.007033764850348234
1900184  0.007033741567283869
1900185  0.007033598609268665
2000291  0.007033495232462883
1900298  0.007033355068415403
1900487  0.007033108733594418
1900222  0.007033012341707945
1900581  0.007032826077193022
1900490  0.007032669615000486
1900145  0.0070326258428394794
1900204  0.007032519672065973
2000102  0.00703250290825963
1900539  0.0070323399268090725
1800043  0.007032256107777357
1900231  0.007032153662294149
1900297  0.007031859830021858
2000189  0.007031859830021858
2000262  0.0070318239741027355
2000265  0.00703181978315115
2000292  0.007031814195215702
1900519  0.0070318072102963924
1900657  0.007031800225377083
1900078  0.0070317634381353855
1900483  0.007031701039522886
1900403  0.007031620945781469
1900412  0.007031487300992012
2000257  0.007031374145299196
1900514  0.007031314540654421
2000303  0.0070309811271727085
1900075  0.0070309448055922985
1900192  0.00703082513064146
2000294  0.007030752021819353
2000207  0.007030585315078497
1900225  0.007030571345239878
1900224  0.007030485663563013
1900621  0.007030401844531298
1900383  0.0070302654057741165
1900102  0.007030252367258072
2000297  0.007030162960290909
1800063  0.007030032109469175
1800045  0.007029909174889326
1900227  0.007029869593679905
1900195  0.007029822561889887
1900182  0.007029796484857798
1900655  0.007029676344245672
2000299  0.007029556669294834
1800069  0.007028997875750065
1900618  0.007028804626315832
1900344  0.007028474472463131
1900144  0.007028385065495968
2000160  0.007028378080576658
1800059  0.007028285413980484
1900124  0.00702825840562582
2000293  0.007028102409094572
1900229  0.007027949206531048
1900190  0.0070274933241307735
1900486  0.007027436979115009
1900489  0.007027310319244862
2000267  0.00702729681506753
1900198  0.007027250714600086
1800044  0.007026977837085724
1800075  0.007026934064924717
2000133  0.007026907987892628
1900180  0.007026043254882097
1900181  0.007024935446679592
1900201  0.0070247952826321125
1900183  0.0070247650146484375
1900641  0.007024143356829882
1900523  0.007023375481367111
1900656  0.007022819947451353
1900197  0.007022756617516279
1900081  0.0070212832652032375
2000266  0.007020941004157066
1900203  0.007017208728939295
1900200  0.007015661336481571
2400889  0.0046567474491894245
2400979  0.004656276665627956
2401073  0.004655107855796814
2400523  0.0046545155346393585
2400982  0.004653521813452244
2401068  0.004652479663491249
2401040  0.004652391187846661
2400618  0.004652384668588638
2400978  0.00465152133256197
2400674  0.004650607239454985
2400890  0.004650185350328684
2401012  0.00465016346424818
2400887  0.004649729002267122
2400617  0.00464874692261219
2400627  0.00464867427945137
2401063  0.0046484642662107944
2400623  0.004648245871067047
2400650  0.004647451918572187
2400645  0.004647447727620602
2401071  0.0046471101231873035
2400644  0.004646867513656616
2400539  0.004646697547286749
2400756  0.004646327346563339
2400892  0.0046457890421152115
2400647  0.004645601846277714
2400694  0.0046455468982458115
2400516  0.004645337350666523
2401070  0.00464513199403882
2400660  0.004645081236958504
2400969  0.004645037464797497
2400933  0.004644977860152721
2400894  0.0046449401415884495
2400735  0.004644880536943674
2400692  0.004644711036235094
2400931  0.004644691478461027
2400620  0.004644686821848154
2401039  0.004644669126719236
2400696  0.0046442062593996525
2400626  0.004644067492336035
2401066  0.004644038621336222
2400521  0.004643723368644714
2400622  0.004643079824745655
2400629  0.004642989486455917
2400524  0.004642976447939873
2400675  0.004642742685973644
2400662  0.004642493557184935
2400534  0.004642447456717491
2400653  0.004642370622605085
2400538  0.0046418942511081696
2400628  0.004641526844352484
2400757  0.004641522187739611
2400664  0.004641486797481775
2400930  0.004641389939934015
2400752  0.004641385283321142
2400985  0.004641372244805098
2400940  0.004641198553144932
2401035  0.004641196224838495
2400532  0.004640977829694748
2400932  0.004640656523406506
2400535  0.004640169907361269
2401038  0.004640165250748396
2401065  0.004640165250748396
2400905  0.004640103783458471
2401029  0.004640017636120319
2400986  0.0046396940015256405
2400861  0.004639392253011465
2401013  0.004639366175979376
2401028  0.00463933264836669
2401037  0.004639262333512306
2400703  0.004639240447431803
2400536  0.004639226943254471
2401034  0.004638974089175463
2400864  0.0046388814225792885
2400529  0.004638844169676304
2400655  0.004638320300728083
2400541  0.0046382807195186615
2400869  0.004638209939002991
2400711  0.004638141952455044
2400531  0.004638013895601034
2400912  0.004637897480279207
2400991  0.004637802951037884
2400684  0.004637677222490311
2400884  0.004637448582798243
2400646  0.004637446254491806
2400613  0.0046373275108635426
2401043  0.00463722413405776
2401032  0.004637221805751324
2401033  0.004637215286493301
2400898  0.00463719991967082
2400685  0.004637131467461586
2400797  0.004637038800865412
2400519  0.004636970814317465
2400862  0.004636948928236961
2400527  0.004636839032173157
2400950  0.004636816680431366
2400732  0.004636803641915321
2400734  0.004636733327060938
2400699  0.004636572673916817
2400789  0.0046364073641598225
2401014  0.004636398516595364
2400733  0.004636301659047604
2400657  0.004636112600564957
2400549  0.004635956138372421
2400683  0.004635859280824661
2400547  0.004635850433260202
2400896  0.004635842051357031
2400676  0.004635798279196024
2401061  0.004635788965970278
2401030  0.004635749384760857
2400874  0.004635652527213097
2400673  0.00463557755574584
2401027  0.0046353647485375404
2401055  0.004635247867554426
2400990  0.0046350983902812
2400987  0.004635008051991463
2400669  0.004634931217879057
2400668  0.004634924232959747
2400992  0.004634917713701725
2400763  0.004634746350347996
2400665  0.004634730983525515
2400737  0.004634533077478409
2400764  0.00463435472920537
2400689  0.0046339742839336395
2400630  0.004633906297385693
2400877  0.004633849021047354
2400867  0.004633808974176645
2400680  0.004633695352822542
2400872  0.004633622244000435
2400530  0.004633615724742413
2400741  0.004633556120097637
2401046  0.004633525386452675
2401016  0.004633450880646706
2400719  0.0046332706697285175
2401047  0.004633118398487568
2400860  0.004633116535842419
2400897  0.0046331011690199375
2401054  0.004633087664842606
2400988  0.004633022006601095
2401010  0.004633004777133465
2400678  0.004632987082004547
2400871  0.004632734227925539
2400751  0.004632679279893637
2400904  0.004632630385458469
2400686  0.004632606171071529
2400553  0.0046324701979756355
2400658  0.004632355645298958
2400550  0.004631997551769018
2400762  0.004631929099559784
2400780  0.004631904885172844
2400679  0.0046318937093019485
2400548  0.004631757736206055
2400729  0.004631414543837309
2400700  0.004631353076547384
2400641  0.004631195217370987
2400528  0.004631150979548693
2400952  0.004631058778613806
2400913  0.004630997311323881
2400765  0.004630937706679106
2400566  0.004630852025002241
2401045  0.0046307905577123165
2400771  0.004630482755601406
2400731  0.004630463197827339
2400542  0.004630395211279392
2400575  0.004630239214748144
2400947  0.004630188457667828
2400993  0.004630067385733128
2401018  0.0046300278045237064
2400914  0.004629882983863354
2400590  0.004629742354154587
2401059  0.004629309289157391
2401060  0.00462910532951355
2400859  0.004629010800272226
2400720  0.004628962371498346
2400760  0.004628773313015699
2400949  0.004628375638276339
2400672  0.004628338385373354
2400870  0.004628142807632685
2400805  0.004628138616681099
2400579  0.004628107883036137
2400837  0.004628101363778114
2400551  0.004627774003893137
2400727  0.004627618007361889
2400941  0.004627536982297897
2400920  0.004627281799912453
2401000  0.004627048969268799
2400730  0.004626886453479528
2401017  0.004626847337931395
2400612  0.0046267942525446415
2400640  0.004626583307981491
2401002  0.0046264538541436195
2400813  0.0046263705007731915
2400929  0.004626262933015823
2400901  0.004626181907951832
2400564  0.004626076202839613
2400750  0.004626012872904539
2400761  0.0046259555965662
2400576  0.004625687375664711
2401004  0.004625343251973391
2400767  0.004625033121556044
2401009  0.004624820314347744
2400899  0.004624730441719294
2401053  0.004624675493687391
2400881  0.004624653607606888
2401003  0.004624640569090843
2400634  0.004624322056770325
2400882  0.004624214954674244
2400759  0.004624144174158573
2400880  0.004624067805707455
2401008  0.004624050110578537
2400561  0.004623973276466131
2400879  0.004623791202902794
2400565  0.004623635206371546
2400636  0.004623073618859053
2400749  0.004622720181941986
2401026  0.0046225665137171745
2400572  0.00462234066799283
2401049  0.004622132517397404
2400589  0.004621853586286306
2400599  0.004621757194399834
2400637  0.004621540196239948
2400961  0.004621500615030527
2400546  0.004621377680450678
2400560  0.0046213362365961075
2400633  0.004620904102921486
2400557  0.0046197217889130116
2400726  0.00461894366890192
2401051  0.004618816543370485
2400722  0.004618402104824781
2400635  0.00461813248693943
2400639  0.004618044942617416
2400600  0.004617521073669195
2400567  0.004617446567863226
2400587  0.004616657271981239
2400721  0.004616591613739729
2400955  0.004616497550159693
2400857  0.004615871235728264
2400545  0.004615787882357836
2400856  0.004615765996277332
2401025  0.004615608137100935
2401050  0.004614828620105982
2400611  0.004614780191332102
2400554  0.004614226054400206
2400571  0.004614103119820356
2400555  0.0046140942722558975
2400568  0.004613518714904785
2400569  0.004613406956195831
2400607  0.0046125552617013454
2401020  0.004611226264387369
2400958  0.004610841162502766
2400603  0.004609966184943914
2400604  0.004609440919011831
2400957  0.004608620423823595
2400608  0.004607697483152151
2403355  0.004000241868197918
2401075  0.003307792590931058
2401412  0.0019314875826239586
2401616  0.0019314094679430127
2401573  0.0019307781476527452
2401500  0.001930253580212593
2401206  0.0019292680080980062
2401081  0.0019289128249511123
2401599  0.0019287721952423453
2401504  0.0019278170075267553
2401202  0.0019275343511253595
2401201  0.0019275262020528316
2401601  0.00192745728418231
2401498  0.0019270721822977066
2401241  0.001926879514940083
2401411  0.0019266685703769326
2401076  0.001926505472511053
2401255  0.001926235854625702
2401209  0.0019261507550254464
2401285  0.001926008495502174
2401445  0.0019258939428254962
2401595  0.0019258023239672184
2401534  0.0019257785752415657
2401246  0.0019257620442658663
2401414  0.0019256968516856432
2401199  0.001925661345012486
2401505  0.0019256336381658912
2401265  0.001925429329276085
2401337  0.0019248886965215206
2401267  0.0019239940447732806
2401080  0.0019239645916968584
2401434  0.001923882169649005
2401497  0.001923843752592802
2401090  0.0019238347886130214
2401561  0.0019237687811255455
2401472  0.0019236452644690871
2401597  0.0019234362989664078
2401474  0.0019234016072005033
2401281  0.00192330835852772
2401103  0.0019232651684433222
2401329  0.0019232615595683455
2401230  0.0019232112681493163
2401475  0.00192317645996809
2401210  0.001923120697028935
2401572  0.001923110568895936
2401107  0.001923107891343534
2401108  0.0019228687742725015
2401615  0.0019226474687457085
2401596  0.0019225055584684014
2401252  0.0019223840208724141
2401294  0.0019221032271161675
2401535  0.001921965042129159
2401571  0.0019219431560486555
2401400  0.001921886345371604
2401205  0.0019218617817386985
2401089  0.0019218315137550235
2401380  0.0019218121888116002
2401567  0.0019217354711145163
2401564  0.0019216769142076373
2401330  0.0019214857602491975
2401104  0.0019214628264307976
2401325  0.001921334769576788
2401299  0.00192128901835531
2401378  0.0019212068291381001
2401379  0.0019211210310459137
2401326  0.0019211153266951442
2401565  0.0019210842438042164
2401460  0.0019210167229175568
2401249  0.0019209234742447734
2401082  0.0019209225429221988
2401092  0.0019209088059142232
2401258  0.0019208996091037989
2401566  0.0019208996091037989
2401211  0.001920784474350512
2401086  0.0019206446595489979
2401364  0.0019205028656870127
2401458  0.001920453505590558
2401243  0.0019202689873054624
2401244  0.0019201949471607804
2401512  0.0019201776012778282
2401336  0.0019201163668185472
2401485  0.0019200232345610857
2401256  0.0019199656089767814
2401263  0.0019199445378035307
2401562  0.0019197919173166156
2401280  0.00191974185872823
2401560  0.0019197361543774605
2401478  0.0019196111243218184
2401250  0.0019194885389879346
2401339  0.0019193316111341119
2401286  0.0019192994805052876
2401594  0.0019192603649571538
2401248  0.0019192347535863519
2401563  0.0019192347535863519
2401542  0.001919219153933227
2401354  0.001919135102070868
2401204  0.001919129746966064
2401078  0.0019190986640751362
2401385  0.0019190831808373332
2401559  0.0019190411549061537
2401576  0.0019189890008419752
2401327  0.0019187689758837223
2401509  0.0019187561701983213
2401531  0.0019186027348041534
2401457  0.001918590860441327
2401296  0.0019185341661795974
2401346  0.0019183059921488166
2401197  0.0019182255491614342
2401515  0.0019182118121534586
2401409  0.001918192720040679
2401261  0.0019181737443432212
2401257  0.0019181600073352456
2401277  0.0019179973751306534
2401271  0.001917951856739819
2401116  0.0019178541842848063
2401085  0.0019178377697244287
2401471  0.0019178249640390277
2401506  0.0019178104121237993
2401451  0.0019177874783053994
2401511  0.0019177719950675964
2401084  0.001917666057124734
2401592  0.0019176643108949065
2401481  0.0019176541827619076
2401344  0.001917591318488121
2401088  0.0019174389308318496
2401300  0.0019173905020579696
2401377  0.0019173776963725686
2401276  0.0019173723412677646
2401577  0.0019173038890585303
2401137  0.001917294692248106
2401226  0.001917171524837613
2401581  0.0019171524327248335
2401510  0.001916862209327519
2401448  0.0019168119179084897
2401126  0.001916795619763434
2401272  0.001916741719469428
2401386  0.001916641485877335
2401083  0.0019166358979418874
2401275  0.001916631474159658
2401268  0.001916521112434566
2401335  0.0019162311218678951
2401345  0.0019162019016221166
2401279  0.0019161826930940151
2401537  0.0019161526579409838
2401213  0.0019161006202921271
2401466  0.0019159275107085705
2401387  0.001915775123052299
2401391  0.0019155225018039346
2401590  0.0019154888577759266
2401187  0.0019153475295752287
2401447  0.0019153036409989
2401324  0.0019151917658746243
2401136  0.0019151789601892233
2401351  0.0019151425221934915
2401214  0.001915110507979989
2401262  0.0019150840817019343
2401463  0.001915054046548903
2401251  0.0019149911822751164
2401589  0.0019149630097672343
2401580  0.0019149264553561807
2401347  0.0019149018917232752
2401483  0.0019148844294250011
2401322  0.0019148244755342603
2401402  0.0019147951388731599
2401270  0.0019147369312122464
2401350  0.0019147233106195927
2401142  0.0019145755795761943
2401462  0.0019144845427945256
2401408  0.0019142949022352695
2401224  0.0019142074743285775
2401593  0.001914129126816988
2401331  0.0019139406504109502
2401519  0.0019138514762744308
2401175  0.0019138413481414318
2401139  0.0019137848867103457
2401305  0.0019137256313115358
2401340  0.0019136982737109065
2401170  0.0019135534530505538
2401390  0.001913465210236609
2401196  0.0019134515896439552
2401342  0.0019133168971166015
2401160  0.0019132366869598627
2401544  0.0019132221350446343
2401375  0.0019130371510982513
2401518  0.001912973471917212
2401369  0.0019129598513245583
2401467  0.0019129433203488588
2401365  0.0019128314452245831
2401341  0.0019127976847812533
2401486  0.001912793260999024
2401403  0.0019127677660435438
2401368  0.0019125473918393254
2401295  0.0019124873215332627
2401520  0.0019123480888083577
2401404  0.0019119441276416183
2401349  0.001911818515509367
2401482  0.0019117939518764615
2401334  0.0019114235183224082
2401152  0.0019114117603749037
2401111  0.0019113272428512573
2401174  0.0019111779984086752
2401156  0.001911018043756485
2401452  0.0019110161811113358
2401524  0.0019110124558210373
2401521  0.001910798717290163
2401220  0.0019107924308627844
2401188  0.0019107797415927052
2401323  0.0019107670523226261
2401530  0.0019104350358247757
2401153  0.001910372287966311
2401582  0.0019103277008980513
2401407  0.0019102423684671521
2401528  0.001910204067826271
2401176  0.0019101315410807729
2401552  0.0019100905628874898
2401488  0.0019099150085821748
2401177  0.0019097260665148497
2401151  0.001909593353047967
2401494  0.0019094651797786355
2401545  0.001909313490614295
2401303  0.0019092324655503035
2401302  0.0019090771675109863
2401223  0.0019090090645477176
2401162  0.0019089853158220649
2401143  0.0019089081324636936
2401587  0.001908839214593172
2401456  0.0019086210522800684
2401583  0.0019085603998973966
2401332  0.0019085474777966738
2401301  0.0019085020758211613
2401182  0.00190847204066813
2401215  0.0019084411906078458
2401219  0.0019081368809565902
2401195  0.0019080006750300527
2401113  0.0019078844925388694
2401222  0.001907540368847549
2401586  0.0019074424635618925
2401147  0.0019070565467700362
2401374  0.0019070084672421217
2401304  0.0019065231317654252
2401112  0.0019064359366893768
2401167  0.001905891695059836
2401372  0.0019049829570576549
2401550  0.0019046394154429436
2401166  0.0019041318446397781
2401191  0.0019037285819649696
2401493  0.0019032013369724154
2401192  0.0019025474321097136
2401548  0.0019024938810616732
2401164  0.0019023953936994076
2401190  0.001901522628031671
2401189  0.001900746370665729
2401492  0.0019004911882802844
2401144  0.001900489442050457
2401193  0.001900140312500298
2402707  0.0018981221364811063
2402309  0.0018972739344462752
2402585  0.0018970230594277382
2402586  0.0018969272496178746
2402515  0.0018962890608236194
2402706  0.0018961040768772364
2402313  0.0018960327142849565
2402660  0.0018955455161631107
2402702  0.0018953742692247033
2402527  0.0018952306127175689
2402526  0.0018949105869978666
2402694  0.0018945670453831553
2402318  0.0018944290932267904
2402703  0.0018942812457680702
2402551  0.0018942432943731546
2402397  0.0018942037131637335
2402228  0.0018941756570711732
2402587  0.0018940928857773542
2402460  0.0018934988183900714
2402582  0.0018934699473902583
2402201  0.001893394161015749
2402317  0.0018933175597339869
2402555  0.0018930330406874418
2402316  0.0018930321093648672
2402692  0.0018930211663246155
2402688  0.001892990549094975
2402350  0.0018928265199065208
2402663  0.0018927500350400805
2402200  0.0018926599295809865
2402659  0.0018924529431387782
2402617  0.0018924492178484797
2402445  0.001892369007691741
2402528  0.0018921366427093744
2402315  0.0018919070716947317
2402620  0.0018918144050985575
2402314  0.0018917827401310205
2402381  0.0018914873944595456
2402356  0.001891400315798819
2402490  0.0018913839012384415
2402198  0.0018913634121418
2402365  0.0018913003150373697
2402354  0.001891198568046093
2402396  0.0018911112565547228
2402538  0.0018910231301560998
2402395  0.0018909475766122341
2402588  0.0018909159116446972
2402442  0.0018909096252173185
2402539  0.0018908459460362792
2402368  0.0018907341873273253
2402355  0.0018907125340774655
2402360  0.0018906918121501803
2402380  0.0018906586337834597
2402218  0.0018906495533883572
2402217  0.0018905308097600937
2402446  0.0018905182369053364
2402647  0.0018904723692685366
2402406  0.0018903500167652965
2402203  0.0018903427990153432
2402687  0.001890124287456274
2402319  0.0018901188159361482
2402529  0.0018898966955021024
2402457  0.001889889477752149
2402213  0.0018898120615631342
2402512  0.0018897093832492828
2402349  0.0018896475667133927
2402353  0.0018895270768553019
2402658  0.0018894666573032737
2402210  0.0018894181121140718
2402651  0.0018890656065195799
2402231  0.0018890135688707232
2402241  0.0018889785278588533
2402199  0.0018889263737946749
2402458  0.0018889172933995724
2402623  0.0018888957565650344
2402229  0.0018888813210651278
2402598  0.001888741971924901
2402219  0.0018886718899011612
2402363  0.0018884589662775397
2402652  0.0018884589662775397
2402308  0.0018884409219026566
2402392  0.00188841309864074
2402382  0.001888383412733674
2402648  0.0018882763106375933
2402530  0.00188825570512563
2402399  0.0018882054137066007
2402500  0.0018882036674767733
2402216  0.001888199127279222
2402449  0.001888191094622016
2402492  0.0018881758442148566
2402402  0.0018881658324971795
2402387  0.001888065249659121
2402497  0.0018880635034292936
2402594  0.0018880607094615698
2402493  0.001887998660095036
2402640  0.0018879728158935905
2402553  0.0018879089038819075
2402548  0.001887899124994874
2402545  0.0018878873670473695
2402531  0.0018877966795116663
2402645  0.0018877624534070492
2402320  0.0018877246184274554
2402476  0.001887658261694014
2402385  0.0018876519752666354
2402685  0.0018875765381380916
2402549  0.0018875360256060958
2402373  0.0018874866655096412
2402212  0.0018874615198001266
2402400  0.001887428225018084
2402390  0.0018874247325584292
2402401  0.001887412159703672
2402209  0.001887390622869134
2402641  0.001887367106974125
2402592  0.0018873420776799321
2402466  0.001887332065962255
2402378  0.0018871956272050738
2402495  0.001887149759568274
2402321  0.0018871256615966558
2402489  0.0018870214698836207
2402590  0.001886975602246821
2402561  0.0018869639607146382
2402461  0.0018869281047955155
2402361  0.0018869146006181836
2402625  0.0018868506886065006
2402542  0.0018868274055421352
2402683  0.001886742073111236
2402205  0.0018866515019908547
2402624  0.001886602956801653
2402488  0.0018865669844672084
2402501  0.0018865542951971292
2402369  0.0018864870071411133
2402637  0.001886484446004033
2402386  0.0018863470759242773
2402383  0.00188633450306952
2402242  0.0018860732670873404
2402560  0.0018859843257814646
2402671  0.0018859573174268007
2402362  0.0018858846742659807
2402479  0.0018857438117265701
2402243  0.0018857260001823306
2402669  0.0018856836250051856
2402559  0.0018856710521504283
2402506  0.0018855490488931537
2402499  0.0018853668589144945
2402444  0.0018853479996323586
2402472  0.0018852126086130738
2402439  0.0018851399654522538
2402304  0.0018850932829082012
2402379  0.0018850789638236165
2402481  0.0018850769847631454
2402469  0.0018850761698558927
2402393  0.001885024132207036
2402487  0.0018850223859772086
2402482  0.001884935423731804
2402664  0.00188487081322819
2402678  0.0018846634775400162
2402556  0.001884609810076654
2402244  0.001884582918137312
2402681  0.0018844365840777755
2402438  0.0018844042206183076
2402483  0.0018843684811145067
2402600  0.0018842348363250494
2402407  0.0018841827986761928
2402535  0.0018841818673536181
2402237  0.0018841755809262395
2402563  0.0018840725533664227
2402628  0.0018840645207092166
2402511  0.0018840502016246319
2402259  0.0018840439151972532
2402636  0.001884009689092636
2402581  0.00188398826867342
2402338  0.0018839479889720678
2402532  0.001883910270407796
2402599  0.0018838680116459727
2402454  0.0018838609103113413
2402547  0.0018838564865291119
2402267  0.001883812597952783
2402374  0.0018837380921468139
2402546  0.0018836538074538112
2402464  0.0018835596274584532
2402465  0.0018835201626643538
2402261  0.0018834969960153103
2402616  0.0018834933871403337
2402470  0.0018832144560292363
2402557  0.0018831411143764853
2402611  0.0018829653272405267
2402280  0.0018828820902854204
2402425  0.001882815849967301
2402462  0.0018828104948624969
2402605  0.001882788841612637
2402684  0.0018827845342457294
2402670  0.0018824107246473432
2402537  0.0018822584534063935
2402384  0.0018821232952177525
2402278  0.0018820962868630886
2402270  0.001882071141153574
2402455  0.0018819620599970222
2402258  0.0018819457618519664
2402507  0.0018818821990862489
2402674  0.001881851814687252
2402496  0.0018817344680428505
2402679  0.0018817344680428505
2402471  0.0018817201489582658
2402322  0.0018816825468093157
2402303  0.0018816199153661728
2402409  0.0018816073425114155
2402602  0.0018813995411619544
2402473  0.0018813638016581535
2402591  0.0018811685731634498
2402271  0.0018811498302966356
2402262  0.0018810700858011842
2402236  0.0018809920875355601
2402330  0.001880692201666534
2402504  0.0018804185092449188
2402328  0.0018801623955368996
2402235  0.0018801518017426133
2402234  0.001880053197965026
2402260  0.0018800210673362017
2402413  0.0018799485405907035
2402276  0.0018799093086272478
2402613  0.0018798832315951586
2402334  0.0018798528471961617
2402249  0.0018798501696437597
2402263  0.001879803603515029
2402282  0.0018797669326886535
2402675  0.0018797473749145865
2402484  0.0018796703079715371
2402450  0.0018796015065163374
2402246  0.001879567513242364
2402435  0.0018795521464198828
2402416  0.0018793904455378652
2402485  0.001879231189377606
2402254  0.0018788939341902733
2402635  0.001878563198260963
2402632  0.0018785122083500028
2402332  0.0018781207036226988
2402486  0.0018776495708152652
2402336  0.0018774253549054265
2402612  0.0018772038165479898
2402274  0.0018771180184558034
2402266  0.0018766954308375716
2402295  0.0018764729611575603
2402567  0.0018763212719932199
2402265  0.0018760282546281815
2402284  0.0018759606173262
2402250  0.0018758157966658473
2402629  0.0018751936731860042
2402300  0.0018743271939456463
2402571  0.0018742630491033196
2402298  0.0018741623498499393
2402568  0.0018735273042693734
2402412  0.001873525558039546
2402264  0.0018732222961261868
2402299  0.0018727293936535716
2402196  0.001401373534463346
3000111  0.0013708833139389753
2803843  0.0013677255483344197
3000108  0.0013675626832991838
3000091  0.0013674827059730887
3000054  0.0013670959742739797
2403715  0.0013669449836015701
2403370  0.0013660333352163434
2403546  0.0013660326367244124
2403540  0.001365767908282578
3000055  0.0013654245994985104
3000109  0.0013652119087055326
2403539  0.001364949974231422
3000071  0.0013647647574543953
2403645  0.0013646335573866963
2803846  0.0013642677804455161
2403365  0.0013642364647239447
3000053  0.0013641936238855124
2403670  0.0013638506643474102
2403593  0.001363680581562221
2500182  0.0013636474031955004
3000105  0.0013636312214657664
2403547  0.001363455899991095
2403714  0.00136340141762048
2403369  0.001363155199214816
3000056  0.0013631157344207168
2403717  0.001363081973977387
3000085  0.0013629223685711622
2403530  0.0013626555446535349
2403668  0.0013624116545543075
2403398  0.0013622812693938613
2403551  0.0013622553087770939
3000052  0.0013620813842862844
2803828  0.0013620698591694236
3000090  0.0013620477402582765
2403397  0.0013620054814964533
2403584  0.0013619348173961043
2500157  0.0013617941876873374
3000082  0.0013617293443530798
2403583  0.0013616656651720405
2903755  0.0013616171199828386
2403543  0.0013614939525723457
2803841  0.0013614570489153266
2403391  0.0013614343479275703
2803861  0.0013607641449198127
2500155  0.0013607298023998737
3000370  0.0013606909196823835
2403389  0.0013606766005977988
2403395  0.001360220485366881
3000072  0.0013601777609437704
3000074  0.0013601306127384305
3000087  0.001360034686513245
3000110  0.0013599441153928638
2500237  0.001359910937026143
2803845  0.0013598514487966895
2403392  0.0013598307268694043
2600054  0.0013597659999504685
2403380  0.0013596985954791307
2803840  0.0013596895150840282
2600053  0.001359637826681137
3000106  0.0013595568016171455
2403393  0.00135949591640383
3000088  0.00135941116604954
3000046  0.001359393703751266
2803844  0.00135933724232018
2403649  0.001359237008728087
2403644  0.0013592273462563753
3000086  0.0013592164032161236
3000080  0.001359083573333919
2403646  0.0013590544695034623
2600041  0.0013590084854513407
3000107  0.0013590027811005712
2500180  0.001358996843919158
3000081  0.001358979381620884
2803859  0.0013589431764557958
2403713  0.0013588358415290713
2903757  0.001358796376734972
2403667  0.0013586812419816852
2403597  0.0013585814740508795
2403419  0.0013585465494543314
3000089  0.0013584004482254386
2403371  0.0013582858955487609
2500136  0.001358222565613687
2403586  0.001358188921585679
3000104  0.0013580841477960348
3000092  0.0013580097584053874
3000371  0.00135793664958328
2403376  0.0013578151119872928
2403590  0.0013578105717897415
3000084  0.0013577872887253761
3000372  0.0013576477067545056
3000058  0.0013575227931141853
3000070  0.0013575158081948757
2403716  0.0013575092889368534
2500234  0.001357438275590539
2500047  0.0013574020704254508
2403528  0.0013572843745350838
2500152  0.0013572456082329154
2500154  0.0013572081224992871
2403711  0.0013572010211646557
2403719  0.0013571144081652164
3000102  0.0013571033487096429
2500217  0.0013570865849032998
2403552  0.0013570141745731235
3000060  0.0013569522416219115
2403647  0.0013568592257797718
3000061  0.0013568514259532094
2500057  0.0013568475842475891
3000062  0.0013568068388849497
2803855  0.001356584602035582
2403581  0.0013565554982051253
3000083  0.0013565465342253447
2403388  0.0013564972905442119
2403698  0.0013564566615968943
2500198  0.0013564450200647116
2600040  0.0013563960092142224
2703788  0.0013562797103077173
2403708  0.001356257707811892
3000045  0.001356208696961403
2703761  0.0013562015956267715
2403710  0.0013562008971348405
3000057  0.0013561156811192632
2403665  0.0013560233637690544
2803849  0.0013559910003095865
2803825  0.0013559272047132254
2500178  0.0013559110229834914
2403446  0.0013558116042986512
2903754  0.0013557643396779895
2403437  0.0013557275524362922
2403542  0.001355710788629949
2403366  0.0013556604972109199
2403709  0.0013555693440139294
2403505  0.0013554681790992618
2403527  0.0013554441975429654
2403377  0.0013553868047893047
2403666  0.0013552713207900524
2500205  0.0013552700402215123
2803834  0.0013552667805925012
2803879  0.0013551460579037666
2403707  0.0013551267329603434
2803839  0.001355103449895978
2403600  0.0013549247523769736
2403684  0.0013549247523769736
3000059  0.0013547795824706554
2500131  0.0013547518756240606
2500218  0.0013545815600082278
2403428  0.0013544358080253005
2403484  0.001354349311441183
2403555  0.0013542649103328586
2403553  0.001354210078716278
3000100  0.0013541062362492085
2403628  0.0013540965737774968
2803860  0.001354083651676774
3000093  0.0013540489599108696
2500203  0.0013538715429604053
2403580  0.0013538121711462736
2703787  0.0013537799241021276
2500232  0.0013536743354052305
2803873  0.0013536483747884631
3000094  0.001353635685518384
2500129  0.00135361950378865
2500134  0.0013535924954339862
2403594  0.0013535846956074238
2403483  0.0013535653706640005
3000073  0.0013535182224586606
2500254  0.0013532250886783004
2403374  0.0013531760778278112
2403712  0.0013530530268326402
2500220  0.0013529564021155238
2403479  0.001352851395495236
2803867  0.0013527669943869114
2500159  0.0013526651309803128
2500200  0.0013525770045816898
3000075  0.0013525731628760695
3000095  0.0013525711838155985
2403459  0.0013524353271350265
2500251  0.0013524069217965007
2403454  0.0013524036621674895
3000067  0.001352336024865508
2803836  0.0013521661749109626
2500267  0.00135215581394732
2403471  0.0013521332293748856
3000047  0.0013520985376089811
3000065  0.001352078514173627
2803848  0.0013520090142264962
3000103  0.0013518828200176358
2403447  0.0013518346240743995
2500233  0.0013517424231395125
3000063  0.0013516086619347334
2403449  0.0013511208817362785
3000101  0.0013510867720469832
2903722  0.0013509548734873533
2500201  0.0013508100528270006
2403460  0.0013507264666259289
3000066  0.0013505438109859824
3000079  0.00135023461189121
2703790  0.001350188278593123
2403402  0.0013500512577593327
2803856  0.001350014703348279
2803835  0.0013499747728928924
3000099  0.0013499580090865493
3000044  0.0013498577754944563
3000064  0.0013496977044269443
2403579  0.0013496964238584042
3000068  0.0013496539322659373
3000051  0.0013496226165443659
2500177  0.001349564641714096
2403575  0.0013493623118847609
3000097  0.0013493364676833153
3000076  0.0013493269216269255
2403718  0.0013492652215063572
2403574  0.0013491457793861628
2403450  0.0013490833807736635
2500068  0.0013489389093592763
2500091  0.0013486158568412066
2403526  0.0013486043317243457
2403462  0.0013486036332324147
2500252  0.0013485676608979702
3000048  0.0013485497329384089
2803838  0.0013485124800354242
2500231  0.0013483550865203142
2403514  0.001348096993751824
2403472  0.0013480352936312556
2403573  0.0013478858163580298
3000098  0.0013478390173986554
2403485  0.0013477272586897016
2403487  0.0013476201565936208
2500113  0.0013476150343194604
2403496  0.0013476053718477488
2500132  0.0013475443702191114
2403576  0.001347496290691197
2403403  0.0013472267892211676
3000096  0.001347149140201509
3000069  0.001346747623756528
2803858  0.0013466168893501163
2403458  0.0013465355150401592
3000050  0.0013463604263961315
2500114  0.0013460456393659115
2403475  0.0013460129266604781
2500175  0.0013458231696859002
2500265  0.0013456764863803983
2403411  0.0013454534346237779
3000077  0.0013441548217087984
2403474  0.0013439173344522715
3000078  0.0013433522544801235
2500264  0.0013430388644337654
2403478  0.0013428579550236464
2403515  0.0013426827499642968
3000049  0.001342104165814817
2403518  0.0013418467715382576
2403521  0.0013418211601674557
2403522  0.0013416990404948592
2403517  0.0013410469982773066
2403453  0.0013399604940786958
2401617  0.0013104516547173262
2402193  0.0008853651816025376
2402190  0.0008846294949762523
2402033  0.0008843278046697378
2401732  0.0008840606897138059
2402085  0.0008838791982270777
2402161  0.0008838315843604505
2402128  0.0008837803034111857
2402088  0.0008837470086291432
2402187  0.0008837330969981849
2401625  0.0008836885099299252
2401864  0.0008836573106236756
2402090  0.0008835019543766975
2401737  0.0008835011394694448
2401738  0.000883213768247515
2401794  0.0008830673177726567
2402032  0.0008830534061416984
2401832  0.0008828860009089112
2402142  0.0008828607969917357
2402158  0.0008828426944091916
2401645  0.0008828279678709805
2401881  0.00088270049309358
2401933  0.0008826635312289
2401907  0.000882660155184567
2401882  0.0008826530538499355
2401624  0.0008826421108096838
2401824  0.0008825810509733856
2401941  0.0008825440891087055
2402084  0.0008823746466077864
2401640  0.0008822867530398071
2402192  0.0008822817471809685
2401822  0.0008822254603728652
2401735  0.0008821783703751862
2401779  0.0008821174851618707
2401764  0.0008820632356218994
2401626  0.0008819648646749556
2402034  0.0008819543872959912
2402058  0.00088183005573228
2401940  0.0008818106725811958
2402037  0.0008817578200250864
2402191  0.000881742627825588
2401765  0.0008816607296466827
2401876  0.0008815708570182323
2401908  0.0008815607288852334
2402048  0.0008814540924504399
2402188  0.0008814309840090573
2402066  0.0008813609019853175
2401731  0.0008813512395136058
2402129  0.0008813159656710923
2401912  0.0008812987944111228
2401843  0.0008812962332740426
2402143  0.0008812492014840245
2402189  0.000881247513461858
2401730  0.0008812332525849342
2402043  0.0008811664301902056
2402132  0.0008811214938759804
2402163  0.0008811199222691357
2402152  0.0008811161387711763
2401934  0.0008811143925413489
2401867  0.0008810523431748152
2402031  0.0008810451254248619
2401926  0.00088104436872527
2401949  0.0008810166036710143
2402097  0.0008810086874291301
2401618  0.0008809884893707931
2401631  0.0008809675346128643
2402050  0.0008809658465906978
2402153  0.0008809595601633191
2402057  0.0008809335413388908
2401636  0.0008809129940345883
2401654  0.000880902458447963
2401995  0.0008809012360870838
2401826  0.0008808915736153722
2401635  0.0008808675920590758
2401706  0.0008808579295873642
2402149  0.0008808252750895917
2402017  0.0008808080456219614
2401869  0.0008808000711724162
2401992  0.0008807341801002622
2401874  0.000880712759681046
2401942  0.0008807035628706217
2402036  0.0008806645637378097
2401913  0.0008806234109215438
2402147  0.0008806188707239926
2401643  0.0008805814431980252
2401644  0.0008805298712104559
2402101  0.0008805131074041128
2401939  0.0008805085089989007
2402020  0.0008805081015452743
2401736  0.0008804908720776439
2402183  0.0008804619428701699
2402156  0.0008804145036265254
2401875  0.0008804086246527731
2402063  0.0008803863893263042
2401989  0.0008803302189335227
2401873  0.000880329345818609
2402091  0.0008802966331131756
2401682  0.0008802731754258275
2401638  0.0008802706142887473
2401729  0.0008802677039057016
2401988  0.0008802547235973179
2401973  0.0008802421507425606
2402093  0.0008801749791018665
2402042  0.0008801628719083965
2402072  0.0008801502990536392
2401619  0.000880138948559761
2402092  0.0008801125804893672
2401921  0.000880074396263808
2401847  0.0008800630457699299
2402177  0.0008800597279332578
2401846  0.0008800513460300863
2401656  0.0008800404611974955
2402125  0.0008799930801615119
2401951  0.0008799922652542591
2401972  0.000879974162671715
2402070  0.0008799515780992806
2401646  0.0008799498900771141
2401987  0.0008799444185569882
2401863  0.0008799415081739426
2401767  0.0008798748604021966
2402049  0.0008798731723800302
2401659  0.0008798576309345663
2402054  0.0008798538474366069
2401927  0.0008798433700576425
2401768  0.0008797998307272792
2401777  0.0008797654299996793
2401827  0.0008797072223387659
2402155  0.0008796950569376349
2401931  0.0008796803886070848
2402016  0.0008796615293249488
2401984  0.0008796577458269894
2401627  0.0008796544279903173
2402075  0.0008796259062364697
2402140  0.0008795617613941431
2401844  0.0008795571629889309
2401821  0.0008795224130153656
2401700  0.000879481784068048
2401982  0.0008794617024250329
2402061  0.0008794603636488318
2401634  0.0008794532623142004
2401868  0.0008794142631813884
2401914  0.0008794105378910899
2402038  0.0008793551824055612
2402131  0.0008793439483270049
2401935  0.0008792743901722133
2402102  0.0008792660082690418
2401971  0.0008792337030172348
2401920  0.0008792177541181445
2401630  0.0008792169974185526
2402139  0.0008791969157755375
2402012  0.00087919388897717
2402108  0.0008791914442554116
2401657  0.0008791906293481588
2402176  0.0008791658910922706
2402051  0.0008791420259512961
2401825  0.0008790338761173189
2402169  0.0008790302090346813
2402179  0.0008790137944743037
2402168  0.0008789459825493395
2402120  0.0008789405110292137
2401647  0.0008788605919107795
2401662  0.0008788568084128201
2401702  0.0008788497070781887
2401668  0.0008788438863120973
2401850  0.0008788137347437441
2402069  0.0008787927799858153
2402053  0.0008787885308265686
2402028  0.0008787433616816998
2402104  0.0008787165279500186
2402067  0.0008787157712504268
2402178  0.0008786708931438625
2401948  0.0008786387043073773
2401977  0.0008786303806118667
2401945  0.0008786110556684434
2402134  0.0008785143727436662
2401915  0.0008784984820522368
2401880  0.0008784357341937721
2402013  0.0008784105884842575
2402056  0.0008783720550127327
2401924  0.00087835913291201
2401666  0.0008783549419604242
2402135  0.0008783172233961523
2401879  0.0008783126249909401
2401975  0.0008782901568338275
2401830  0.00087826291564852
2401848  0.0008782435907050967
2402181  0.0008782214717939496
2402123  0.0008781508076936007
2401968  0.0008781364886090159
2401655  0.0008781247888691723
2402144  0.0008781198412179947
2402030  0.0008780679781921208
2402095  0.0008780608186498284
2401870  0.0008779867202974856
2402167  0.0008779692579992115
2401946  0.0008779236231930554
2401658  0.0008778520859777927
2402046  0.0008777813636697829
2401769  0.000877777230925858
2401774  0.0008777642506174743
2401703  0.0008777245529927313
2402045  0.0008776856120675802
2401976  0.0008776743779890239
2401953  0.0008776392787694931
2402021  0.0008776241447776556
2401776  0.0008775552269071341
2401911  0.0008774899761192501
2401649  0.0008774891612119973
2401770  0.0008774645393714309
2401708  0.0008774523739703
2401919  0.0008773712906986475
2402174  0.0008773587178438902
2401937  0.000877288868650794
2401680  0.000877255923114717
2401690  0.0008772115688771009
2402106  0.000877206155564636
2401954  0.0008771555731073022
2401664  0.0008771521970629692
2402083  0.000877080368809402
2401724  0.0008769809501245618
2401923  0.0008768916013650596
2402171  0.0008768602274358273
2402170  0.0008768208790570498
2402105  0.0008767762337811291
2401943  0.000876726524438709
2402027  0.0008766730898059905
2401773  0.0008765147649683058
2402082  0.0008764905505813658
2401771  0.0008764722151681781
2401936  0.0008763924124650657
2401705  0.0008763440418988466
2402124  0.0008762237848713994
2401685  0.0008762074867263436
2401775  0.0008761118515394628
2401648  0.0008760689524933696
2401726  0.0008758022449910641
2401980  0.0008756741299293935
2401719  0.0008755444432608783
2402137  0.0008755415328778327
2401661  0.0008755190065130591
2401981  0.0008753150468692183
2401684  0.0008751699351705611
2401683  0.0008751415880396962
2401917  0.0008751241257414222
2402077  0.0008751210989430547
2401704  0.0008748343680053949
2401720  0.0008748051477596164
2401660  0.0008746480452828109
2401918  0.000874448916874826
2402081  0.0008741694618947804
2401688  0.0008740344783291221
2401723  0.0008738441974855959
2402136  0.0008736102608963847
2401725  0.0008727998356334865
