2401573  0.16764378547668457
1800075  0.16719645261764526
2402091  0.16682040691375732
2803856  0.16672706604003906
1000959  0.1667030155658722
2400813  0.1666850745677948
2400519  0.1666652411222458
2401537  0.1665506511926651
2403649  0.1665024310350418
2200050  0.16650043427944183
2401071  0.1664557009935379
2401063  0.1664438396692276
2403123  0.16639527678489685
2401144  0.1663881093263626
2401205  0.16633307933807373
2000699  0.16629743576049805
2402246  0.16629524528980255
1000634  0.16620014607906342
2402406  0.16617633402347565
2000729  0.16616319119930267
2402402  0.16611452400684357
2000513  0.16608190536499023
2400730  0.16607621312141418
2402916  0.16606979072093964
2401035  0.16604328155517578
1000283  0.16598425805568695
2400618  0.16597619652748108
1100051  0.1659483015537262
2402101  0.1659204363822937
1000688  0.16590413451194763
2402586  0.1658647656440735
2403645  0.16582593321800232
2401561  0.16576145589351654
2401647  0.16575807332992554
2401090  0.16574394702911377
1900560  0.16574321687221527
1700074  0.16568639874458313
1000521  0.16568422317504883
1000313  0.16566263139247894
1000620  0.16563551127910614
2403071  0.16562063992023468
2401779  0.16562022268772125
2401262  0.1655956506729126
2402920  0.1655825823545456
2401294  0.16556638479232788
2803838  0.16556596755981445
2402783  0.16555549204349518
1000720  0.16555535793304443
2403207  0.16555286943912506
2500131  0.16554953157901764
2400549  0.1655208021402359
2400555  0.1655140370130539
2400805  0.16549701988697052
2401552  0.165461927652359
2402105  0.1654592752456665
2500159  0.1654583215713501
2402144  0.16545282304286957
1900302  0.1654490977525711
1000790  0.1654200553894043
2400496  0.16541555523872375
2400589  0.16541023552417755
2402811  0.16537676751613617
2402637  0.16537471115589142
2400881  0.16535963118076324
2402066  0.16533750295639038
1001128  0.16529986262321472
2402957  0.165297731757164
2403485  0.16528849303722382
2400536  0.16528233885765076
3000392  0.1652456521987915
2402924  0.16523796319961548
2000848  0.16523444652557373
2402706  0.1652139276266098
1000194  0.16520528495311737
2403670  0.16519828140735626
2400376  0.16519419848918915
2500232  0.16516105830669403
1700063  0.16515573859214783
2402735  0.16512750089168549
2401953  0.16512607038021088
2402526  0.1651250571012497
2401968  0.16511961817741394
2401377  0.16510966420173645
1000544  0.1651092916727066
2400613  0.1651058793067932
2402905  0.1651032567024231
2402054  0.16508939862251282
2403086  0.16508421301841736
2402308  0.1650797426700592
2402213  0.16507664322853088
1000839  0.1650697886943817
2402927  0.1650633066892624
2403555  0.16505953669548035
2402330  0.1650516241788864
2400503  0.1650511473417282
2401636  0.1650487184524536
2403389  0.1650395691394806
2400486  0.16503091156482697
2402546  0.1650286614894867
2400626  0.16502763330936432
2400763  0.1650189906358719
2401774  0.16501811146736145
2403398  0.1650107502937317
2403479  0.16499879956245422
2401593  0.16498707234859467
2403437  0.16498325765132904
2401954  0.16497713327407837
2402139  0.16497698426246643
2403540  0.16497232019901276
1500054  0.16496630012989044
2402334  0.16496512293815613
2400527  0.16495540738105774
2401472  0.16494834423065186
2402027  0.16494502127170563
1900468  0.1649273931980133
2401977  0.16489680111408234
2000259  0.1648923009634018
2000422  0.16489219665527344
2403576  0.16488848626613617
2402134  0.16488642990589142
2402557  0.1648801863193512
1001130  0.16487078368663788
2401559  0.16485795378684998
2400372  0.16485446691513062
2402482  0.1648426502943039
2402263  0.16483990848064423
2403153  0.16483592987060547
1900239  0.16480793058872223
2402487  0.16479754447937012
2402738  0.16479270160198212
1000271  0.16479209065437317
2402472  0.1647864431142807
1900144  0.1647791862487793
2400530  0.16476774215698242
2200072  0.16474691033363342
2402390  0.16472144424915314
2402461  0.16471944749355316
2400587  0.16471709311008453
2401364  0.16468550264835358
2400617  0.1646852195262909
2402142  0.16467881202697754
2400664  0.16467851400375366
2401341  0.16467835009098053
2401876  0.1646765023469925
2401982  0.16467201709747314
2403594  0.16466344892978668
2400856  0.1646616905927658
2400756  0.1646612286567688
2403257  0.16465844213962555
2402831  0.1646546870470047
1300047  0.16465000808238983
2400680  0.16464205086231232
2402401  0.16463497281074524
2000289  0.16462503373622894
2403323  0.16461442410945892
2000054  0.16461312770843506
2401166  0.16461007297039032
2402810  0.16460610926151276
2400599  0.16459882259368896
2401482  0.16458283364772797
2402730  0.16457891464233398
2401379  0.16457775235176086
2403666  0.1645691990852356
2400539  0.16456778347492218
2401867  0.16455519199371338
2401107  0.1645498275756836
1000109  0.16454316675662994
1000183  0.16453374922275543
2402356  0.1645187884569168
1900622  0.16451406478881836
2402694  0.1645103245973587
2401534  0.16450464725494385
2400660  0.16450391709804535
1000356  0.1645006388425827
2402314  0.16450020670890808
2000648  0.16449710726737976
1200051  0.16449585556983948
2403315  0.1644909381866455
2500200  0.164490208029747
1700080  0.1644877791404724
2402125  0.16448521614074707
1900411  0.16447454690933228
2400560  0.16446472704410553
1000300  0.16446331143379211
2400982  0.16445428133010864
2401268  0.16445313394069672
2402715  0.16445252299308777
2401471  0.16444526612758636
2402852  0.16444270312786102
2401565  0.164442241191864
2401531  0.16443072259426117
1000397  0.16442131996154785
2400947  0.16441848874092102
2000763  0.16441473364830017
2400726  0.1644042581319809
2401026  0.16440191864967346
1000322  0.1643974930047989
2402124  0.1643972247838974
2500205  0.164394810795784
2402640  0.1643897444009781
2402768  0.164387047290802
2400635  0.16438701748847961
2403145  0.1643795520067215
2400442  0.16437743604183197
1000995  0.16437268257141113
1900273  0.1643422544002533
2401387  0.16434186697006226
2403450  0.16433539986610413
2401981  0.16432972252368927
2402485  0.16431976854801178
2400662  0.16431786119937897
2400673  0.16431480646133423
2402842  0.16431285440921783
1900445  0.16430899500846863
2400449  0.16430582106113434
3000387  0.16430051624774933
2402737  0.16429796814918518
2402547  0.16429170966148376
2401028  0.16429148614406586
2403036  0.16428709030151367
2401881  0.16428153216838837
1001000  0.1642780303955078
2400751  0.16427436470985413
2402163  0.1642737090587616
2400898  0.16426846385002136
2400476  0.164258673787117
2402200  0.16425810754299164
2403665  0.1642540842294693
2000559  0.1642383337020874
2402209  0.16423586010932922
2401498  0.16423223912715912
2402972  0.16422972083091736
2000790  0.16422905027866364
2402684  0.16422002017498016
2401084  0.16420280933380127
2401973  0.16420212388038635
1000199  0.1642014980316162
1000185  0.1642005741596222
2403311  0.16419357061386108
2401457  0.1641836166381836
2402883  0.16417817771434784
2401475  0.1641712486743927
2401008  0.16416685283184052
2803845  0.16416382789611816
1000273  0.16416285932064056
1900520  0.16415977478027344
2000478  0.16414496302604675
2000702  0.16413697600364685
2401004  0.1641339510679245
2401586  0.16412684321403503
2400551  0.1641233265399933
2401738  0.16412176191806793
2402137  0.16412100195884705
1000467  0.16412031650543213
1000314  0.16411273181438446
2000160  0.1641073375940323
1900219  0.16408951580524445
2400733  0.16408278048038483
2400703  0.16408206522464752
2401340  0.16407974064350128
2000394  0.1640794426202774
2400450  0.16407901048660278
1900232  0.16407853364944458
2401844  0.1640775054693222
2401046  0.16407378017902374
2402913  0.16407233476638794
2403046  0.16407161951065063
2400729  0.16406604647636414
2000869  0.16406160593032837
2400385  0.16405993700027466
2401521  0.1640586107969284
2401684  0.16404284536838531
1000915  0.16403938829898834
2402602  0.1640392690896988
2400978  0.16402892768383026
2401167  0.1640283316373825
1000296  0.1640065759420395
2401616  0.16400600969791412
2500178  0.164004847407341
2400448  0.16400021314620972
2402241  0.16399995982646942
2400521  0.163995623588562
2402374  0.1639925241470337
2400672  0.16398878395557404
2803848  0.16397766768932343
2401137  0.16397728025913239
2400514  0.16397549211978912
2402801  0.16397128999233246
2401655  0.16396796703338623
2402469  0.16395413875579834
2401824  0.16395246982574463
2402449  0.1639479100704193
2403527  0.1639467477798462
2403597  0.16393223404884338
2400420  0.16392888128757477
2402822  0.1639268845319748
2401199  0.1639266312122345
2402174  0.16392362117767334
2401088  0.16392342746257782
2403168  0.16391997039318085
2403542  0.16391783952713013
2400359  0.16391469538211823
1500043  0.16391000151634216
2401599  0.1639075130224228
2402727  0.16390666365623474
2401924  0.16390563547611237
2000629  0.1638881266117096
1000123  0.16388800740242004
2403553  0.16388718783855438
2403711  0.16388709843158722
1000768  0.1638854593038559
2401504  0.16388307511806488
1000302  0.16388222575187683
2400734  0.1638723462820053
2401012  0.1638699322938919
2000532  0.1638697385787964
2403198  0.1638684719800949
2400899  0.1638561189174652
2401411  0.16385340690612793
2400987  0.16384875774383545
1000517  0.16384583711624146
2403096  0.16384510695934296
2400542  0.16383589804172516
2402270  0.16382913291454315
2402906  0.16382066905498505
1300048  0.16381803154945374
2403454  0.16381125152111053
2400371  0.16380032896995544
2000623  0.16380026936531067
1000328  0.1638002097606659
2403376  0.16379383206367493
2401334  0.16379033029079437
1900240  0.16378802061080933
2403202  0.16378654539585114
1000124  0.16378135979175568
2402560  0.16377823054790497
2401907  0.16377562284469604
2402028  0.16377437114715576
2200054  0.1637645810842514
2401060  0.16376380622386932
2401010  0.16376307606697083
2402710  0.16375917196273804
2402758  0.16375869512557983
2402262  0.16375477612018585
2402899  0.16375063359737396
1900224  0.163749098777771
2403393  0.16374601423740387
2402623  0.16374579071998596
1000320  0.16373981535434723
2803855  0.16373781859874725
1000825  0.16373734176158905
2400612  0.16373662650585175
2401951  0.16373620927333832
2000709  0.1637352555990219
2402563  0.1637086421251297
2400568  0.1637086272239685
2403719  0.16370147466659546
1000288  0.16369514167308807
2400440  0.16369223594665527
2400675  0.1636902540922165
2000585  0.1636902093887329
2400524  0.16368548572063446
2000479  0.16368165612220764
2401481  0.16368146240711212
1000615  0.1636763960123062
1900312  0.16367368400096893
2500157  0.16367250680923462
1001104  0.16366834938526154
1001129  0.16366532444953918
2401648  0.16366225481033325
2401767  0.16365601122379303
2403714  0.16365490853786469
2402278  0.16365402936935425
1700069  0.16365225613117218
2402827  0.1636522263288498
2401708  0.16365110874176025
2402244  0.1636490672826767
2403579  0.16364161670207977
2402535  0.16363541781902313
2402092  0.1636340469121933
2401730  0.16363218426704407
2402794  0.1636321246623993
2400427  0.1636311411857605
2402108  0.16362755000591278
2400532  0.16362400352954865
2401976  0.163620725274086
2403152  0.16361568868160248
2403033  0.16361002624034882
2400877  0.16360394656658173
2400904  0.1636030226945877
2403574  0.16359837353229523
1800063  0.16359539330005646
1900197  0.16359521448612213
2401548  0.16358870267868042
2402210  0.16357989609241486
1000303  0.16357699036598206
2402395  0.1635732799768448
2401214  0.16356900334358215
2401162  0.1635686606168747
2000683  0.1635676622390747
2403475  0.16356538236141205
2402319  0.16356313228607178
2403518  0.16356110572814941
2402490  0.16355527937412262
2400749  0.16354624927043915
2401267  0.16354615986347198
2402170  0.16354253888130188
2401281  0.16354094445705414
2000602  0.16354027390480042
2402824  0.1635366976261139
1800043  0.16353510320186615
1000563  0.1635332703590393
2400765  0.16353082656860352
2403066  0.16351726651191711
2400484  0.16351422667503357
2401936  0.16351398825645447
2400887  0.16351142525672913
2402442  0.16351079940795898
2402304  0.16350926458835602
2400491  0.16350813210010529
1000599  0.1635066419839859
2401378  0.16350623965263367
2401027  0.16350500285625458
2400523  0.1635032296180725
2403048  0.1634993851184845
2402188  0.16349907219409943
2500177  0.16349320113658905
2403117  0.16349084675312042
2401187  0.16349081695079803
2401447  0.16349078714847565
2401412  0.1634903848171234
2400627  0.1634892225265503
2403528  0.16348883509635925
2401927  0.1634887456893921
2500198  0.16348619759082794
2402466  0.16348594427108765
2000511  0.1634850800037384
1000140  0.16348464787006378
1900507  0.1634814590215683
2400445  0.16348128020763397
2402909  0.1634790599346161
1900215  0.16347552835941315
2401542  0.16347461938858032
1900231  0.16347186267375946
2401524  0.16346918046474457
2402832  0.1634679138660431
2400640  0.16345973312854767
2402489  0.16345900297164917
2402381  0.1634446233510971
2400696  0.1634417176246643
2401645  0.16344085335731506
2402886  0.16344039142131805
1000648  0.16343960165977478
1900518  0.16343960165977478
2401830  0.1634371280670166
2401402  0.1634366661310196
2402545  0.16343392431735992
2000553  0.16342793405056
1000292  0.16342779994010925
1000495  0.1634274274110794
2401043  0.16342726349830627
2402322  0.16341954469680786
2403447  0.16341863572597504
2400516  0.16341648995876312
2401868  0.16341514885425568
1200057  0.1634131669998169
2402675  0.16340914368629456
2402161  0.16340835392475128
2403526  0.16340257227420807
2400481  0.1634017527103424
2403129  0.16339334845542908
2402617  0.1633920818567276
2200085  0.16338889300823212
2402658  0.1633847951889038
2402982  0.1633826643228531
2000551  0.1633814126253128
2000649  0.16338063776493073
2400735  0.16337838768959045
2402045  0.16337652504444122
2400859  0.16337139904499054
2400653  0.163370281457901
2402648  0.16335874795913696
1000723  0.16335797309875488
2401462  0.16335748136043549
2500047  0.1633530557155609
2400541  0.16335299611091614
1000510  0.16335222125053406
1200063  0.16334699094295502
2402274  0.1633458286523819
2401280  0.1633438616991043
2402917  0.16333982348442078
2401175  0.1633395552635193
2401483  0.16333216428756714
2402085  0.16333195567131042
2400623  0.16333003342151642
1900192  0.16332624852657318
1900263  0.16332533955574036
1000203  0.16332510113716125
2000631  0.16332493722438812
1000370  0.16332411766052246
2402894  0.1633240431547165
2402501  0.1633225530385971
2402425  0.1633208841085434
2403069  0.1633182168006897
2402259  0.16331568360328674
1000172  0.16331492364406586
1200047  0.1633138507604599
1000977  0.1633075773715973
2401002  0.16330434381961823
2403698  0.16329960525035858
2402766  0.1632993370294571
2401685  0.16329915821552277
2401452  0.16329844295978546
2400914  0.16329419612884521
2402531  0.1632940173149109
2402585  0.16329197585582733
2402484  0.1632876992225647
2402365  0.16328705847263336
2100037  0.16328322887420654
2400882  0.1632828414440155
2402748  0.1632821261882782
2803843  0.1632758378982544
2400991  0.16327175498008728
2000862  0.16327014565467834
3000376  0.16326531767845154
2400665  0.1632649302482605
2401345  0.16326121985912323
2401226  0.1632532775402069
1000693  0.1632499396800995
2401409  0.16324812173843384
1300037  0.16324271261692047
2000770  0.1632392853498459
2402354  0.16323420405387878
2703761  0.1632341593503952
2402512  0.1632288098335266
2402914  0.163225919008255
2402097  0.16322432458400726
2403120  0.16322079300880432
1900393  0.16321802139282227
2402219  0.16321323812007904
2401073  0.16321271657943726
1400052  0.16321249306201935
2402316  0.16321057081222534
2803867  0.1632104068994522
2400546  0.16320623457431793
2401640  0.16320554912090302
2000219  0.163204625248909
2401776  0.16320428252220154
1900663  0.16320325434207916
2703788  0.163196861743927
1000335  0.16319559514522552
2402176  0.16319382190704346
2402910  0.16319236159324646
1900225  0.16319212317466736
2000771  0.1631883680820465
2401327  0.16318243741989136
2401724  0.16317935287952423
2402216  0.16316962242126465
1000181  0.16316841542720795
1800044  0.1631651222705841
1900575  0.16316476464271545
2400741  0.16316257417201996
1900237  0.1631590723991394
2401460  0.16315867006778717
2403402  0.16315646469593048
2403180  0.16315440833568573
2400920  0.1631499081850052
2500265  0.1631488800048828
2401660  0.16314685344696045
2402806  0.16314499080181122
2000886  0.16314364969730377
2400430  0.16314063966274261
2402258  0.1631370633840561
2401668  0.16313700377941132
2402198  0.16313645243644714
1900358  0.16313612461090088
2401879  0.16313451528549194
2403459  0.1631270945072174
2402043  0.1631246954202652
2403065  0.16312415897846222
2400394  0.1631230264902115
2000397  0.16312175989151
1800045  0.1631210297346115
2000703  0.16312022507190704
2200071  0.16311636567115784
2401664  0.16311566531658173
1900631  0.16311310231685638
2401592  0.16311275959014893
2401300  0.16311101615428925
2401279  0.16311000287532806
2401915  0.163109689950943
2403127  0.16310946643352509
2401510  0.1631065309047699
2803836  0.1631045788526535
2401111  0.1630999594926834
2400647  0.16309873759746552
2400657  0.16309693455696106
2401249  0.16309621930122375
2500057  0.16309428215026855
1000435  0.163093701004982
1900195  0.16309335827827454
2403460  0.16309334337711334
1000289  0.16309262812137604
2500113  0.1630879044532776
2401003  0.16308602690696716
2403194  0.16308115422725677
2000797  0.16307766735553741
2400628  0.16307640075683594
2000675  0.16307419538497925
2400611  0.16306951642036438
3000294  0.16306862235069275
2401731  0.16306760907173157
2803828  0.16306689381599426
1900436  0.16306211054325104
2402678  0.16306112706661224
1000912  0.16305574774742126
1900618  0.16305385529994965
2403709  0.16305352747440338
2402082  0.16305243968963623
2400931  0.16305238008499146
2500237  0.1630484163761139
2401038  0.16304540634155273
2401846  0.16304168105125427
2402193  0.16304096579551697
1900578  0.16303929686546326
3000274  0.16303777694702148
2402674  0.1630346179008484
2401190  0.16303439438343048
3000063  0.16303057968616486
2400600  0.16303019225597382
2000435  0.16302967071533203
2403184  0.16302821040153503
2402507  0.1630266159772873
2401335  0.1630261242389679
2402384  0.16302607953548431
2400979  0.16301622986793518
2402362  0.16301608085632324
2400650  0.1630108803510666
2401520  0.16300569474697113
2402260  0.16300515830516815
2401933  0.1630031317472458
2401408  0.16300179064273834
2400506  0.16299906373023987
1000274  0.16299889981746674
2402353  0.16299836337566376
2402636  0.16298866271972656
2403205  0.16298747062683105
2403270  0.16298000514507294
2402199  0.16297999024391174
2403197  0.1629789024591446
1900313  0.16297689080238342
2403366  0.1629759967327118
2000297  0.16297568380832672
2000409  0.16297151148319244
2402128  0.16297149658203125
2402102  0.16296997666358948
2402671  0.16296471655368805
2402400  0.1629643589258194
2401595  0.1629614531993866
2402063  0.16296067833900452
2402280  0.1629553586244583
2401658  0.16295503079891205
2402132  0.16295303404331207
2401918  0.16295015811920166
1001097  0.16294994950294495
1900207  0.16294920444488525
2401618  0.16294731199741364
2401448  0.16294558346271515
2401919  0.16294483840465546
2400731  0.16294309496879578
2401729  0.1629357635974884
2402450  0.16293567419052124
2000056  0.16293226182460785
2402218  0.16292712092399597
2402718  0.16292691230773926
2000302  0.1629263311624527
2000282  0.16292569041252136
2401347  0.1629248857498169
2401215  0.1629210114479065
1000176  0.16291727125644684
2401034  0.16291609406471252
2400990  0.16291600465774536
2403646  0.16291570663452148
2401016  0.16291432082653046
2401869  0.16291110217571259
1000450  0.16291016340255737
1900206  0.1629089117050171
2400509  0.1629054695367813
2402189  0.16290540993213654
1900272  0.16290365159511566
1900581  0.16289480030536652
2401400  0.16289469599723816
2401083  0.1628945767879486
2401059  0.1628933697938919
1900300  0.16289132833480835
2403453  0.16289012134075165
1000054  0.16288453340530396
1001106  0.16288243234157562
2402947  0.16288144886493683
2402548  0.1628783941268921
2403177  0.16287338733673096
2400475  0.16287299990653992
2403484  0.16287094354629517
2401492  0.1628675013780594
2403514  0.16286593675613403
2401567  0.16286273300647736
2402559  0.16285768151283264
2403388  0.162855327129364
2402660  0.16284656524658203
2403204  0.16284605860710144
2500234  0.16284504532814026
2402261  0.1628444790840149
2000441  0.1628425568342209
2402645  0.1628415882587433
2400426  0.16283409297466278
2402877  0.1628330945968628
2400529  0.1628323346376419
2000621  0.16283120214939117
2403190  0.16282960772514343
2402123  0.16282245516777039
2400630  0.1628211885690689
2401662  0.162818044424057
2403150  0.16281720995903015
2401638  0.16281522810459137
2403015  0.162814199924469
2100048  0.1628117859363556
2803858  0.16281162202358246
2401917  0.16281044483184814
2403546  0.16280847787857056
1000597  0.16280671954154968
2400722  0.1628054529428482
1000884  0.1628047674894333
1000195  0.16280463337898254
2500233  0.1628018319606781
2000769  0.162800133228302
1000126  0.16279996931552887
1000189  0.1627940684556961
2400590  0.1627931445837021
2400429  0.16279247403144836
2400505  0.16279222071170807
1000667  0.16279035806655884
2401080  0.16278930008411407
2402462  0.16278883814811707
2402460  0.16278783977031708
2402315  0.16278541088104248
2400780  0.16278254985809326
2401403  0.1627790331840515
2401726  0.1627770960330963
2401369  0.1627742201089859
2000396  0.16276782751083374
2401066  0.16276779770851135
2000728  0.16276249289512634
1000318  0.16276142001152039
2000557  0.16275954246520996
1000997  0.16275843977928162
2403256  0.16275639832019806
2403084  0.16275615990161896
1000743  0.16275569796562195
1000617  0.16275568306446075
2400531  0.16275538504123688
2400988  0.16275425255298615
2402587  0.1627492755651474
2000747  0.1627463698387146
2000531  0.16274569928646088
2000870  0.1627456694841385
2401583  0.1627432405948639
1900539  0.16273242235183716
2402368  0.16273169219493866
2401544  0.16272860765457153
2402659  0.16272741556167603
2401456  0.16272702813148499
2401302  0.16272537410259247
2401683  0.16272437572479248
2401723  0.16272202134132385
1900497  0.16272196173667908
2400955  0.16271942853927612
1000870  0.1627182811498642
2400447  0.16271452605724335
2402271  0.16270868480205536
2402624  0.16270779073238373
2000398  0.16270770132541656
2401251  0.162705659866333
2402479  0.16270402073860168
2400571  0.1626962423324585
2403160  0.16268937289714813
2402051  0.1626882404088974
2403391  0.16268201172351837
2402786  0.1626811921596527
2401342  0.16267867386341095
2402317  0.16267529129981995
2402072  0.16267430782318115
1000287  0.1626736968755722
2400550  0.1626695990562439
2500252  0.16266781091690063
2401942  0.1626674234867096
2402488  0.1626664102077484
2403593  0.16266196966171265
2400557  0.16265974938869476
1900514  0.16265901923179626
2400686  0.16265687346458435
2402679  0.16265660524368286
2402264  0.1626536101102829
2402499  0.16265027225017548
2401720  0.16265015304088593
2402120  0.1626480370759964
2401380  0.16264569759368896
2402923  0.16264477372169495
2401037  0.1626388430595398
2403573  0.1626386195421219
1900203  0.1626383364200592
2402249  0.16263777017593384
2401706  0.16263334453105927
2402067  0.16263292729854584
2401049  0.16263128817081451
2402030  0.16263054311275482
1900542  0.1626283824443817
2403098  0.16262686252593994
1000200  0.1626233011484146
2403644  0.16262291371822357
2402612  0.16262109577655792
2403068  0.16261573135852814
2400480  0.1626138836145401
2402568  0.16260942816734314
2402961  0.1626090556383133
1000272  0.16260570287704468
2400554  0.16260287165641785
2403530  0.16259992122650146
1900640  0.16259647905826569
2402849  0.16259260475635529
2403259  0.1625872701406479
2402455  0.16258665919303894
1800058  0.16258209943771362
2402369  0.16258057951927185
2903757  0.1625802218914032
2400608  0.16257771849632263
2403708  0.16257445514202118
2401935  0.1625724881887436
1000298  0.162568598985672
2401375  0.16256675124168396
2803834  0.16256634891033173
2401018  0.16256067156791687
2000653  0.1625572144985199
2400864  0.16255661845207214
1000741  0.16255564987659454
2401271  0.16255542635917664
2403449  0.16255463659763336
2403211  0.16255439817905426
1900459  0.16255418956279755
2401617  0.16255362331867218
2401081  0.16254986822605133
2401704  0.1625448763370514
2401702  0.16254305839538574
2401945  0.162542462348938
2000705  0.1625411957502365
2402977  0.1625392735004425
2401295  0.16253802180290222
2403172  0.16253723204135895
2400408  0.1625336855649948
1000325  0.16253171861171722
2403552  0.16253098845481873
2401649  0.16252459585666656
2401511  0.16252343356609344
2000764  0.16252195835113525
2403583  0.16252140700817108
1000738  0.16251592338085175
1000184  0.16251251101493835
2400880  0.16250519454479218
2000794  0.1625046283006668
2000423  0.16250452399253845
2402692  0.1624978929758072
2403322  0.16249749064445496
2401113  0.16249510645866394
2401055  0.1624947190284729
2401941  0.16249392926692963
2401270  0.16249120235443115
2402093  0.16248928010463715
2400757  0.16248860955238342
2100047  0.1624881774187088
2402187  0.16248631477355957
2400528  0.16248580813407898
1900658  0.16248485445976257
2401285  0.16248106956481934
2400538  0.16248074173927307
1100050  0.1624799370765686
2402958  0.16247494518756866
2402714  0.1624746471643448
2401949  0.162472665309906
2402228  0.1624724268913269
2000856  0.16247239708900452
2000564  0.16246944665908813
2401882  0.16246938705444336
2402385  0.16246679425239563
2403474  0.16246554255485535
2401350  0.1624578833580017
2402037  0.16244907677173615
2401587  0.16244855523109436
2403547  0.16244201362133026
1001100  0.16243652999401093
2402813  0.16243621706962585
1500042  0.16243554651737213
2403093  0.16243503987789154
2403199  0.16242806613445282
2401545  0.16242751479148865
2402464  0.16242749989032745
2000477  0.16242706775665283
2402397  0.16242492198944092
2401076  0.1624242663383484
2500152  0.16242162883281708
3000172  0.16241568326950073
2403483  0.16241112351417542
2401061  0.16240964829921722
2402874  0.16240766644477844
2402936  0.16240738332271576
2401332  0.16240543127059937
2000438  0.1624048799276352
2402056  0.162400022149086
1000960  0.1623956859111786
1000917  0.1623903065919876
2000795  0.16238586604595184
2000420  0.16237929463386536
2400622  0.162378191947937
2000644  0.1623753309249878
2402497  0.16237320005893707
2402816  0.1623719036579132
2402703  0.162370502948761
2402873  0.16237035393714905
2000189  0.16236411035060883
1000069  0.16235412657260895
2401644  0.16235171258449554
1500053  0.16235078871250153
2403072  0.16235056519508362
1400033  0.16234953701496124
2401984  0.16234861314296722
2401624  0.16234780848026276
1800057  0.1623467206954956
2402687  0.16234628856182098
2401354  0.16234351694583893
2403170  0.16234198212623596
2400668  0.16233959794044495
2402955  0.1623367816209793
2400495  0.1623348742723465
2402594  0.16233429312705994
2401108  0.16233399510383606
2402058  0.16233214735984802
1000411  0.1623278707265854
2000804  0.16232149302959442
1000524  0.16231821477413177
1900267  0.1623147428035736
1000284  0.16231457889080048
2401265  0.1623132824897766
2402473  0.16231225430965424
2401975  0.16230913996696472
2402183  0.1623069792985916
2401627  0.16230610013008118
3000062  0.16230368614196777
2403478  0.162303164601326
2401825  0.16230250895023346
2402865  0.16229930520057678
2403258  0.16229847073554993
1600037  0.16229842603206635
2402867  0.16229408979415894
2000412  0.16229158639907837
1000719  0.1622888445854187
1000299  0.162283793091774
2401153  0.16228167712688446
2402338  0.16227902472019196
2400603  0.16227518022060394
2402168  0.1622748076915741
2000829  0.16227194666862488
2403380  0.1622707098722458
2401505  0.16226878762245178
2400567  0.1622685194015503
2402681  0.16226813197135925
2401191  0.16226796805858612
2400579  0.162267804145813
2402933  0.16226737201213837
2401344  0.1622663140296936
2400721  0.16226546466350555
3000228  0.16226467490196228
2400957  0.1622641682624817
2401680  0.16226044297218323
2400405  0.16226018965244293
2400669  0.16225923597812653
2000876  0.16225673258304596
2401142  0.16225436329841614
2401594  0.162254199385643
2401325  0.16225379705429077
2000800  0.16225141286849976
2402081  0.16225019097328186
2400764  0.16224762797355652
2403580  0.16224583983421326
2401152  0.16224461793899536
2400535  0.16224218904972076
2402839  0.16224081814289093
2401391  0.1622401624917984
2400436  0.16224010288715363
2400576  0.16223710775375366
2402282  0.1622367948293686
2400950  0.16223491728305817
2401773  0.16223205626010895
2400870  0.16223151981830597
3000382  0.16223026812076569
2401322  0.16222678124904633
2403403  0.16222381591796875
2402355  0.16222211718559265
2402504  0.162221297621727
2402571  0.16221879422664642
1000309  0.16221840679645538
2402866  0.1622181236743927
2403173  0.1622171252965927
2402915  0.162215918302536
1000513  0.16221275925636292
2402378  0.16220910847187042
2401177  0.16220787167549133
2401299  0.1622076779603958
2400452  0.1622064858675003
2000680  0.16220593452453613
2400644  0.16220568120479584
2400604  0.1622052788734436
3000320  0.1622030884027481
2402383  0.1622021347284317
2401736  0.1622014343738556
2000676  0.1621992290019989
2400949  0.16219830513000488
2402386  0.1621912717819214
1000316  0.1621871143579483
2401493  0.16218481957912445
2401070  0.16218270361423492
1001083  0.16218024492263794
2401634  0.16218021512031555
2000133  0.16218015551567078
2401082  0.16217882931232452
2401563  0.1621761918067932
1600038  0.1621728539466858
2000801  0.16217157244682312
2400889  0.16217096149921417
1000868  0.16217073798179626
2400421  0.1621694266796112
2402407  0.16216899454593658
2401619  0.16216854751110077
2402613  0.16216839849948883
2000549  0.16216698288917542
2402515  0.16216669976711273
2401339  0.1621650904417038
2401515  0.16216418147087097
2401210  0.1621624231338501
2402077  0.16216114163398743
2200070  0.16216012835502625
2401630  0.16215340793132782
2402632  0.1621485948562622
2402818  0.1621444821357727
2401654  0.16214129328727722
2403668  0.16213977336883545
2400402  0.16213732957839966
2401244  0.16213726997375488
2400431  0.1621362566947937
1000072  0.1621313989162445
1000913  0.1621311753988266
2402177  0.16212867200374603
2402457  0.1621270775794983
1700045  0.16212278604507446
2402191  0.16212202608585358
2402042  0.1621212661266327
2000701  0.16211776435375214
2402725  0.16211391985416412
1000295  0.16211381554603577
2400869  0.16211223602294922
1000173  0.16211038827896118
2400462  0.16210834681987762
2401690  0.1621077060699463
2403647  0.16210676729679108
2402702  0.16210666298866272
2402380  0.16210605204105377
2402237  0.1621059775352478
2403045  0.16210472583770752
2401220  0.1621045619249344
2403114  0.16209863126277924
1000716  0.16209474205970764
2403324  0.1620945781469345
2400789  0.1620938628911972
2402049  0.1620880365371704
2000512  0.16208671033382416
2402734  0.16208568215370178
2402021  0.16208167374134064
2402235  0.16207987070083618
1700060  0.16207902133464813
2401112  0.16207852959632874
1001131  0.16207514703273773
2402647  0.16207453608512878
2402416  0.16207315027713776
1900422  0.16207149624824524
2000293  0.1620674729347229
2400620  0.162067249417305
2401775  0.16206437349319458
3000317  0.16206245124340057
2803849  0.16206242144107819
2402205  0.16206203401088715
2401257  0.1620580106973648
2400874  0.16205640137195587
2000767  0.16205407679080963
2803839  0.16205278038978577
2401703  0.16205142438411713
2000508  0.1620490998029709
2401053  0.1620478332042694
3000128  0.16204766929149628
2401143  0.16204680502414703
1600050  0.16204361617565155
2401519  0.16204281151294708
2402683  0.16204117238521576
2401768  0.16204090416431427
1700046  0.1620398908853531
2000777  0.1620369255542755
2402048  0.1620355248451233
2000643  0.1620318442583084
2403718  0.1620289534330368
2402549  0.16202864050865173
2403155  0.16202831268310547
1700062  0.16202616691589355
2401301  0.16202500462532043
2400478  0.16202467679977417
2401847  0.16202308237552643
2402779  0.162019744515419
1900236  0.1620161235332489
2402688  0.1620093137025833
2000052  0.16200551390647888
2401201  0.16199970245361328
2403181  0.16199937462806702
2401170  0.1619991511106491
2402435  0.16199849545955658
2402169  0.1619964987039566
2400501  0.16199642419815063
2403149  0.16199623048305511
2401385  0.16199617087841034
2401770  0.1619945466518402
2400655  0.1619938164949417
3000252  0.161991149187088
2400490  0.16198702156543732
2402591  0.16198544204235077
2600054  0.1619834154844284
2200078  0.16198325157165527
2401661  0.16197675466537476
2403034  0.16197620332241058
2401920  0.16197232902050018
2401705  0.16197140514850616
3000254  0.16196615993976593
2400860  0.16196070611476898
2400548  0.16195939481258392
3000347  0.16195827722549438
2401771  0.1619560271501541
1000663  0.16194839775562286
2402770  0.16194751858711243
2400689  0.16194461286067963
2401085  0.16194356977939606
2402299  0.16194181144237518
2402178  0.16194047033786774
2401971  0.1619398146867752
1000060  0.16193944215774536
2403001  0.1619376689195633
2500114  0.16193623840808868
2402952  0.16193340718746185
2000563  0.16193334758281708
2400435  0.1619333028793335
2400720  0.16193176805973053
2402763  0.16193124651908875
2402129  0.1619296669960022
2400761  0.16192761063575745
2403115  0.1619238257408142
2401250  0.1619211882352829
2402528  0.16191381216049194
1000051  0.16191335022449493
1700047  0.161913201212883
2402599  0.16191260516643524
2400564  0.16191193461418152
2403707  0.1619117110967636
2401474  0.16190911829471588
2401305  0.161908358335495
2000657  0.16190235316753387
2402104  0.16189958155155182
2401248  0.16189666092395782
2403397  0.16189490258693695
2400566  0.16188983619213104
2402911  0.161885067820549
1000174  0.1618834137916565
2401204  0.16188283264636993
2400645  0.16187961399555206
1900519  0.1618783324956894
2402790  0.16187810897827148
2400941  0.16187690198421478
1900655  0.16187676787376404
2401939  0.16187544167041779
2400406  0.16187326610088348
2402131  0.1618727147579193
2500220  0.16187246143817902
2401880  0.16187021136283875
1900227  0.1618688851594925
2000625  0.16186723113059998
2400410  0.16186493635177612
1000135  0.16186487674713135
2402872  0.16186481714248657
2400797  0.16185720264911652
1001141  0.16185621917247772
1001101  0.16185609996318817
2401948  0.1618560403585434
2403186  0.16184864938259125
2402038  0.16184687614440918
2402152  0.16184453666210175
2401068  0.16184452176094055
2402605  0.16184167563915253
2000735  0.16184116899967194
2400867  0.16184040904045105
1000962  0.16183996200561523
2400699  0.1618380844593048
2402663  0.16183772683143616
1900298  0.1618368923664093
2000303  0.16183456778526306
2401020  0.1618337482213974
2401913  0.16183245182037354
2400424  0.16182999312877655
2000482  0.16182996332645416
1000898  0.16182930767536163
2401874  0.16182667016983032
2000280  0.161825031042099
2402930  0.16182351112365723
2600040  0.1618233472108841
2000773  0.16182303428649902
2500203  0.16182228922843933
2000731  0.16181768476963043
2000444  0.16181331872940063
2400413  0.16181331872940063
2403121  0.1618124395608902
2403667  0.16180771589279175
2402932  0.16180706024169922
2400952  0.16180585324764252
2400901  0.16180285811424255
2000037  0.16180208325386047
2400727  0.16180147230625153
1000145  0.1618000864982605
1001134  0.16179893910884857
3000145  0.1617961823940277
2401139  0.16179507970809937
2402328  0.16179467737674713
2402046  0.16179397702217102
2401030  0.16179369390010834
2000401  0.16179320216178894
1001015  0.1617882251739502
1000315  0.1617855429649353
1000812  0.1617845892906189
2400569  0.16178257763385773
2000669  0.1617814302444458
2403543  0.16177968680858612
2401992  0.16177722811698914
1001027  0.16177470982074738
1001070  0.1617746204137802
2400437  0.16177424788475037
2000872  0.16177403926849365
2403161  0.16177287697792053
2400913  0.16177202761173248
1900243  0.1617678850889206
2402511  0.1617666482925415
2401700  0.1617664396762848
2402746  0.16176067292690277
1000801  0.16175365447998047
2402628  0.16175347566604614
1000048  0.16175024211406708
2400483  0.16174429655075073
2401467  0.16174310445785522
2000419  0.16174153983592987
2401725  0.16173392534255981
2401086  0.16173262894153595
2402598  0.16173093020915985
2402537  0.16172915697097778
2000573  0.16172905266284943
2400892  0.16172431409358978
2401571  0.16172415018081665
2403369  0.16172046959400177
1900626  0.1617187112569809
1900181  0.1617182046175003
2402254  0.16171656548976898
2401323  0.16171590983867645
2403182  0.16171306371688843
2401870  0.16171176731586456
2402057  0.1617092490196228
3000135  0.16170711815357208
2402495  0.16170653700828552
1200046  0.16170334815979004
2401050  0.16169916093349457
2402669  0.1616971343755722
2401075  0.16169403493404388
1900348  0.16169296205043793
2401209  0.16169169545173645
2401478  0.16168510913848877
1000511  0.16168281435966492
2403713  0.1616823673248291
2401164  0.1616819202899933
2400572  0.16168132424354553
2600041  0.1616811603307724
3000323  0.16168031096458435
2402320  0.16167795658111572
2402791  0.16167786717414856
2402670  0.16167734563350677
2402838  0.16167321801185608
2401488  0.16167129576206207
1000518  0.16166681051254272
2402412  0.16166342794895172
1000128  0.16166293621063232
1800059  0.16166163980960846
2401560  0.1616610586643219
3000354  0.16165964305400848
2803879  0.16165867447853088
2000207  0.16165730357170105
2000679  0.161651149392128
2402171  0.16165100038051605
2402276  0.1616501361131668
1001136  0.16164979338645935
2401656  0.16164907813072205
2000070  0.1616487056016922
1000684  0.16164597868919373
2500154  0.16164258122444153
1000310  0.16163955628871918
2401346  0.16163673996925354
2403590  0.16163146495819092
2402298  0.1616302728652954
2000853  0.16162966191768646
2401445  0.16162854433059692
2403715  0.1616283506155014
2000603  0.16161920130252838
2400637  0.16161873936653137
2403710  0.1616169512271881
2402567  0.161615788936615
2402951  0.16160696744918823
2401589  0.1616048514842987
2403076  0.1616026610136032
2403267  0.16159868240356445
1900189  0.16159690916538239
2400884  0.161595419049263
2400932  0.1615954041481018
2400692  0.16159482300281525
2000706  0.16159257292747498
2402896  0.1615925133228302
3000331  0.16159196197986603
2403321  0.16158980131149292
2401908  0.1615891456604004
2400472  0.16158737242221832
2402265  0.16158708930015564
2402483  0.16158637404441833
2401256  0.16158579289913177
2403144  0.1615857630968094
2400545  0.16158565878868103
3000067  0.16158506274223328
1000198  0.1615835428237915
1900495  0.1615799218416214
3000191  0.16157203912734985
1900629  0.16157083213329315
1001039  0.16156969964504242
3000185  0.1615666002035141
2403517  0.16156502068042755
2401213  0.16156332194805145
2403515  0.16156280040740967
2401821  0.1615617275238037
2402835  0.16156111657619476
3000177  0.16155417263507843
1000275  0.16155026853084564
2401735  0.16154971718788147
2401987  0.16154953837394714
1000206  0.16154742240905762
2401368  0.16154539585113525
2401337  0.16154520213603973
2403365  0.1615438312292099
2402070  0.16154363751411438
1000598  0.16154158115386963
2500218  0.16154010593891144
2400646  0.16153457760810852
2400958  0.16153262555599213
2000673  0.1615305244922638
2402918  0.16152946650981903
2400463  0.16152827441692352
2400750  0.1615276038646698
2402635  0.16152559220790863
2401407  0.1615249216556549
2403061  0.16152232885360718
2401329  0.16152094304561615
2400969  0.16151951253414154
2401078  0.16151770949363708
2402862  0.16151748597621918
2402492  0.1615157574415207
2401330  0.1615149974822998
1400059  0.16151300072669983
1000066  0.16151267290115356
1900383  0.1615103930234909
1001107  0.1615101844072342
2000622  0.16150973737239838
2401434  0.1615074723958969
1900235  0.16150638461112976
2402740  0.1615050882101059
2500134  0.16150401532649994
2401219  0.16150377690792084
2000102  0.16150052845478058
2000509  0.1614990532398224
2400732  0.1614980846643448
2400771  0.16149795055389404
2402802  0.16149687767028809
1900145  0.1614924520254135
2401937  0.16149088740348816
3000390  0.16149088740348816
3000342  0.1614905595779419
2402013  0.1614883691072464
3000233  0.1614832580089569
2402807  0.1614796221256256
3000081  0.16147910058498383
2401404  0.1614741086959839
2402075  0.16147400438785553
2000292  0.16147243976593018
2402236  0.16147173941135406
2402229  0.1614706665277481
3000345  0.16147057712078094
2402625  0.1614690124988556
2402016  0.16146767139434814
2400374  0.16146712005138397
1000290  0.1614670306444168
2401635  0.16146615147590637
2401562  0.1614566445350647
2803840  0.16145601868629456
2401304  0.16145554184913635
2000516  0.1614508479833603
2000578  0.16144853830337524
2000721  0.16144715249538422
2403395  0.1614452302455902
2403310  0.16144300997257233
2401324  0.16143271327018738
2400759  0.1614324301481247
1000120  0.16143223643302917
2401466  0.16142939031124115
2401580  0.16142792999744415
2803860  0.16142772138118744
1001132  0.16142638027668
2402373  0.16142435371875763
1000333  0.1614190638065338
2403371  0.1614053100347519
1000369  0.16140525043010712
1000980  0.16140156984329224
2401040  0.16139866411685944
2402313  0.16139844059944153
2000670  0.16139738261699677
2400912  0.16139715909957886
2401848  0.16139693558216095
2400676  0.1613931506872177
2402711  0.16138653457164764
3000072  0.16138595342636108
2400629  0.16138586401939392
1000779  0.16138271987438202
3000087  0.16138260066509247
3000383  0.16138066351413727
1000932  0.16137918829917908
2402551  0.16137659549713135
2401946  0.16137628257274628
2401923  0.16137243807315826
2303810  0.16136860847473145
2401331  0.16136346757411957
1000357  0.16135939955711365
2402136  0.16135896742343903
2402392  0.16135857999324799
2401535  0.16135446727275848
3000155  0.161350816488266
2401688  0.16134949028491974
2400993  0.16134804487228394
2400894  0.16134797036647797
1000182  0.16134561598300934
2403163  0.16134430468082428
2401065  0.1613442748785019
1000084  0.16134385764598846
2401365  0.1613427847623825
2402201  0.16133758425712585
2000561  0.16133740544319153
1000324  0.1613370031118393
2401566  0.16133591532707214
1000944  0.16133186221122742
1001098  0.1613275110721588
3000090  0.16132187843322754
2402731  0.16131998598575592
2403088  0.1613188087940216
2401497  0.1613164097070694
1900269  0.16131049394607544
2401246  0.16130810976028442
1000976  0.16130749881267548
2401666  0.16130708158016205
1000396  0.16130641102790833
1900339  0.16130152344703674
2402493  0.16129647195339203
2400905  0.16129635274410248
2402012  0.1612900048494339
3000082  0.1612890511751175
2803844  0.16128715872764587
2401025  0.16128695011138916
2403156  0.1612863689661026
2403266  0.1612848937511444
2402890  0.1612759530544281
2303794  0.1612750142812729
2401032  0.1612674444913864
3000141  0.16126564145088196
1000040  0.16126558184623718
2401372  0.16126230359077454
2400762  0.1612575203180313
1900659  0.16125667095184326
1700070  0.16125079989433289
2402652  0.1612493097782135
2000278  0.16124801337718964
2403255  0.16124659776687622
2000798  0.1612449586391449
1900617  0.1612386256456375
2401914  0.1612371951341629
2000695  0.1612231731414795
2401732  0.16121990978717804
2402749  0.16121649742126465
2400683  0.1612146496772766
2402486  0.1612141728401184
2402196  0.161212757229805
2000053  0.1612110137939453
2401864  0.16120801866054535
2400508  0.16120357811450958
2401576  0.1612030267715454
2401615  0.1612025648355484
2401530  0.161199152469635
2403339  0.16119907796382904
2401875  0.1611984670162201
2400929  0.16119569540023804
1000996  0.1611911505460739
1900208  0.1611902266740799
2000475  0.16118952631950378
2401934  0.1611892580986023
3000321  0.16118651628494263
1000276  0.16118542850017548
2402439  0.16118496656417847
2402153  0.1611810028553009
2400961  0.16118012368679047
2402592  0.16117942333221436
1000757  0.16117925941944122
2402651  0.16117796301841736
2402767  0.16117402911186218
2401500  0.16117224097251892
2401277  0.16117189824581146
2402212  0.1611715853214264
2403505  0.16116565465927124
3000046  0.1611635684967041
2401182  0.16116191446781158
2401764  0.16116037964820862
2402350  0.16115999221801758
2401374  0.16115982830524445
2000530  0.16115956008434296
2000291  0.16115576028823853
2400464  0.16115303337574005
2403260  0.16115151345729828
2403079  0.16114532947540283
2403628  0.16114367544651031
2401051  0.1611417979001999
1000715  0.16114041209220886
2402266  0.1611400991678238
2403581  0.16113242506980896
2703787  0.16113072633743286
2401193  0.16112998127937317
2401349  0.16112934052944183
2401940  0.16112399101257324
2400930  0.16112031042575836
2402135  0.16111521422863007
2402084  0.16111497581005096
2402031  0.1611139327287674
3000241  0.16111326217651367
2402556  0.16110993921756744
2401626  0.16110947728157043
2803841  0.16110798716545105
1000139  0.16109466552734375
2402664  0.16109389066696167
2402747  0.1610938310623169
2000732  0.16109050810337067
1000717  0.1610889881849289
2400896  0.16108757257461548
2100038  0.16108742356300354
1001054  0.16108684241771698
2401822  0.16108232736587524
2403309  0.16108188033103943
1700061  0.16108177602291107
2400641  0.16107825934886932
2402465  0.16107581555843353
3000211  0.1610737293958664
2400446  0.16107352077960968
2402069  0.16106955707073212
2400737  0.1610666960477829
2402203  0.16106387972831726
1800056  0.16106253862380981
1900635  0.1610613465309143
2403210  0.16105738282203674
2401029  0.16105133295059204
2500155  0.16105127334594727
2402830  0.16104809939861298
2401528  0.16104233264923096
2401863  0.16104014217853546
2401719  0.1610376387834549
2403006  0.16103588044643402
3000100  0.16103579103946686
1900661  0.16103067994117737
3000385  0.16102471947669983
2403082  0.16101917624473572
2402620  0.1610177904367447
1100041  0.16101406514644623
1000301  0.1610116809606552
2400416  0.16100938618183136
2402336  0.1610075831413269
2402190  0.16100522875785828
1001110  0.1609974205493927
3000158  0.16099096834659576
2000439  0.16098907589912415
2401826  0.16098561882972717
3000079  0.16098308563232422
2401625  0.16098076105117798
2401303  0.1609775274991989
2400422  0.16097606718540192
2401039  0.16096378862857819
3000339  0.16096237301826477
2401047  0.16096173226833344
2000286  0.16096007823944092
2400575  0.1609591245651245
2401931  0.1609562486410141
2402821  0.16095168888568878
2402438  0.16095146536827087
2400857  0.1609504371881485
2401188  0.1609475016593933
2401223  0.16094650328159332
1000737  0.16094444692134857
2403684  0.16094444692134857
1000329  0.1609436720609665
2500129  0.1609358787536621
3000101  0.16092507541179657
2402925  0.1609247773885727
2401089  0.16092261672019958
2402787  0.16091814637184143
2402393  0.160917267203331
2402532  0.16091682016849518
1900540  0.16091543436050415
2803846  0.16091401875019073
1000618  0.160911425948143
2000855  0.16090761125087738
2803835  0.16090458631515503
2403716  0.16090111434459686
3000078  0.16089840233325958
2401176  0.16089650988578796
2402590  0.16089552640914917
3000275  0.16089358925819397
2401336  0.16089171171188354
2400633  0.16089096665382385
2402481  0.16089096665382385
2402782  0.16088828444480896
2401013  0.16088630259037018
2803873  0.16088275611400604
2000654  0.16088268160820007
2401258  0.16087879240512848
2401777  0.1608775556087494
2000579  0.1608753651380539
1900634  0.16087423264980316
2400513  0.16086892783641815
2401156  0.1608658879995346
3000052  0.16086448729038239
2400473  0.16086359322071075
2402033  0.16086184978485107
1000187  0.1608598381280899
1900222  0.16085276007652283
2401103  0.1608525961637497
2400453  0.16085106134414673
1900297  0.1608487218618393
2903722  0.16084237396717072
2401582  0.16084033250808716
2401989  0.1608375608921051
1000332  0.16083566844463348
2500068  0.16082943975925446
2401850  0.1608264148235321
1900515  0.16082528233528137
2401596  0.16082438826560974
2403575  0.16082347929477692
2401581  0.16082130372524261
2401995  0.16082116961479187
1000090  0.16081607341766357
2401765  0.16081547737121582
2402814  0.1608107089996338
2401988  0.1608077734708786
3000186  0.16080692410469055
1900523  0.16080522537231445
3000092  0.16080306470394135
2402895  0.16079829633235931
2401827  0.16079607605934143
2402976  0.16079314053058624
2402231  0.16079117357730865
2402871  0.16078071296215057
1900196  0.1607772260904312
1900218  0.16077567636966705
2403166  0.160774365067482
2500217  0.1607738733291626
3000089  0.16077348589897156
2402179  0.16077223420143127
2402581  0.16077201068401337
2000434  0.16077184677124023
1900102  0.16076861321926117
3000176  0.1607685387134552
3000161  0.16076822578907013
2402980  0.16076402366161346
2402167  0.16076329350471497
2402921  0.16076086461544037
2803861  0.16075971722602844
1000614  0.16074585914611816
2403446  0.16074280440807343
2402303  0.1607421636581421
3000044  0.16073642671108246
1000384  0.16073472797870636
2402387  0.16072890162467957
3000337  0.16072772443294525
2402284  0.16072437167167664
1000520  0.160719633102417
2000852  0.16070878505706787
2000294  0.16070803999900818
1000481  0.16070082783699036
2401147  0.16070061922073364
2403313  0.16069373488426208
2500182  0.16068921983242035
2401230  0.16068382561206818
1900223  0.1606837511062622
2000858  0.16068249940872192
2401126  0.1606806218624115
2402032  0.16068050265312195
1000713  0.16067932546138763
2402946  0.16067901253700256
2402553  0.1606777459383011
3000296  0.16067276895046234
2000647  0.1606723517179489
3000204  0.16067089140415192
3000114  0.1606694906949997
3000192  0.16066104173660278
2402361  0.16065888106822968
2402053  0.1606547236442566
2600053  0.16065305471420288
1600049  0.1606520265340805
2400454  0.16065119206905365
2402850  0.1606498509645462
2400515  0.16064363718032837
2402561  0.16064299643039703
2402629  0.16064044833183289
2402588  0.1606358140707016
2402803  0.16063128411769867
1700048  0.1606307178735733
1900489  0.16062991321086884
2402243  0.1606285274028778
2400636  0.16062697768211365
2000418  0.16062694787979126
2401912  0.16062666475772858
1600048  0.1606246680021286
2403717  0.16061869263648987
2403326  0.16061519086360931
2000726  0.16061244904994965
2402295  0.16061197221279144
1000690  0.16061119735240936
2402140  0.16060857474803925
1900657  0.1606084257364273
2000650  0.16060809791088104
2401261  0.16060201823711395
2403106  0.16060107946395874
1900487  0.16059495508670807
2402399  0.16059474647045135
1000527  0.16059397161006927
2000696  0.1605934500694275
1000202  0.1605910360813141
2803859  0.16059055924415588
2401597  0.16058604419231415
2402863  0.16058513522148132
2402309  0.16058284044265747
2402529  0.16058266162872314
2402217  0.16058172285556793
2403118  0.1605808585882187
2000606  0.16058024764060974
2403584  0.16057991981506348
2402413  0.16057752072811127
2803825  0.16057443618774414
2400434  0.160574272274971
1900037  0.16057340800762177
2402034  0.16056640446186066
2403370  0.16056373715400696
2401286  0.16056299209594727
1000853  0.1605623960494995
2500180  0.1605580896139145
2000447  0.16055721044540405
2400897  0.16055543720722198
1900124  0.16055092215538025
2401926  0.16054999828338623
2401104  0.16054868698120117
2403097  0.16054701805114746
2402360  0.16054695844650269
2401197  0.16054600477218628
2000725  0.16054411232471466
2402470  0.1605408787727356
2000556  0.160538449883461
2400933  0.16053760051727295
2402050  0.1605272889137268
2000846  0.16052471101284027
2402879  0.1605195701122284
2403419  0.16051235795021057
2403077  0.1605120599269867
2402893  0.16050907969474792
2402555  0.16050755977630615
2402090  0.1605038344860077
2402234  0.16050249338150024
2400986  0.16050152480602264
2403162  0.160500630736351
2401463  0.16050060093402863
2000448  0.16049662232398987
1900190  0.16047826409339905
2402685  0.1604757010936737
2401769  0.16047342121601105
1900639  0.16046667098999023
1900638  0.16046558320522308
2500132  0.16045910120010376
2000411  0.16045723855495453
2200068  0.1604534089565277
1900547  0.16045202314853668
3000244  0.1604486107826233
3000109  0.16044853627681732
3000147  0.16044734418392181
2402396  0.1604451686143875
2401275  0.16044068336486816
1000141  0.16042841970920563
2401351  0.16042198240756989
3000251  0.16041962802410126
2401577  0.16041940450668335
2403312  0.16041801869869232
3000278  0.16041359305381775
2403201  0.16041353344917297
1900209  0.16041162610054016
2403487  0.16041018068790436
2000674  0.16040833294391632
3000271  0.1604032963514328
2402741  0.16040048003196716
2402979  0.16040043532848358
2000748  0.16039985418319702
2000408  0.16039298474788666
3000197  0.16038499772548676
1000317  0.1603829562664032
2400760  0.16038286685943604
2400607  0.16038264334201813
2401054  0.16038250923156738
2402707  0.16037926077842712
3000338  0.16037814319133759
3000065  0.1603764146566391
3000139  0.1603754162788391
2402823  0.16037127375602722
2403314  0.16036999225616455
2403462  0.1603652685880661
2402755  0.16036182641983032
1000306  0.16035573184490204
1000233  0.16035379469394684
2400494  0.16034886240959167
1900210  0.1603463888168335
2403100  0.16034547984600067
2401326  0.16034471988677979
1900577  0.1603427678346634
2402143  0.1603424996137619
2000415  0.16034232079982758
2401794  0.16034045815467834
3000245  0.16033945977687836
3000307  0.16033905744552612
1900366  0.1603301465511322
3000093  0.16032935678958893
2401631  0.16032463312149048
2400685  0.1603219360113144
1800046  0.16032063961029053
1900412  0.1603185087442398
3000175  0.16031493246555328
2401601  0.1603097766637802
1000134  0.16030699014663696
2401017  0.16030575335025787
3000250  0.16030387580394745
2400553  0.16030049324035645
3000143  0.1602998822927475
2401390  0.16029685735702515
2402017  0.1602960228919983
3000299  0.160291388630867
2400534  0.16028794646263123
1700086  0.16028201580047607
2402538  0.16027826070785522
2000038  0.16027694940567017
1000122  0.16027626395225525
1900628  0.16027472913265228
2401518  0.1602730005979538
2400561  0.16027119755744934
2000335  0.16026555001735687
2401509  0.16026121377944946
1400051  0.160257950425148
2402379  0.1602567583322525
2400375  0.16025665402412415
2000722  0.16023236513137817
1001057  0.16023103892803192
3000289  0.16023074090480804
2403355  0.1602296084165573
1000514  0.1602269858121872
1900549  0.1602245420217514
2403471  0.16022247076034546
1001108  0.16022233664989471
1900185  0.16021785140037537
2402192  0.16021767258644104
2402061  0.16021643579006195
1000919  0.1602136343717575
1900483  0.16021357476711273
1000081  0.16021236777305603
2401590  0.16021034121513367
2500201  0.16020599007606506
3000134  0.1602005511522293
1000293  0.16019746661186218
2402155  0.1601959466934204
1900543  0.16019511222839355
2402861  0.16019295156002045
3000053  0.16018858551979065
1900314  0.1601867973804474
2403265  0.1601777970790863
2402959  0.1601688116788864
2401682  0.16016501188278198
2402458  0.1601642370223999
2400403  0.16016364097595215
2401972  0.1601591855287552
2402147  0.16015706956386566
1000177  0.16015437245368958
2401911  0.16015243530273438
2402742  0.160148486495018
2000700  0.16014839708805084
2402349  0.16014328598976135
2402476  0.16013666987419128
2402542  0.1601363867521286
1000666  0.16013605892658234
3000207  0.16013407707214355
2402471  0.1601288616657257
3000190  0.16012747585773468
2401272  0.16012617945671082
2000428  0.16011743247509003
3000298  0.16010916233062744
2000270  0.16010773181915283
2401014  0.16010743379592896
2401659  0.16010691225528717
3000181  0.1601046323776245
2402149  0.16010235249996185
1000057  0.1601012647151947
1900509  0.1600997895002365
2402454  0.16009794175624847
3000349  0.16009563207626343
2402445  0.1600949913263321
1000439  0.16009195148944855
2400658  0.16008976101875305
2403522  0.1600886732339859
3000162  0.16008521616458893
2401512  0.16007864475250244
2401276  0.1600750833749771
2401980  0.16007110476493835
2400639  0.16006845235824585
1000192  0.1600659191608429
2402321  0.1600625067949295
2401506  0.16006135940551758
2000277  0.16005349159240723
1000193  0.16005288064479828
1000146  0.16005246341228485
3000248  0.16005125641822815
2000290  0.16004785895347595
2400565  0.16004548966884613
2000604  0.16004537045955658
2401386  0.16003264486789703
2403342  0.16002123057842255
2403113  0.16001811623573303
2402752  0.1600177139043808
3000113  0.16001655161380768
2000554  0.16001056134700775
1000670  0.16000808775424957
3000206  0.16000598669052124
1800069  0.16000431776046753
2402020  0.16000258922576904
2400767  0.1599949151277542
2400674  0.15999117493629456
3000048  0.15998908877372742
2401572  0.15998727083206177
1900374  0.15998665988445282
1900198  0.15998569130897522
2000727  0.15998369455337524
2403712  0.15997926890850067
2403126  0.15997910499572754
1300038  0.1599767804145813
1000078  0.15997593104839325
2402181  0.15997417271137238
2403551  0.15996842086315155
2402496  0.15996606647968292
3000076  0.15996423363685608
3000080  0.15995892882347107
3000272  0.15995028614997864
1900125  0.15994863212108612
1001055  0.15994684398174286
2402500  0.15994572639465332
2400502  0.15993808209896088
1000718  0.15993429720401764
3000153  0.15993258357048035
2400711  0.15992888808250427
2400700  0.15992631018161774
2000474  0.1599208265542984
2402300  0.15992003679275513
2401296  0.15991878509521484
2500175  0.1599179357290268
2000796  0.15990856289863586
2403343  0.1599029153585434
2403377  0.1598997414112091
1900201  0.15989834070205688
3000091  0.1598954051733017
3000224  0.1598951667547226
3000217  0.1598905473947525
2403472  0.15989017486572266
1900191  0.15988726913928986
3000247  0.1598839908838272
1000232  0.15988220274448395
3000088  0.15987975895404816
2400992  0.1598794013261795
2402954  0.15987741947174072
2401646  0.1598769724369049
2402795  0.15987220406532288
2400634  0.15987099707126617
2403316  0.15987005829811096
2401921  0.1598697453737259
2403102  0.15986336767673492
2401643  0.15986225008964539
2000791  0.15985605120658875
2401211  0.15985535085201263
1900220  0.15985313057899475
2401192  0.15985262393951416
2401222  0.15984804928302765
2401414  0.15984687209129333
2401202  0.15984348952770233
2401494  0.15984120965003967
2402778  0.15984103083610535
2402318  0.15982988476753235
3000159  0.1598295122385025
1900590  0.15982837975025177
2401000  0.15982504189014435
3000195  0.1598222255706787
2402267  0.15981857478618622
3000292  0.1598130315542221
2303808  0.15981236100196838
1900602  0.15981224179267883
3000302  0.15979766845703125
2402760  0.1597961038351059
3000116  0.15979495644569397
2402363  0.15979236364364624
2402600  0.15978819131851196
2400414  0.15978661179542542
3000319  0.15978659689426422
2400547  0.15978652238845825
2402382  0.15978631377220154
2401243  0.15978626906871796
1000108  0.1597849577665329
1000412  0.15978029370307922
2400694  0.15977275371551514
3000279  0.15977129340171814
2401255  0.15975189208984375
2401009  0.1597512662410736
2403268  0.15974780917167664
2400752  0.15974627435207367
2403411  0.1597418189048767
2401116  0.15973570942878723
2401241  0.15973445773124695
3000282  0.15972186625003815
2401843  0.1597212553024292
2401196  0.15971924364566803
3000066  0.159717857837677
2903755  0.1597142368555069
2403078  0.15970627963542938
2402845  0.15969021618366241
1000685  0.1596878170967102
3000235  0.15968741476535797
3000231  0.15966756641864777
1900204  0.1596662849187851
3000097  0.15966534614562988
3000071  0.15966172516345978
2402848  0.15966029465198517
3000086  0.15965953469276428
3000120  0.15965674817562103
3000170  0.15965613722801208
2401458  0.15965454280376434
2400393  0.15965433418750763
3000157  0.15965384244918823
2400872  0.15965326130390167
3000110  0.15963764488697052
3000308  0.15963587164878845
1900486  0.15963423252105713
2400890  0.15963394939899445
3000163  0.1596258580684662
2401045  0.1596250832080841
2401832  0.15961648523807526
2402530  0.15960745513439178
3000304  0.15960551798343658
2401206  0.15958262979984283
1000525  0.15957430005073547
3000039  0.15956856310367584
2500251  0.1595570594072342
3000286  0.1595536470413208
2403539  0.15954197943210602
1000121  0.1595418006181717
1900183  0.15953955054283142
2400411  0.15953819453716278
3000353  0.15953417122364044
2402088  0.15953360497951508
2400871  0.15953320264816284
3000168  0.15952898561954498
2000299  0.15952643752098083
2402539  0.15952563285827637
3000293  0.15952537953853607
3000226  0.15951858460903168
2402904  0.15950769186019897
1000190  0.15950089693069458
2402095  0.15949943661689758
3000133  0.1594933569431305
2402641  0.15949033200740814
3000106  0.15948958694934845
3000232  0.15948863327503204
2402332  0.15948379039764404
3000054  0.15948303043842316
3000284  0.15948157012462616
1900324  0.15947894752025604
1100042  0.15947800874710083
1900403  0.15947651863098145
2401136  0.15947474539279938
2402409  0.15947262942790985
3000212  0.15947090089321136
3000178  0.15946216881275177
2402759  0.15945932269096375
2703790  0.15945789217948914
2403213  0.1594552993774414
3000173  0.1594548374414444
2402582  0.1594545990228653
3000130  0.15945203602313995
2402446  0.1594470590353012
2000774  0.15943680703639984
2402846  0.15943466126918793
3000372  0.15943428874015808
3000324  0.15943337976932526
3000396  0.15943150222301483
2402971  0.15942899882793427
2400510  0.15942078828811646
1000582  0.1594105362892151
2402611  0.15940864384174347
3000220  0.15940839052200317
2500136  0.1594052016735077
2402158  0.15939487516880035
3000193  0.15939316153526306
2401263  0.1593916267156601
3000336  0.15939109027385712
2401189  0.1593875139951706
3000194  0.15938007831573486
1200045  0.15937922894954681
1001105  0.1593778133392334
3000346  0.15937381982803345
2402444  0.15936973690986633
3000187  0.15936608612537384
3000166  0.15936468541622162
1900621  0.1593603789806366
3000355  0.1593586802482605
3000344  0.1593545377254486
3000246  0.1593441367149353
3000371  0.15933899581432343
1000045  0.15933716297149658
1000436  0.1593358814716339
1900625  0.1593334823846817
1000133  0.15933258831501007
1200044  0.15932992100715637
3000216  0.15932956337928772
2403254  0.15931813418865204
3000059  0.15931637585163116
3000084  0.15931569039821625
2000768  0.15931472182273865
1000746  0.15931449830532074
3000060  0.15931348502635956
1900656  0.15929681062698364
3000260  0.15929676592350006
1000132  0.15929080545902252
3000270  0.15928915143013
2400684  0.1592838168144226
3000108  0.1592785120010376
3000183  0.15927502512931824
1900414  0.15927228331565857
3000171  0.15926678478717804
2402250  0.15925800800323486
2400862  0.15924887359142303
2402897  0.15924842655658722
3000318  0.15924778580665588
3000160  0.15924017131328583
3000238  0.15923196077346802
3000341  0.15922078490257263
1000664  0.15921565890312195
1900285  0.15921255946159363
3000167  0.15920786559581757
3000311  0.15920473635196686
3000332  0.15919624269008636
3000215  0.1591915637254715
3000045  0.15918278694152832
2000285  0.1591644287109375
2403392  0.1591639220714569
3000203  0.15916334092617035
3000169  0.15916313230991364
2903754  0.1591595560312271
3000127  0.1591588854789734
3000295  0.1591564267873764
2401033  0.1591564118862152
2000571  0.15914291143417358
2000677  0.15914274752140045
1900641  0.1591225266456604
2403089  0.15911826491355896
2401160  0.15911543369293213
3000218  0.15911224484443665
2403586  0.15911032259464264
2402817  0.15909472107887268
1900511  0.15908432006835938
1900252  0.15907105803489685
2401451  0.15906286239624023
1900574  0.159060537815094
3000234  0.1590554416179657
1000281  0.1590552031993866
2402036  0.15905120968818665
2401550  0.15904414653778076
2402616  0.15903910994529724
2402083  0.1590277999639511
2403374  0.15902158617973328
1001040  0.1590098738670349
2000416  0.1590060591697693
2500254  0.1590033769607544
2403521  0.15900202095508575
2400879  0.1590019017457962
2401151  0.1590009480714798
3000297  0.15899741649627686
3000328  0.15899261832237244
3000277  0.1589805781841278
3000225  0.15897811949253082
3000105  0.15896514058113098
2402719  0.15896427631378174
2000588  0.1589611917734146
3000132  0.15896105766296387
2402242  0.158952996134758
2403348  0.15895168483257294
3000095  0.15895134210586548
1000149  0.1589493751525879
3000221  0.158942312002182
2403253  0.1589399129152298
1001111  0.15892831981182098
1000075  0.15892700850963593
3000064  0.15892162919044495
2401943  0.15892136096954346
2403110  0.15891723334789276
3000123  0.15891453623771667
3000148  0.15889811515808105
3000209  0.15889416635036469
3000305  0.15889029204845428
2500091  0.15887705981731415
3000083  0.15887388586997986
3000325  0.15887077152729034
3000138  0.15886956453323364
3000301  0.15886151790618896
3000269  0.15885935723781586
3000329  0.15884999930858612
2403428  0.15884721279144287
2402106  0.15884092450141907
2401486  0.15882644057273865
2401195  0.15882055461406708
3000256  0.15881885588169098
2403347  0.15881308913230896
3000198  0.15881280601024628
3000174  0.15880930423736572
2000566  0.15880799293518066
2500231  0.1588006168603897
1900498  0.15879368782043457
2000651  0.15873120725154877
3000096  0.15872232615947723
3000150  0.15871617197990417
2000751  0.15870772302150726
3000199  0.15870670974254608
3000222  0.1586923599243164
3000137  0.1586761176586151
3000047  0.15866826474666595
1000466  0.1586422175168991
2401252  0.1586374193429947
3000102  0.15863142907619476
3000112  0.15860490500926971
2000395  0.15859611332416534
2401657  0.158595472574234
2400985  0.1585829257965088
2403351  0.15857508778572083
3000129  0.1585714966058731
3000208  0.15855523943901062
3000229  0.15854205191135406
2401564  0.1585026979446411
3000182  0.15849946439266205
2401224  0.15849100053310394
1000063  0.1584828644990921
2400940  0.15848062932491302
3000312  0.1584642082452774
1900221  0.15846069157123566
2402764  0.15845316648483276
3000094  0.1584373414516449
3000313  0.15842115879058838
1000127  0.15841230750083923
3000227  0.1584063023328781
2400719  0.15840350091457367
3000273  0.15840068459510803
3000118  0.15839995443820953
2400679  0.15839749574661255
3000223  0.15839476883411407
3000258  0.15838457643985748
3000152  0.1583825945854187
1000385  0.1583818942308426
1900229  0.15837526321411133
3000117  0.15837299823760986
1900548  0.15836314857006073
3000184  0.1583620309829712
3000281  0.15833410620689392
2403458  0.1583302915096283
3000099  0.1583172231912613
3000314  0.1583172082901001
1900212  0.15831519663333893
2400837  0.15830634534358978
3000335  0.15830093622207642
2401092  0.15829890966415405
1000522  0.15829865634441376
3000061  0.15829287469387054
2401174  0.15829139947891235
1000282  0.15828678011894226
3000334  0.15826980769634247
3000140  0.1582476794719696
3000111  0.15824589133262634
3000309  0.15823687613010406
3000055  0.15822848677635193
3000285  0.1582222282886505
3000164  0.15820495784282684
3000340  0.15819089114665985
2402506  0.15818089246749878
3000142  0.15817883610725403
3000300  0.15817028284072876
3000303  0.15815789997577667
3000263  0.15815238654613495
3000213  0.1581207513809204
3000077  0.1581026315689087
3000104  0.15809811651706696
3000125  0.15809133648872375
2000332  0.15807799994945526
3000261  0.15807175636291504
3000214  0.15805870294570923
1900182  0.15804937481880188
2402527  0.15804889798164368
3000075  0.1580468714237213
2400861  0.15804409980773926
1001113  0.1580277383327484
1900494  0.15802507102489471
3000179  0.158014178276062
2402156  0.1579977422952652
3000370  0.15799666941165924
3000154  0.1579817831516266
2403060  0.15797987580299377
2403600  0.15797217190265656
3000268  0.15797162055969238
2401737  0.15796731412410736
3000126  0.1579401195049286
1900344  0.157940074801445
3000239  0.15793955326080322
3000180  0.15793795883655548
3000264  0.15793763101100922
3000257  0.1579316258430481
3000146  0.1579274982213974
3000316  0.15792010724544525
2403352  0.15791350603103638
3000070  0.15791094303131104
3000255  0.1579027622938156
3000262  0.15790073573589325
3000219  0.15788611769676208
3000276  0.1578591763973236
3000136  0.15782901644706726
2401873  0.15782864391803741
1400053  0.15780740976333618
3000073  0.15779754519462585
3000165  0.1577918380498886
1900200  0.15776781737804413
2402843  0.1577664315700531
1900668  0.15776309370994568
3000351  0.15775661170482635
3000051  0.15773816406726837
3000243  0.15772908926010132
3000333  0.1577056497335434
3000249  0.15770059823989868
1900490  0.1576964557170868
1900184  0.15768380463123322
3000290  0.15765085816383362
1900499  0.15762802958488464
3000121  0.15762735903263092
3000357  0.15762561559677124
2402726  0.1576227843761444
2403346  0.15762189030647278
2401485  0.15761776268482208
3000242  0.15760989487171173
3000267  0.15755335986614227
3000287  0.15754073858261108
3000330  0.15752997994422913
3000230  0.15750448405742645
1900103  0.1575041562318802
3000058  0.15750087797641754
3000288  0.15749289095401764
3000327  0.15748663246631622
1000330  0.15748220682144165
1000867  0.1574796736240387
3000156  0.15747542679309845
1900180  0.157450869679451
3000259  0.15742486715316772
3000265  0.15742476284503937
3000343  0.15741471946239471
1900284  0.15737667679786682
3000291  0.15736927092075348
2000581  0.15736563503742218
3000310  0.15736284852027893
3000098  0.15735027194023132
3000315  0.15734441578388214
2403338  0.1573268473148346
3000189  0.1573212593793869
3000151  0.1573047935962677
3000103  0.1572687327861786
3000049  0.15726052224636078
3000119  0.15723271667957306
3000200  0.15722617506980896
2000534  0.157184436917305
3000196  0.15717898309230804
3000326  0.15717706084251404
2402761  0.15714271366596222
3000253  0.1571395993232727
3000068  0.15710841119289398
3000056  0.15709230303764343
3000085  0.1570671647787094
3000107  0.1570555865764618
1900338  0.15703509747982025
3000074  0.15700456500053406
3000283  0.15696954727172852
3000348  0.15696537494659424
3000050  0.1569482833147049
3000240  0.15694129467010498
3000280  0.1569155901670456
3000124  0.1569097638130188
3000144  0.15689368546009064
3000201  0.1568286269903183
3000057  0.15681400895118713
3000356  0.15681305527687073
1900482  0.15678411722183228
3000115  0.15646149218082428
3000122  0.1563987284898758
3000069  0.15638025104999542
1900251  0.15633544325828552
2403496  0.15630684792995453
3000210  0.156284898519516
2400678  0.15621386468410492
3000266  0.15620458126068115
3000352  0.1561751514673233
1900341  0.156128391623497
1900075  0.15608994662761688
3000202  0.1560889333486557
3000188  0.15596947073936462
1900345  0.15593530237674713
2000354  0.15592585504055023
3000236  0.1558891236782074
3000350  0.15565039217472076
3000306  0.15564805269241333
3000149  0.15540149807929993
3000205  0.15537627041339874
3000322  0.1553535759449005
1900057  0.15526041388511658
3000237  0.15516208112239838
2000268  0.15506786108016968
1900278  0.15502162277698517
2000276  0.15467187762260437
1900066  0.1545047163963318
1900277  0.15450002253055573
1900283  0.15447697043418884
1900288  0.15428076684474945
2000352  0.15426570177078247
1900287  0.1541920304298401
2000262  0.1541581004858017
1900289  0.15412043035030365
2000253  0.15386110544204712
1900063  0.15384961664676666
2402992  0.15380775928497314
1900266  0.15380573272705078
2000331  0.15372790396213531
2000255  0.15369045734405518
1900048  0.15367421507835388
2402991  0.15367193520069122
2000357  0.153641939163208
2000334  0.15357831120491028
1900279  0.15356731414794922
1900078  0.153509259223938
2000351  0.15341117978096008
2000284  0.15338575839996338
1900276  0.1532372236251831
2000341  0.15322352945804596
2000265  0.15317821502685547
1900060  0.15317808091640472
1900081  0.153085395693779
2000254  0.15305589139461517
2000353  0.15302497148513794
2000266  0.1529075801372528
1900069  0.15288081765174866
2000267  0.15286244451999664
2000257  0.1528230607509613
2000340  0.1527400016784668
1900261  0.15253882110118866
2000272  0.1523999273777008
2000358  0.15234798192977905
2000343  0.1521691232919693
2000274  0.15212403237819672
1900042  0.15203909575939178
1900072  0.15197250247001648
1900051  0.15185829997062683
2000361  0.15170523524284363
2403024  0.15155112743377686
2000339  0.15150617063045502
2000342  0.15142875909805298
2000269  0.15133069455623627
1900045  0.1512773334980011
1900262  0.15104198455810547
2000306  0.15090562403202057
1900054  0.15081705152988434
2400160  0.15079589188098907
2400115  0.14935871958732605
2400277  0.14850685000419617
2400128  0.14830312132835388
2400237  0.14779609441757202
2400218  0.14751628041267395
2400097  0.1473899632692337
2400285  0.14732879400253296
2400179  0.14713960886001587
2400198  0.14678320288658142
2400256  0.1464899629354477
2400288  0.14641568064689636
2400141  0.14483347535133362
2500267  0.13469597697257996
2500264  0.13135692477226257
