1700080  1.0
1700086  1.0
3000382  1.0
3000383  1.0
3000390  1.0
3000396  1.0
1500053  0.8164965809277261
1500054  0.8164965809277261
1000306  0.7071067811865475
1900215  0.7071067811865475
1600048  0.6324555320336759
1600049  0.6324555320336759
1600050  0.6324555320336759
1000332  0.5
1000333  0.5
1000356  0.5
1000357  0.5
1900144  0.5
1900145  0.5
1900239  0.5
1900240  0.5
1000329  0.35355339059327373
1000330  0.35355339059327373
1700069  0.34299717028501764
1700070  0.34299717028501764
1700074  0.34299717028501764
1700045  0.3333333333333333
1700046  0.3333333333333333
1700047  0.3333333333333333
1700048  0.3333333333333333
1000328  0.31622776601683794
1000335  0.31622776601683794
1000271  0.2886751345948129
1000272  0.2886751345948129
1000273  0.2886751345948129
1000274  0.2886751345948129
1000275  0.2886751345948129
1000281  0.2886751345948129
1000287  0.2886751345948129
1000288  0.2886751345948129
1000289  0.2886751345948129
1000290  0.2886751345948129
1000292  0.2886751345948129
1000293  0.2886751345948129
1000295  0.2886751345948129
1000296  0.2886751345948129
1000298  0.2886751345948129
1000299  0.2886751345948129
1000300  0.2886751345948129
1000301  0.2886751345948129
1000302  0.2886751345948129
1000303  0.2886751345948129
1000309  0.2886751345948129
1000310  0.2886751345948129
1000313  0.2886751345948129
1000314  0.2886751345948129
1000315  0.2886751345948129
1000316  0.2886751345948129
1000317  0.2886751345948129
1000318  0.2886751345948129
1000320  0.2886751345948129
1000322  0.2886751345948129
1000324  0.2886751345948129
2403352  0.19069251784911848
1000768  0.18257418583505536
1000801  0.17677669529663687
2403338  0.15523010514126656
2403342  0.15523010514126656
2403346  0.15523010514126656
2403347  0.15523010514126656
2403351  0.15523010514126656
2403355  0.15523010514126656
2403024  0.1421338109037403
1900220  0.1386750490563073
1900221  0.1386750490563073
1900222  0.1386750490563073
1900223  0.1386750490563073
1900224  0.1386750490563073
1900225  0.1386750490563073
1900366  0.1336306209562122
1900374  0.13130643285972254
3000039  0.10454167469786334
3000044  0.10454167469786334
3000045  0.10454167469786334
3000046  0.10454167469786334
3000047  0.10454167469786334
3000048  0.10454167469786334
3000049  0.10454167469786334
3000050  0.10454167469786334
3000051  0.10454167469786334
3000052  0.10454167469786334
3000053  0.10454167469786334
3000054  0.10454167469786334
3000055  0.10454167469786334
3000056  0.10454167469786334
3000057  0.10454167469786334
3000058  0.10454167469786334
3000059  0.10454167469786334
3000060  0.10454167469786334
3000061  0.10454167469786334
3000062  0.10454167469786334
3000063  0.10454167469786334
3000064  0.10454167469786334
3000065  0.10454167469786334
3000066  0.10454167469786334
3000067  0.10454167469786334
3000068  0.10454167469786334
3000069  0.10454167469786334
3000070  0.10454167469786334
3000071  0.10454167469786334
3000072  0.10454167469786334
3000073  0.10454167469786334
3000074  0.10454167469786334
3000075  0.10454167469786334
3000076  0.10454167469786334
3000077  0.10454167469786334
3000078  0.10454167469786334
3000079  0.10454167469786334
3000080  0.10454167469786334
3000081  0.10454167469786334
3000082  0.10454167469786334
3000083  0.10454167469786334
3000084  0.10454167469786334
3000085  0.10454167469786334
3000086  0.10454167469786334
3000087  0.10454167469786334
3000088  0.10454167469786334
3000089  0.10454167469786334
3000090  0.10454167469786334
3000091  0.10454167469786334
3000092  0.10454167469786334
3000093  0.10454167469786334
3000094  0.10454167469786334
3000095  0.10454167469786334
3000096  0.10454167469786334
3000097  0.10454167469786334
3000098  0.10454167469786334
3000099  0.10454167469786334
3000100  0.10454167469786334
3000101  0.10454167469786334
3000102  0.10454167469786334
3000103  0.10454167469786334
3000104  0.10454167469786334
3000105  0.10454167469786334
3000106  0.10454167469786334
3000107  0.10454167469786334
3000108  0.10454167469786334
3000109  0.10454167469786334
3000110  0.10454167469786334
3000111  0.10454167469786334
3000112  0.10454167469786334
3000113  0.10454167469786334
3000114  0.10454167469786334
3000115  0.10454167469786334
3000116  0.10454167469786334
3000117  0.10454167469786334
3000118  0.10454167469786334
3000119  0.10454167469786334
3000120  0.10454167469786334
3000121  0.10454167469786334
3000122  0.10454167469786334
3000123  0.10454167469786334
3000124  0.10454167469786334
3000125  0.10454167469786334
3000126  0.10454167469786334
3000127  0.10454167469786334
3000128  0.10454167469786334
3000129  0.10454167469786334
3000130  0.10454167469786334
3000132  0.10454167469786334
3000133  0.10454167469786334
3000134  0.10454167469786334
3000135  0.10454167469786334
3000136  0.10454167469786334
3000137  0.10454167469786334
3000138  0.10454167469786334
3000139  0.10454167469786334
3000140  0.10454167469786334
3000141  0.10454167469786334
3000142  0.10454167469786334
3000143  0.10454167469786334
3000144  0.10454167469786334
3000145  0.10454167469786334
3000146  0.10454167469786334
3000147  0.10454167469786334
3000148  0.10454167469786334
3000149  0.10454167469786334
3000150  0.10454167469786334
3000151  0.10454167469786334
3000152  0.10454167469786334
3000153  0.10454167469786334
3000154  0.10454167469786334
3000155  0.10454167469786334
3000156  0.10454167469786334
3000157  0.10454167469786334
3000158  0.10454167469786334
3000159  0.10454167469786334
3000160  0.10454167469786334
3000161  0.10454167469786334
3000162  0.10454167469786334
3000163  0.10454167469786334
3000164  0.10454167469786334
3000165  0.10454167469786334
3000166  0.10454167469786334
3000167  0.10454167469786334
3000168  0.10454167469786334
3000169  0.10454167469786334
3000170  0.10454167469786334
3000171  0.10454167469786334
3000172  0.10454167469786334
3000173  0.10454167469786334
3000174  0.10454167469786334
3000175  0.10454167469786334
3000176  0.10454167469786334
3000177  0.10454167469786334
3000178  0.10454167469786334
3000179  0.10454167469786334
3000180  0.10454167469786334
3000181  0.10454167469786334
3000182  0.10454167469786334
3000183  0.10454167469786334
3000184  0.10454167469786334
3000185  0.10454167469786334
3000186  0.10454167469786334
3000187  0.10454167469786334
3000188  0.10454167469786334
3000189  0.10454167469786334
3000190  0.10454167469786334
3000191  0.10454167469786334
3000192  0.10454167469786334
3000193  0.10454167469786334
3000194  0.10454167469786334
3000195  0.10454167469786334
3000196  0.10454167469786334
3000197  0.10454167469786334
3000198  0.10454167469786334
3000199  0.10454167469786334
3000200  0.10454167469786334
3000201  0.10454167469786334
3000202  0.10454167469786334
3000203  0.10454167469786334
3000204  0.10454167469786334
3000205  0.10454167469786334
3000206  0.10454167469786334
3000207  0.10454167469786334
3000208  0.10454167469786334
3000209  0.10454167469786334
3000210  0.10454167469786334
3000211  0.10454167469786334
3000212  0.10454167469786334
3000213  0.10454167469786334
3000214  0.10454167469786334
3000215  0.10454167469786334
3000216  0.10454167469786334
3000217  0.10454167469786334
3000218  0.10454167469786334
3000219  0.10454167469786334
3000220  0.10454167469786334
3000221  0.10454167469786334
3000222  0.10454167469786334
3000223  0.10454167469786334
3000224  0.10454167469786334
3000225  0.10454167469786334
3000226  0.10454167469786334
3000227  0.10454167469786334
3000228  0.10454167469786334
3000229  0.10454167469786334
3000230  0.10454167469786334
3000231  0.10454167469786334
3000232  0.10454167469786334
3000233  0.10454167469786334
3000234  0.10454167469786334
3000235  0.10454167469786334
3000236  0.10454167469786334
3000237  0.10454167469786334
3000238  0.10454167469786334
3000239  0.10454167469786334
3000240  0.10454167469786334
3000241  0.10454167469786334
3000242  0.10454167469786334
3000243  0.10454167469786334
3000244  0.10454167469786334
3000245  0.10454167469786334
3000246  0.10454167469786334
3000247  0.10454167469786334
3000248  0.10454167469786334
3000249  0.10454167469786334
3000250  0.10454167469786334
3000251  0.10454167469786334
3000252  0.10454167469786334
3000253  0.10454167469786334
3000254  0.10454167469786334
3000255  0.10454167469786334
3000256  0.10454167469786334
3000257  0.10454167469786334
3000258  0.10454167469786334
3000259  0.10454167469786334
3000260  0.10454167469786334
3000261  0.10454167469786334
3000262  0.10454167469786334
3000263  0.10454167469786334
3000264  0.10454167469786334
3000265  0.10454167469786334
3000266  0.10454167469786334
3000267  0.10454167469786334
3000268  0.10454167469786334
3000269  0.10454167469786334
3000270  0.10454167469786334
3000271  0.10454167469786334
3000272  0.10454167469786334
3000273  0.10454167469786334
3000274  0.10454167469786334
3000275  0.10454167469786334
3000276  0.10454167469786334
3000277  0.10454167469786334
3000278  0.10454167469786334
3000279  0.10454167469786334
3000280  0.10454167469786334
3000281  0.10454167469786334
3000282  0.10454167469786334
3000283  0.10454167469786334
3000284  0.10454167469786334
3000285  0.10454167469786334
3000286  0.10454167469786334
3000287  0.10454167469786334
3000288  0.10454167469786334
3000289  0.10454167469786334
3000290  0.10454167469786334
3000291  0.10454167469786334
3000292  0.10454167469786334
3000293  0.10454167469786334
3000294  0.10454167469786334
3000295  0.10454167469786334
3000296  0.10454167469786334
3000297  0.10454167469786334
3000298  0.10454167469786334
3000299  0.10454167469786334
3000300  0.10454167469786334
3000301  0.10454167469786334
3000302  0.10454167469786334
3000303  0.10454167469786334
3000304  0.10454167469786334
3000305  0.10454167469786334
3000306  0.10454167469786334
3000307  0.10454167469786334
3000308  0.10454167469786334
3000309  0.10454167469786334
3000310  0.10454167469786334
3000311  0.10454167469786334
3000312  0.10454167469786334
3000313  0.10454167469786334
3000314  0.10454167469786334
3000315  0.10454167469786334
3000316  0.10454167469786334
3000317  0.10454167469786334
3000318  0.10454167469786334
3000319  0.10454167469786334
3000320  0.10454167469786334
3000321  0.10454167469786334
3000322  0.10454167469786334
3000323  0.10454167469786334
3000324  0.10454167469786334
3000325  0.10454167469786334
3000326  0.10454167469786334
3000327  0.10454167469786334
3000328  0.10454167469786334
3000329  0.10454167469786334
3000330  0.10454167469786334
3000331  0.10454167469786334
3000332  0.10454167469786334
3000333  0.10454167469786334
3000334  0.10454167469786334
3000335  0.10454167469786334
3000336  0.10454167469786334
3000337  0.10454167469786334
3000338  0.10454167469786334
3000339  0.10454167469786334
3000340  0.10454167469786334
3000341  0.10454167469786334
3000342  0.10454167469786334
3000343  0.10454167469786334
3000344  0.10454167469786334
3000345  0.10454167469786334
3000346  0.10454167469786334
3000347  0.10454167469786334
3000348  0.10454167469786334
3000349  0.10454167469786334
3000350  0.10454167469786334
3000351  0.10454167469786334
3000352  0.10454167469786334
3000353  0.10454167469786334
3000354  0.10454167469786334
3000355  0.10454167469786334
3000356  0.10454167469786334
3000357  0.10454167469786334
3000370  0.10454167469786334
3000371  0.10454167469786334
3000372  0.10454167469786334
1900236  0.10101525445522107
1900237  0.10101525445522107
1900235  0.1
1900243  0.1
1900195  0.09901475429766744
1900196  0.09901475429766744
1900197  0.09901475429766744
1900198  0.09901475429766744
1900200  0.09901475429766744
1900201  0.09901475429766744
1900203  0.09901475429766744
1900204  0.09901475429766744
1900206  0.09901475429766744
1900207  0.09901475429766744
1900208  0.09901475429766744
1900209  0.09901475429766744
1900210  0.09901475429766744
1900212  0.09901475429766744
1900218  0.09901475429766744
1900219  0.09901475429766744
1900227  0.09901475429766744
1900229  0.09901475429766744
1900231  0.09901475429766744
1900180  0.09534625892455924
1900181  0.09534625892455924
1900182  0.09534625892455924
1900183  0.09534625892455924
1900184  0.09534625892455924
1900189  0.09534625892455924
2400097  0.08891084489487741
2400115  0.08891084489487741
2400128  0.08891084489487741
2400141  0.08891084489487741
2400160  0.08891084489487741
2400179  0.08891084489487741
2400198  0.08891084489487741
2400218  0.08891084489487741
2400237  0.08891084489487741
2400256  0.08891084489487741
2400277  0.08891084489487741
2400285  0.08891084489487741
2400288  0.08891084489487741
2403001  0.08574929257125441
2403006  0.08574929257125441
1000045  0.07761505257063328
1000048  0.07761505257063328
1000051  0.07761505257063328
1000054  0.07761505257063328
1000057  0.07761505257063328
1000060  0.07761505257063328
1000063  0.07761505257063328
1000066  0.07761505257063328
1000069  0.07761505257063328
1000072  0.07761505257063328
1000075  0.07761505257063328
1000078  0.07761505257063328
1000081  0.07761505257063328
1000084  0.07761505257063328
1000090  0.07761505257063328
1000120  0.07761505257063328
1000121  0.07761505257063328
1000122  0.07761505257063328
1000123  0.07761505257063328
1000126  0.07761505257063328
1000127  0.07761505257063328
1000128  0.07761505257063328
1000132  0.07761505257063328
1000133  0.07761505257063328
1000134  0.07761505257063328
1000135  0.07761505257063328
1000139  0.07761505257063328
1000145  0.07761505257063328
1000146  0.07761505257063328
1000149  0.07761505257063328
1000369  0.07761505257063328
1000370  0.07761505257063328
1000384  0.07761505257063328
1000385  0.07761505257063328
2500251  0.07761505257063328
2500254  0.07761505257063328
1900042  0.04867923835112355
1900045  0.04867923835112355
1900048  0.04867923835112355
1900051  0.04867923835112355
1900054  0.04867923835112355
1900057  0.04867923835112355
1900060  0.04867923835112355
1900063  0.04867923835112355
1900066  0.04867923835112355
1900069  0.04867923835112355
1900072  0.04867923835112355
1900075  0.04867923835112355
1900078  0.04867923835112355
1900081  0.04867923835112355
1900261  0.04867923835112355
1900262  0.04867923835112355
1900266  0.04867923835112355
1900276  0.04867923835112355
1900277  0.04867923835112355
1900278  0.04867923835112355
1900279  0.04867923835112355
1900283  0.04867923835112355
1900287  0.04867923835112355
1900288  0.04867923835112355
1900289  0.04867923835112355
2000253  0.04867923835112355
2000254  0.04867923835112355
2000255  0.04867923835112355
2000257  0.04867923835112355
2000262  0.04867923835112355
2000265  0.04867923835112355
2000266  0.04867923835112355
2000267  0.04867923835112355
2000268  0.04867923835112355
2000269  0.04867923835112355
2000272  0.04867923835112355
2000274  0.04867923835112355
2000276  0.04867923835112355
2000284  0.04867923835112355
2000306  0.04867923835112355
2000331  0.04867923835112355
2000334  0.04867923835112355
2000339  0.04867923835112355
2000340  0.04867923835112355
2000341  0.04867923835112355
2000342  0.04867923835112355
2000343  0.04867923835112355
2000351  0.04867923835112355
2000352  0.04867923835112355
2000353  0.04867923835112355
2000354  0.04867923835112355
2000357  0.04867923835112355
2000358  0.04867923835112355
2000361  0.04867923835112355
2402991  0.04867923835112355
2402992  0.04867923835112355
1000040  0.0
1000108  0.0
1000109  0.0
1000124  0.0
1000140  0.0
1000141  0.0
1000172  0.0
1000173  0.0
1000174  0.0
1000176  0.0
1000177  0.0
1000181  0.0
1000182  0.0
1000183  0.0
1000184  0.0
1000185  0.0
1000187  0.0
1000189  0.0
1000190  0.0
1000192  0.0
1000193  0.0
1000194  0.0
1000195  0.0
1000198  0.0
1000199  0.0
1000200  0.0
1000202  0.0
1000203  0.0
1000206  0.0
1000232  0.0
1000233  0.0
1000276  0.0
1000282  0.0
1000283  0.0
1000284  0.0
1000325  0.0
1000396  0.0
1000397  0.0
1000411  0.0
1000412  0.0
1000435  0.0
1000436  0.0
1000439  0.0
1000450  0.0
1000466  0.0
1000467  0.0
1000481  0.0
1000495  0.0
1000510  0.0
1000511  0.0
1000513  0.0
1000514  0.0
1000517  0.0
1000518  0.0
1000520  0.0
1000521  0.0
1000522  0.0
1000524  0.0
1000525  0.0
1000527  0.0
1000544  0.0
1000563  0.0
1000582  0.0
1000597  0.0
1000598  0.0
1000599  0.0
1000614  0.0
1000617  0.0
1000620  0.0
1000634  0.0
1000648  0.0
1000663  0.0
1000664  0.0
1000666  0.0
1000667  0.0
1000670  0.0
1000684  0.0
1000685  0.0
1000688  0.0
1000690  0.0
1000693  0.0
1000713  0.0
1000715  0.0
1000716  0.0
1000717  0.0
1000718  0.0
1000719  0.0
1000720  0.0
1000723  0.0
1000737  0.0
1000738  0.0
1000741  0.0
1000743  0.0
1000746  0.0
1000757  0.0
1000779  0.0
1000790  0.0
1000812  0.0
1000825  0.0
1000839  0.0
1000853  0.0
1000867  0.0
1000870  0.0
1000884  0.0
1000898  0.0
1000912  0.0
1000913  0.0
1000915  0.0
1000917  0.0
1000919  0.0
1000932  0.0
1000944  0.0
1000959  0.0
1000960  0.0
1000962  0.0
1000976  0.0
1000977  0.0
1000980  0.0
1000995  0.0
1000996  0.0
1000997  0.0
1001000  0.0
1001027  0.0
1001039  0.0
1001040  0.0
1001097  0.0
1001098  0.0
1001100  0.0
1001101  0.0
1001104  0.0
1001105  0.0
1001106  0.0
1001107  0.0
1001108  0.0
1001110  0.0
1001111  0.0
1001113  0.0
1001141  0.0
1100041  0.0
1100042  0.0
1100050  0.0
1100051  0.0
1200044  0.0
1200045  0.0
1200046  0.0
1200047  0.0
1300047  0.0
1300048  0.0
1400033  0.0
1400051  0.0
1400052  0.0
1400053  0.0
1500042  0.0
1500043  0.0
1800043  0.0
1800044  0.0
1800045  0.0
1800046  0.0
1800056  0.0
1800057  0.0
1800058  0.0
1800059  0.0
1900037  0.0
1900102  0.0
1900103  0.0
1900124  0.0
1900125  0.0
1900190  0.0
1900191  0.0
1900192  0.0
1900232  0.0
1900251  0.0
1900252  0.0
1900263  0.0
1900267  0.0
1900269  0.0
1900272  0.0
1900273  0.0
1900297  0.0
1900298  0.0
1900300  0.0
1900302  0.0
1900312  0.0
1900313  0.0
1900314  0.0
1900324  0.0
1900338  0.0
1900339  0.0
1900341  0.0
1900344  0.0
1900345  0.0
1900348  0.0
1900358  0.0
1900383  0.0
1900393  0.0
1900403  0.0
1900411  0.0
1900412  0.0
1900414  0.0
1900422  0.0
1900436  0.0
1900445  0.0
1900459  0.0
1900468  0.0
1900482  0.0
1900483  0.0
1900486  0.0
1900487  0.0
1900489  0.0
1900490  0.0
1900494  0.0
1900495  0.0
1900497  0.0
1900498  0.0
1900499  0.0
1900507  0.0
1900509  0.0
1900511  0.0
1900514  0.0
1900515  0.0
1900518  0.0
1900519  0.0
1900520  0.0
1900523  0.0
1900539  0.0
1900540  0.0
1900542  0.0
1900543  0.0
1900547  0.0
1900548  0.0
1900549  0.0
1900560  0.0
1900574  0.0
1900575  0.0
1900577  0.0
1900578  0.0
1900581  0.0
1900590  0.0
1900602  0.0
1900617  0.0
1900618  0.0
1900621  0.0
1900622  0.0
1900625  0.0
1900626  0.0
1900628  0.0
1900629  0.0
1900634  0.0
1900635  0.0
1900638  0.0
1900639  0.0
1900640  0.0
1900641  0.0
1900655  0.0
1900656  0.0
1900657  0.0
1900658  0.0
1900661  0.0
1900663  0.0
1900668  0.0
2000052  0.0
2000053  0.0
2000054  0.0
2000056  0.0
2000270  0.0
2000285  0.0
2000289  0.0
2000290  0.0
2000291  0.0
2000292  0.0
2000299  0.0
2000302  0.0
2000303  0.0
2000332  0.0
2000530  0.0
2000531  0.0
2000532  0.0
2000534  0.0
2000602  0.0
2000603  0.0
2000604  0.0
2000606  0.0
2000763  0.0
2000767  0.0
2000768  0.0
2000769  0.0
2000770  0.0
2000771  0.0
2000773  0.0
2000774  0.0
2000777  0.0
2000790  0.0
2000794  0.0
2000795  0.0
2000796  0.0
2000797  0.0
2000798  0.0
2000800  0.0
2000801  0.0
2000804  0.0
2100037  0.0
2100038  0.0
2200050  0.0
2200054  0.0
2200068  0.0
2200070  0.0
2200071  0.0
2200072  0.0
2303794  0.0
2303808  0.0
2303810  0.0
2400385  0.0
2400837  0.0
2400856  0.0
2400857  0.0
2400859  0.0
2400860  0.0
2400864  0.0
2400867  0.0
2400869  0.0
2400870  0.0
2400874  0.0
2400877  0.0
2400879  0.0
2400880  0.0
2400884  0.0
2400887  0.0
2400889  0.0
2400890  0.0
2400892  0.0
2400894  0.0
2400896  0.0
2400904  0.0
2400905  0.0
2400912  0.0
2400913  0.0
2400914  0.0
2400920  0.0
2400929  0.0
2400930  0.0
2400931  0.0
2400932  0.0
2400933  0.0
2400940  0.0
2400941  0.0
2400947  0.0
2400949  0.0
2400950  0.0
2400952  0.0
2400955  0.0
2400961  0.0
2401136  0.0
2401139  0.0
2401142  0.0
2401151  0.0
2401160  0.0
2401162  0.0
2401182  0.0
2401230  0.0
2401241  0.0
2401243  0.0
2401244  0.0
2401246  0.0
2401248  0.0
2401249  0.0
2401250  0.0
2401251  0.0
2401252  0.0
2401255  0.0
2401256  0.0
2401257  0.0
2401258  0.0
2401261  0.0
2401262  0.0
2401263  0.0
2401265  0.0
2401267  0.0
2401268  0.0
2401270  0.0
2401271  0.0
2401272  0.0
2401275  0.0
2401276  0.0
2401277  0.0
2401279  0.0
2401280  0.0
2401281  0.0
2401285  0.0
2401286  0.0
2401294  0.0
2401295  0.0
2401296  0.0
2401322  0.0
2401323  0.0
2401324  0.0
2401325  0.0
2401326  0.0
2401327  0.0
2401329  0.0
2401330  0.0
2401331  0.0
2401332  0.0
2401334  0.0
2401335  0.0
2401336  0.0
2401337  0.0
2401339  0.0
2401340  0.0
2401341  0.0
2401342  0.0
2401344  0.0
2401345  0.0
2401346  0.0
2401347  0.0
2401349  0.0
2401350  0.0
2401351  0.0
2401354  0.0
2401445  0.0
2401447  0.0
2401451  0.0
2401456  0.0
2401457  0.0
2401458  0.0
2401471  0.0
2401472  0.0
2401474  0.0
2401475  0.0
2401481  0.0
2401492  0.0
2401504  0.0
2401528  0.0
2401542  0.0
2401559  0.0
2401560  0.0
2401561  0.0
2401562  0.0
2401563  0.0
2401571  0.0
2401572  0.0
2401576  0.0
2401577  0.0
2401580  0.0
2401581  0.0
2401582  0.0
2401583  0.0
2401586  0.0
2401587  0.0
2401589  0.0
2401590  0.0
2401592  0.0
2401593  0.0
2401594  0.0
2401595  0.0
2401596  0.0
2401597  0.0
2401599  0.0
2401601  0.0
2401615  0.0
2401616  0.0
2401617  0.0
2401618  0.0
2401619  0.0
2401624  0.0
2401625  0.0
2401626  0.0
2401627  0.0
2401630  0.0
2401631  0.0
2401634  0.0
2401635  0.0
2401636  0.0
2401638  0.0
2401640  0.0
2401643  0.0
2401644  0.0
2401645  0.0
2401646  0.0
2401647  0.0
2401648  0.0
2401649  0.0
2401654  0.0
2401655  0.0
2401656  0.0
2401657  0.0
2401658  0.0
2401659  0.0
2401660  0.0
2401661  0.0
2401662  0.0
2401664  0.0
2401666  0.0
2401668  0.0
2403033  0.0
2403036  0.0
2403060  0.0
2403061  0.0
2403348  0.0
2403365  0.0
2403369  0.0
2403370  0.0
2403371  0.0
2403388  0.0
2403389  0.0
2403391  0.0
2403392  0.0
2403395  0.0
2403397  0.0
2403398  0.0
2403428  0.0
2403471  0.0
2403472  0.0
2403474  0.0
2403475  0.0
2403496  0.0
2403539  0.0
2403540  0.0
2403542  0.0
2403543  0.0
2403546  0.0
2403551  0.0
2403552  0.0
2403555  0.0
2403573  0.0
2403575  0.0
2403579  0.0
2403580  0.0
2403581  0.0
2403583  0.0
2403584  0.0
2403586  0.0
2403590  0.0
2403593  0.0
2403594  0.0
2403597  0.0
2403600  0.0
2403684  0.0
2403698  0.0
2500175  0.0
2500177  0.0
2500178  0.0
2500182  0.0
2500252  0.0
2500264  0.0
2500265  0.0
2500267  0.0
2703761  0.0
2703787  0.0
2703788  0.0
2703790  0.0
2903722  0.0
2903754  0.0
2903755  0.0
2903757  0.0
1000615  nan
1000618  nan
1000868  nan
1001015  nan
1001054  nan
1001055  nan
1001057  nan
1001070  nan
1001083  nan
1001128  nan
1001129  nan
1001130  nan
1001131  nan
1001132  nan
1001134  nan
1001136  nan
1200051  nan
1200057  nan
1200063  nan
1300037  nan
1300038  nan
1400059  nan
1600037  nan
1600038  nan
1700060  nan
1700061  nan
1700062  nan
1700063  nan
1800063  nan
1800069  nan
1800075  nan
1900185  nan
1900284  nan
1900285  nan
1900631  nan
1900659  nan
2000037  nan
2000038  nan
2000070  nan
2000102  nan
2000133  nan
2000160  nan
2000189  nan
2000207  nan
2000219  nan
2000259  nan
2000277  nan
2000278  nan
2000280  nan
2000282  nan
2000286  nan
2000293  nan
2000294  nan
2000297  nan
2000335  nan
2000394  nan
2000395  nan
2000396  nan
2000397  nan
2000398  nan
2000401  nan
2000408  nan
2000409  nan
2000411  nan
2000412  nan
2000415  nan
2000416  nan
2000418  nan
2000419  nan
2000420  nan
2000422  nan
2000423  nan
2000428  nan
2000434  nan
2000435  nan
2000438  nan
2000439  nan
2000441  nan
2000444  nan
2000447  nan
2000448  nan
2000474  nan
2000475  nan
2000477  nan
2000478  nan
2000479  nan
2000482  nan
2000508  nan
2000509  nan
2000511  nan
2000512  nan
2000513  nan
2000516  nan
2000549  nan
2000551  nan
2000553  nan
2000554  nan
2000556  nan
2000557  nan
2000559  nan
2000561  nan
2000563  nan
2000564  nan
2000566  nan
2000571  nan
2000573  nan
2000578  nan
2000579  nan
2000581  nan
2000585  nan
2000588  nan
2000621  nan
2000622  nan
2000623  nan
2000625  nan
2000629  nan
2000631  nan
2000643  nan
2000644  nan
2000647  nan
2000648  nan
2000649  nan
2000650  nan
2000651  nan
2000653  nan
2000654  nan
2000657  nan
2000669  nan
2000670  nan
2000673  nan
2000674  nan
2000675  nan
2000676  nan
2000677  nan
2000679  nan
2000680  nan
2000683  nan
2000695  nan
2000696  nan
2000699  nan
2000700  nan
2000701  nan
2000702  nan
2000703  nan
2000705  nan
2000706  nan
2000709  nan
2000721  nan
2000722  nan
2000725  nan
2000726  nan
2000727  nan
2000728  nan
2000729  nan
2000731  nan
2000732  nan
2000735  nan
2000747  nan
2000748  nan
2000751  nan
2000764  nan
2000791  nan
2000829  nan
2000846  nan
2000848  nan
2000852  nan
2000853  nan
2000855  nan
2000856  nan
2000858  nan
2000862  nan
2000869  nan
2000870  nan
2000872  nan
2000876  nan
2000886  nan
2100047  nan
2100048  nan
2200078  nan
2200085  nan
2400359  nan
2400371  nan
2400372  nan
2400374  nan
2400375  nan
2400376  nan
2400393  nan
2400394  nan
2400402  nan
2400403  nan
2400405  nan
2400406  nan
2400408  nan
2400410  nan
2400411  nan
2400413  nan
2400414  nan
2400416  nan
2400420  nan
2400421  nan
2400422  nan
2400424  nan
2400426  nan
2400427  nan
2400429  nan
2400430  nan
2400431  nan
2400434  nan
2400435  nan
2400436  nan
2400437  nan
2400440  nan
2400442  nan
2400445  nan
2400446  nan
2400447  nan
2400448  nan
2400449  nan
2400450  nan
2400452  nan
2400453  nan
2400454  nan
2400462  nan
2400463  nan
2400464  nan
2400472  nan
2400473  nan
2400475  nan
2400476  nan
2400478  nan
2400480  nan
2400481  nan
2400483  nan
2400484  nan
2400486  nan
2400490  nan
2400491  nan
2400494  nan
2400495  nan
2400496  nan
2400501  nan
2400502  nan
2400503  nan
2400505  nan
2400506  nan
2400508  nan
2400509  nan
2400510  nan
2400513  nan
2400514  nan
2400515  nan
2400516  nan
2400519  nan
2400521  nan
2400523  nan
2400524  nan
2400527  nan
2400528  nan
2400529  nan
2400530  nan
2400531  nan
2400532  nan
2400534  nan
2400535  nan
2400536  nan
2400538  nan
2400539  nan
2400541  nan
2400542  nan
2400545  nan
2400546  nan
2400547  nan
2400548  nan
2400549  nan
2400550  nan
2400551  nan
2400553  nan
2400554  nan
2400555  nan
2400557  nan
2400560  nan
2400561  nan
2400564  nan
2400565  nan
2400566  nan
2400567  nan
2400568  nan
2400569  nan
2400571  nan
2400572  nan
2400575  nan
2400576  nan
2400579  nan
2400587  nan
2400589  nan
2400590  nan
2400599  nan
2400600  nan
2400603  nan
2400604  nan
2400607  nan
2400608  nan
2400611  nan
2400612  nan
2400613  nan
2400617  nan
2400618  nan
2400620  nan
2400622  nan
2400623  nan
2400626  nan
2400627  nan
2400628  nan
2400629  nan
2400630  nan
2400633  nan
2400634  nan
2400635  nan
2400636  nan
2400637  nan
2400639  nan
2400640  nan
2400641  nan
2400644  nan
2400645  nan
2400646  nan
2400647  nan
2400650  nan
2400653  nan
2400655  nan
2400657  nan
2400658  nan
2400660  nan
2400662  nan
2400664  nan
2400665  nan
2400668  nan
2400669  nan
2400672  nan
2400673  nan
2400674  nan
2400675  nan
2400676  nan
2400678  nan
2400679  nan
2400680  nan
2400683  nan
2400684  nan
2400685  nan
2400686  nan
2400689  nan
2400692  nan
2400694  nan
2400696  nan
2400699  nan
2400700  nan
2400703  nan
2400711  nan
2400719  nan
2400720  nan
2400721  nan
2400722  nan
2400726  nan
2400727  nan
2400729  nan
2400730  nan
2400731  nan
2400732  nan
2400733  nan
2400734  nan
2400735  nan
2400737  nan
2400741  nan
2400749  nan
2400750  nan
2400751  nan
2400752  nan
2400756  nan
2400757  nan
2400759  nan
2400760  nan
2400761  nan
2400762  nan
2400763  nan
2400764  nan
2400765  nan
2400767  nan
2400771  nan
2400780  nan
2400789  nan
2400797  nan
2400805  nan
2400813  nan
2400861  nan
2400862  nan
2400871  nan
2400872  nan
2400881  nan
2400882  nan
2400897  nan
2400898  nan
2400899  nan
2400901  nan
2400957  nan
2400958  nan
2400969  nan
2400978  nan
2400979  nan
2400982  nan
2400985  nan
2400986  nan
2400987  nan
2400988  nan
2400990  nan
2400991  nan
2400992  nan
2400993  nan
2401000  nan
2401002  nan
2401003  nan
2401004  nan
2401008  nan
2401009  nan
2401010  nan
2401012  nan
2401013  nan
2401014  nan
2401016  nan
2401017  nan
2401018  nan
2401020  nan
2401025  nan
2401026  nan
2401027  nan
2401028  nan
2401029  nan
2401030  nan
2401032  nan
2401033  nan
2401034  nan
2401035  nan
2401037  nan
2401038  nan
2401039  nan
2401040  nan
2401043  nan
2401045  nan
2401046  nan
2401047  nan
2401049  nan
2401050  nan
2401051  nan
2401053  nan
2401054  nan
2401055  nan
2401059  nan
2401060  nan
2401061  nan
2401063  nan
2401065  nan
2401066  nan
2401068  nan
2401070  nan
2401071  nan
2401073  nan
2401075  nan
2401076  nan
2401078  nan
2401080  nan
2401081  nan
2401082  nan
2401083  nan
2401084  nan
2401085  nan
2401086  nan
2401088  nan
2401089  nan
2401090  nan
2401092  nan
2401103  nan
2401104  nan
2401107  nan
2401108  nan
2401111  nan
2401112  nan
2401113  nan
2401116  nan
2401126  nan
2401137  nan
2401143  nan
2401144  nan
2401147  nan
2401152  nan
2401153  nan
2401156  nan
2401164  nan
2401166  nan
2401167  nan
2401170  nan
2401174  nan
2401175  nan
2401176  nan
2401177  nan
2401187  nan
2401188  nan
2401189  nan
2401190  nan
2401191  nan
2401192  nan
2401193  nan
2401195  nan
2401196  nan
2401197  nan
2401199  nan
2401201  nan
2401202  nan
2401204  nan
2401205  nan
2401206  nan
2401209  nan
2401210  nan
2401211  nan
2401213  nan
2401214  nan
2401215  nan
2401219  nan
2401220  nan
2401222  nan
2401223  nan
2401224  nan
2401226  nan
2401299  nan
2401300  nan
2401301  nan
2401302  nan
2401303  nan
2401304  nan
2401305  nan
2401364  nan
2401365  nan
2401368  nan
2401369  nan
2401372  nan
2401374  nan
2401375  nan
2401377  nan
2401378  nan
2401379  nan
2401380  nan
2401385  nan
2401386  nan
2401387  nan
2401390  nan
2401391  nan
2401400  nan
2401402  nan
2401403  nan
2401404  nan
2401407  nan
2401408  nan
2401409  nan
2401411  nan
2401412  nan
2401414  nan
2401434  nan
2401448  nan
2401452  nan
2401460  nan
2401462  nan
2401463  nan
2401466  nan
2401467  nan
2401478  nan
2401482  nan
2401483  nan
2401485  nan
2401486  nan
2401488  nan
2401493  nan
2401494  nan
2401497  nan
2401498  nan
2401500  nan
2401505  nan
2401506  nan
2401509  nan
2401510  nan
2401511  nan
2401512  nan
2401515  nan
2401518  nan
2401519  nan
2401520  nan
2401521  nan
2401524  nan
2401530  nan
2401531  nan
2401534  nan
2401535  nan
2401537  nan
2401544  nan
2401545  nan
2401548  nan
2401550  nan
2401552  nan
2401564  nan
2401565  nan
2401566  nan
2401567  nan
2401573  nan
2401680  nan
2401682  nan
2401683  nan
2401684  nan
2401685  nan
2401688  nan
2401690  nan
2401700  nan
2401702  nan
2401703  nan
2401704  nan
2401705  nan
2401706  nan
2401708  nan
2401719  nan
2401720  nan
2401723  nan
2401724  nan
2401725  nan
2401726  nan
2401729  nan
2401730  nan
2401731  nan
2401732  nan
2401735  nan
2401736  nan
2401737  nan
2401738  nan
2401764  nan
2401765  nan
2401767  nan
2401768  nan
2401769  nan
2401770  nan
2401771  nan
2401773  nan
2401774  nan
2401775  nan
2401776  nan
2401777  nan
2401779  nan
2401794  nan
2401821  nan
2401822  nan
2401824  nan
2401825  nan
2401826  nan
2401827  nan
2401830  nan
2401832  nan
2401843  nan
2401844  nan
2401846  nan
2401847  nan
2401848  nan
2401850  nan
2401863  nan
2401864  nan
2401867  nan
2401868  nan
2401869  nan
2401870  nan
2401873  nan
2401874  nan
2401875  nan
2401876  nan
2401879  nan
2401880  nan
2401881  nan
2401882  nan
2401907  nan
2401908  nan
2401911  nan
2401912  nan
2401913  nan
2401914  nan
2401915  nan
2401917  nan
2401918  nan
2401919  nan
2401920  nan
2401921  nan
2401923  nan
2401924  nan
2401926  nan
2401927  nan
2401931  nan
2401933  nan
2401934  nan
2401935  nan
2401936  nan
2401937  nan
2401939  nan
2401940  nan
2401941  nan
2401942  nan
2401943  nan
2401945  nan
2401946  nan
2401948  nan
2401949  nan
2401951  nan
2401953  nan
2401954  nan
2401968  nan
2401971  nan
2401972  nan
2401973  nan
2401975  nan
2401976  nan
2401977  nan
2401980  nan
2401981  nan
2401982  nan
2401984  nan
2401987  nan
2401988  nan
2401989  nan
2401992  nan
2401995  nan
2402012  nan
2402013  nan
2402016  nan
2402017  nan
2402020  nan
2402021  nan
2402027  nan
2402028  nan
2402030  nan
2402031  nan
2402032  nan
2402033  nan
2402034  nan
2402036  nan
2402037  nan
2402038  nan
2402042  nan
2402043  nan
2402045  nan
2402046  nan
2402048  nan
2402049  nan
2402050  nan
2402051  nan
2402053  nan
2402054  nan
2402056  nan
2402057  nan
2402058  nan
2402061  nan
2402063  nan
2402066  nan
2402067  nan
2402069  nan
2402070  nan
2402072  nan
2402075  nan
2402077  nan
2402081  nan
2402082  nan
2402083  nan
2402084  nan
2402085  nan
2402088  nan
2402090  nan
2402091  nan
2402092  nan
2402093  nan
2402095  nan
2402097  nan
2402101  nan
2402102  nan
2402104  nan
2402105  nan
2402106  nan
2402108  nan
2402120  nan
2402123  nan
2402124  nan
2402125  nan
2402128  nan
2402129  nan
2402131  nan
2402132  nan
2402134  nan
2402135  nan
2402136  nan
2402137  nan
2402139  nan
2402140  nan
2402142  nan
2402143  nan
2402144  nan
2402147  nan
2402149  nan
2402152  nan
2402153  nan
2402155  nan
2402156  nan
2402158  nan
2402161  nan
2402163  nan
2402167  nan
2402168  nan
2402169  nan
2402170  nan
2402171  nan
2402174  nan
2402176  nan
2402177  nan
2402178  nan
2402179  nan
2402181  nan
2402183  nan
2402187  nan
2402188  nan
2402189  nan
2402190  nan
2402191  nan
2402192  nan
2402193  nan
2402196  nan
2402198  nan
2402199  nan
2402200  nan
2402201  nan
2402203  nan
2402205  nan
2402209  nan
2402210  nan
2402212  nan
2402213  nan
2402216  nan
2402217  nan
2402218  nan
2402219  nan
2402228  nan
2402229  nan
2402231  nan
2402234  nan
2402235  nan
2402236  nan
2402237  nan
2402241  nan
2402242  nan
2402243  nan
2402244  nan
2402246  nan
2402249  nan
2402250  nan
2402254  nan
2402258  nan
2402259  nan
2402260  nan
2402261  nan
2402262  nan
2402263  nan
2402264  nan
2402265  nan
2402266  nan
2402267  nan
2402270  nan
2402271  nan
2402274  nan
2402276  nan
2402278  nan
2402280  nan
2402282  nan
2402284  nan
2402295  nan
2402298  nan
2402299  nan
2402300  nan
2402303  nan
2402304  nan
2402308  nan
2402309  nan
2402313  nan
2402314  nan
2402315  nan
2402316  nan
2402317  nan
2402318  nan
2402319  nan
2402320  nan
2402321  nan
2402322  nan
2402328  nan
2402330  nan
2402332  nan
2402334  nan
2402336  nan
2402338  nan
2402349  nan
2402350  nan
2402353  nan
2402354  nan
2402355  nan
2402356  nan
2402360  nan
2402361  nan
2402362  nan
2402363  nan
2402365  nan
2402368  nan
2402369  nan
2402373  nan
2402374  nan
2402378  nan
2402379  nan
2402380  nan
2402381  nan
2402382  nan
2402383  nan
2402384  nan
2402385  nan
2402386  nan
2402387  nan
2402390  nan
2402392  nan
2402393  nan
2402395  nan
2402396  nan
2402397  nan
2402399  nan
2402400  nan
2402401  nan
2402402  nan
2402406  nan
2402407  nan
2402409  nan
2402412  nan
2402413  nan
2402416  nan
2402425  nan
2402435  nan
2402438  nan
2402439  nan
2402442  nan
2402444  nan
2402445  nan
2402446  nan
2402449  nan
2402450  nan
2402454  nan
2402455  nan
2402457  nan
2402458  nan
2402460  nan
2402461  nan
2402462  nan
2402464  nan
2402465  nan
2402466  nan
2402469  nan
2402470  nan
2402471  nan
2402472  nan
2402473  nan
2402476  nan
2402479  nan
2402481  nan
2402482  nan
2402483  nan
2402484  nan
2402485  nan
2402486  nan
2402487  nan
2402488  nan
2402489  nan
2402490  nan
2402492  nan
2402493  nan
2402495  nan
2402496  nan
2402497  nan
2402499  nan
2402500  nan
2402501  nan
2402504  nan
2402506  nan
2402507  nan
2402511  nan
2402512  nan
2402515  nan
2402526  nan
2402527  nan
2402528  nan
2402529  nan
2402530  nan
2402531  nan
2402532  nan
2402535  nan
2402537  nan
2402538  nan
2402539  nan
2402542  nan
2402545  nan
2402546  nan
2402547  nan
2402548  nan
2402549  nan
2402551  nan
2402553  nan
2402555  nan
2402556  nan
2402557  nan
2402559  nan
2402560  nan
2402561  nan
2402563  nan
2402567  nan
2402568  nan
2402571  nan
2402581  nan
2402582  nan
2402585  nan
2402586  nan
2402587  nan
2402588  nan
2402590  nan
2402591  nan
2402592  nan
2402594  nan
2402598  nan
2402599  nan
2402600  nan
2402602  nan
2402605  nan
2402611  nan
2402612  nan
2402613  nan
2402616  nan
2402617  nan
2402620  nan
2402623  nan
2402624  nan
2402625  nan
2402628  nan
2402629  nan
2402632  nan
2402635  nan
2402636  nan
2402637  nan
2402640  nan
2402641  nan
2402645  nan
2402647  nan
2402648  nan
2402651  nan
2402652  nan
2402658  nan
2402659  nan
2402660  nan
2402663  nan
2402664  nan
2402669  nan
2402670  nan
2402671  nan
2402674  nan
2402675  nan
2402678  nan
2402679  nan
2402681  nan
2402683  nan
2402684  nan
2402685  nan
2402687  nan
2402688  nan
2402692  nan
2402694  nan
2402702  nan
2402703  nan
2402706  nan
2402707  nan
2402710  nan
2402711  nan
2402714  nan
2402715  nan
2402718  nan
2402719  nan
2402725  nan
2402726  nan
2402727  nan
2402730  nan
2402731  nan
2402734  nan
2402735  nan
2402737  nan
2402738  nan
2402740  nan
2402741  nan
2402742  nan
2402746  nan
2402747  nan
2402748  nan
2402749  nan
2402752  nan
2402755  nan
2402758  nan
2402759  nan
2402760  nan
2402761  nan
2402763  nan
2402764  nan
2402766  nan
2402767  nan
2402768  nan
2402770  nan
2402778  nan
2402779  nan
2402782  nan
2402783  nan
2402786  nan
2402787  nan
2402790  nan
2402791  nan
2402794  nan
2402795  nan
2402801  nan
2402802  nan
2402803  nan
2402806  nan
2402807  nan
2402810  nan
2402811  nan
2402813  nan
2402814  nan
2402816  nan
2402817  nan
2402818  nan
2402821  nan
2402822  nan
2402823  nan
2402824  nan
2402827  nan
2402830  nan
2402831  nan
2402832  nan
2402835  nan
2402838  nan
2402839  nan
2402842  nan
2402843  nan
2402845  nan
2402846  nan
2402848  nan
2402849  nan
2402850  nan
2402852  nan
2402861  nan
2402862  nan
2402863  nan
2402865  nan
2402866  nan
2402867  nan
2402871  nan
2402872  nan
2402873  nan
2402874  nan
2402877  nan
2402879  nan
2402883  nan
2402886  nan
2402890  nan
2402893  nan
2402894  nan
2402895  nan
2402896  nan
2402897  nan
2402899  nan
2402904  nan
2402905  nan
2402906  nan
2402909  nan
2402910  nan
2402911  nan
2402913  nan
2402914  nan
2402915  nan
2402916  nan
2402917  nan
2402918  nan
2402920  nan
2402921  nan
2402923  nan
2402924  nan
2402925  nan
2402927  nan
2402930  nan
2402932  nan
2402933  nan
2402936  nan
2402946  nan
2402947  nan
2402951  nan
2402952  nan
2402954  nan
2402955  nan
2402957  nan
2402958  nan
2402959  nan
2402961  nan
2402971  nan
2402972  nan
2402976  nan
2402977  nan
2402979  nan
2402980  nan
2402982  nan
2403015  nan
2403034  nan
2403045  nan
2403046  nan
2403048  nan
2403065  nan
2403066  nan
2403068  nan
2403069  nan
2403071  nan
2403072  nan
2403076  nan
2403077  nan
2403078  nan
2403079  nan
2403082  nan
2403084  nan
2403086  nan
2403088  nan
2403089  nan
2403093  nan
2403096  nan
2403097  nan
2403098  nan
2403100  nan
2403102  nan
2403106  nan
2403110  nan
2403113  nan
2403114  nan
2403115  nan
2403117  nan
2403118  nan
2403120  nan
2403121  nan
2403123  nan
2403126  nan
2403127  nan
2403129  nan
2403144  nan
2403145  nan
2403149  nan
2403150  nan
2403152  nan
2403153  nan
2403155  nan
2403156  nan
2403160  nan
2403161  nan
2403162  nan
2403163  nan
2403166  nan
2403168  nan
2403170  nan
2403172  nan
2403173  nan
2403177  nan
2403180  nan
2403181  nan
2403182  nan
2403184  nan
2403186  nan
2403190  nan
2403194  nan
2403197  nan
2403198  nan
2403199  nan
2403201  nan
2403202  nan
2403204  nan
2403205  nan
2403207  nan
2403210  nan
2403211  nan
2403213  nan
2403253  nan
2403254  nan
2403255  nan
2403256  nan
2403257  nan
2403258  nan
2403259  nan
2403260  nan
2403265  nan
2403266  nan
2403267  nan
2403268  nan
2403270  nan
2403309  nan
2403310  nan
2403311  nan
2403312  nan
2403313  nan
2403314  nan
2403315  nan
2403316  nan
2403321  nan
2403322  nan
2403323  nan
2403324  nan
2403326  nan
2403339  nan
2403343  nan
2403366  nan
2403374  nan
2403376  nan
2403377  nan
2403380  nan
2403393  nan
2403402  nan
2403403  nan
2403411  nan
2403419  nan
2403437  nan
2403446  nan
2403447  nan
2403449  nan
2403450  nan
2403453  nan
2403454  nan
2403458  nan
2403459  nan
2403460  nan
2403462  nan
2403478  nan
2403479  nan
2403483  nan
2403484  nan
2403485  nan
2403487  nan
2403505  nan
2403514  nan
2403515  nan
2403517  nan
2403518  nan
2403521  nan
2403522  nan
2403526  nan
2403527  nan
2403528  nan
2403530  nan
2403547  nan
2403553  nan
2403574  nan
2403576  nan
2403628  nan
2403644  nan
2403645  nan
2403646  nan
2403647  nan
2403649  nan
2403665  nan
2403666  nan
2403667  nan
2403668  nan
2403670  nan
2403707  nan
2403708  nan
2403709  nan
2403710  nan
2403711  nan
2403712  nan
2403713  nan
2403714  nan
2403715  nan
2403716  nan
2403717  nan
2403718  nan
2403719  nan
2500047  nan
2500057  nan
2500068  nan
2500091  nan
2500113  nan
2500114  nan
2500129  nan
2500131  nan
2500132  nan
2500134  nan
2500136  nan
2500152  nan
2500154  nan
2500155  nan
2500157  nan
2500159  nan
2500180  nan
2500198  nan
2500200  nan
2500201  nan
2500203  nan
2500205  nan
2500217  nan
2500218  nan
2500220  nan
2500231  nan
2500232  nan
2500233  nan
2500234  nan
2500237  nan
2600040  nan
2600041  nan
2600053  nan
2600054  nan
2803825  nan
2803828  nan
2803834  nan
2803835  nan
2803836  nan
2803838  nan
2803839  nan
2803840  nan
2803841  nan
2803843  nan
2803844  nan
2803845  nan
2803846  nan
2803848  nan
2803849  nan
2803855  nan
2803856  nan
2803858  nan
2803859  nan
2803860  nan
2803861  nan
2803867  nan
2803873  nan
2803879  nan
3000376  nan
3000385  nan
3000387  nan
3000392  nan
