Chart-1	812.0	869.0	912.0	812.0	575.0	756.0	469.0	118.0	
Chart-2	533.0	240.2	202.1	395.0	254.0	228.8	202.6	202.6	
Chart-3	4.0	97.0	12.0	537.0	27.0	4.0	4.0	4.0	
Chart-4	5589.0	6055.666666666667	6568.333333333333	6516.666666666667	5967.333333333333	6012.0	7040.333333333333	9775.666666666666	
Chart-5	34.333333333333336	81.0	69.66666666666667	219.66666666666666	73.0	66.33333333333333	88.0	88.0	
Chart-6	20.0	20.0	20.0	20.0	3.0	15.0	15.0	67.0	
Chart-7	74.5	72.5	164.5	59.5	59.5	74.5	74.5	74.5	
Chart-8	1.0	9.0	2.0	67.0	32.0	1.0	1.0	1.0	
Chart-9	14.0	192.0	93.0	868.0	33.0	14.0	14.0	14.0	
Chart-11	6.0	6.0	5.0	6.0	6.0	5.0	5.0	6.0	
Chart-12	5.0	14.0	372.0	60.0	5.0	5.0	5.0	29.0	
Chart-15	5095.333333333333	3757.0	3744.3333333333335	5991.666666666667	3584.3333333333335	3584.3333333333335	2395.3333333333335	2395.3333333333335	
Chart-16	51.333333333333336	54.333333333333336	61.666666666666664	58.0	41.666666666666664	31.333333333333332	19.333333333333332	23.0	
Chart-17	2.0	63.0	31.0	545.0	2.0	2.0	2.0	2.0	
Chart-20	79.0	79.0	79.0	79.0	25.0	1.0	1.0	100.0	
Chart-21	39.75	85.0	41.75	287.25	58.25	39.75	39.75	39.75	
Chart-22	73.0	78.8	73.6	106.8	73.4	68.6	56.8	27.2	
Chart-25	3241.6	3307.1	3234.6	3241.6	3157.1	3241.6	3157.1	1671.6	
Chart-26	10727.5	4838.5	3638.0	2480.0	4359.5	4359.5	3301.0	3567.5	
Lang-1	4.0	34.0	18.0	373.0	22.0	4.0	4.0	4.0	
Lang-2	17.0	9.0	17.0	23.0	26.0	17.0	17.0	17.0	
Lang-3	90.25	91.0	86.0	91.25	90.25	72.0	71.0	57.0	
Lang-4	13.25	13.25	13.25	13.25	13.25	13.25	13.25	40.25	
Lang-5	18.5	25.5	23.5	43.0	27.0	22.5	22.5	22.5	
Lang-6	15.0	15.0	16.0	15.0	15.0	15.0	15.0	108.0	
Lang-7	446.2	451.8	107.0	581.2	460.8	450.0	179.4	179.4	
Lang-9	62.0	62.0	62.0	62.0	62.0	62.0	62.0	527.0	
Lang-10	138.33333333333334	138.33333333333334	138.33333333333334	138.33333333333334	138.33333333333334	138.33333333333334	138.33333333333334	455.1666666666667	
Lang-12	14.75	15.0	14.0	9.25	14.25	14.25	14.0	14.75	
Lang-14	5.0	5.0	4.0	5.0	5.0	4.0	4.0	5.0	
Lang-15	314.25	270.75	159.75	342.0	314.25	314.25	359.0	346.0	
Lang-16	27.0	22.0	34.0	443.0	45.0	27.0	27.0	27.0	
Lang-17	20.142857142857142	19.714285714285715	20.142857142857142	20.142857142857142	20.142857142857142	20.142857142857142	20.142857142857142	228.14285714285714	
Lang-18	166.0	165.5	166.0	166.0	171.5	166.0	166.0	120.0	
Lang-19	23.5	31.5	13.5	35.0	31.75	28.0	24.5	22.5	
Lang-20	35.5	36.0	20.5	1250.5	35.5	16.5	16.5	16.5	
Lang-22	14.0	22.0	14.0	132.0	35.0	26.0	26.0	34.0	
Lang-26	110.0	140.0	22.0	110.0	115.0	11.0	1.0	50.0	
Lang-27	129.0	148.5	51.0	488.0	147.0	129.0	129.0	129.0	
Lang-28	3.5	30.5	11.5	53.5	12.5	3.5	3.5	3.5	
Lang-30	140.11764705882354	115.82352941176471	82.23529411764706	544.0588235294117	105.88235294117646	104.94117647058823	86.58823529411765	85.58823529411765	
Lang-31	6.333333333333333	7.333333333333333	9.333333333333334	143.33333333333334	6.333333333333333	6.333333333333333	6.333333333333333	8.333333333333334	
Lang-32	27.0	27.0	27.0	27.0	25.5	27.0	27.0	52.0	
Lang-34	226.0	226.0	63.0	226.0	2.0	2.0	2.0	163.0	
Lang-36	118.33333333333333	116.66666666666667	164.0	325.0	118.33333333333333	106.33333333333333	103.0	99.0	
Lang-37	6.5	25.5	6.5	950.5	25.5	6.5	6.5	6.5	
Lang-39	27.0	26.0	35.0	1085.0	27.0	27.0	27.0	27.0	
Lang-40	2.0	4.0	10.0	1073.0	2.0	2.0	2.0	2.0	
Lang-41	47.6	46.6	33.6	108.2	46.0	33.2	33.2	20.4	
Lang-42	16.5	46.5	16.0	87.5	16.5	16.5	21.5	32.5	
Lang-44	3.0	3.0	3.0	166.0	3.0	3.0	3.0	3.0	
Lang-46	80.11111111111111	60.666666666666664	63.0	76.88888888888889	67.77777777777777	66.88888888888889	77.0	80.55555555555556	
Lang-47	37.0	37.0	52.0	964.0	37.0	7.0	7.0	7.0	
Lang-48	11.666666666666666	11.666666666666666	10.333333333333334	11.666666666666666	11.666666666666666	10.333333333333334	10.666666666666666	66.66666666666667	
Lang-50	155.6	151.4	60.8	215.8	138.6	36.6	32.4	26.0	
Lang-53	196.75	125.0	44.25	13.25	125.0	125.0	122.0	122.0	
Lang-54	4.0	15.0	3.0	74.0	11.0	4.0	4.0	4.0	
Lang-55	7.5	14.5	7.5	23.5	17.5	7.5	7.5	7.5	
Lang-59	6.0	12.0	6.0	880.0	6.0	6.0	6.0	6.0	
Lang-60	78.0	80.0	130.5	751.5	73.5	39.5	46.0	35.0	
Lang-61	46.0	49.0	24.0	548.0	33.0	8.0	54.0	54.0	
Lang-62	193.5	183.0	161.5	223.75	183.0	183.0	183.0	183.0	
Lang-63	37.94736842105263	49.89473684210526	40.473684210526315	221.8421052631579	43.73684210526316	37.94736842105263	37.94736842105263	37.94736842105263	
Lang-64	550.5	612.0	51.5	138.5	596.0	594.5	70.0	70.0	
Lang-65	44.25	47.75	52.75	73.25	46.75	45.25	45.0	51.0	
Math-1	360.5	438.0	745.5	1100.5	43.5	15.5	15.5	10.5	
Math-2	38.0	34.0	38.0	253.0	118.0	38.0	38.0	38.0	
Math-6	1769.1764705882354	1761.5294117647059	1754.9411764705883	1770.1764705882354	1669.9411764705883	1769.7058823529412	1774.9411764705883	1353.7058823529412	
Math-7	790.1111111111111	795.3333333333334	766.6666666666666	800.1111111111111	679.1111111111111	567.1111111111111	304.77777777777777	89.11111111111111	
Math-11	31.0	35.0	3.0	910.0	400.0	31.0	31.0	31.0	
Math-13	166.5	176.5	166.5	166.5	157.0	156.5	156.5	632.0	
Math-14	171.66666666666666	162.33333333333334	171.16666666666666	171.66666666666666	173.66666666666666	173.66666666666666	174.16666666666666	1042.8333333333333	
Math-15	15.5	60.0	161.5	15.5	13.5	86.0	86.0	91.5	
Math-16	116.77777777777777	116.77777777777777	230.88888888888889	116.77777777777777	104.11111111111111	164.55555555555554	170.55555555555554	192.0	
Math-17	594.0	593.0	4.0	943.0	594.0	635.0	645.0	97.0	
Math-21	54.36363636363637	127.36363636363636	78.36363636363636	75.36363636363636	92.36363636363636	54.36363636363637	55.27272727272727	59.36363636363637	
Math-23	105.0	172.83333333333334	89.0	119.83333333333333	166.33333333333334	109.0	113.16666666666667	139.66666666666666	
Math-24	1176.5	213.5	194.5	92.5	249.0	168.0	185.0	186.0	
Math-26	82.5	82.5	82.5	82.5	19.5	24.0	22.0	42.5	
Math-27	1.0	28.0	106.0	294.0	1.0	1.0	1.0	1.0	
Math-28	51.8	218.6	1137.6	427.6	314.6	51.8	51.8	51.8	
Math-29	200.6	202.4	145.4	2208.6	188.2	92.8	52.0	8.8	
Math-30	28.0	266.0	25.0	2469.0	266.0	28.0	28.0	28.0	
Math-31	1620.5862068965516	869.6206896551724	731.6896551724138	698.7931034482758	868.3793103448276	869.6206896551724	740.5862068965517	780.8965517241379	
Math-33	26.0	103.0	26.0	353.0	358.0	26.0	26.0	26.0	
Math-34	3.0	15.0	18.0	147.0	3.0	3.0	3.0	3.0	
Math-35	13.0	15.5	13.0	198.0	12.5	13.0	13.0	12.5	
Math-36	404.0	424.0	427.5	404.0	401.0	404.0	387.5	84.0	
Math-37	463.8	538.2	339.8	518.0	526.4	363.6	153.4	149.8	
Math-40	159.5	206.5	195.0	159.5	108.5	67.5	65.0	51.0	
Math-41	35.0	84.0	258.0	642.0	35.0	35.0	35.0	35.0	
Math-42	71.5	319.5	71.5	339.5	326.5	71.5	71.5	71.5	
Math-43	158.0	158.0	158.0	158.0	149.0	124.0	136.0	157.0	
Math-44	761.6666666666666	761.6666666666666	766.0	761.6666666666666	764.6666666666666	761.6666666666666	704.3333333333334	280.6666666666667	
Math-45	2.0	7.0	2.0	2.0	2.0	2.0	2.0	84.0	
Math-46	1059.5	198.5	432.5	757.5	191.0	191.0	190.0	190.5	
Math-47	538.4	538.6	538.6	539.8	538.6	538.4	538.4	408.6	
Math-48	355.0	680.0	3.0	580.0	705.0	355.0	355.0	355.0	
Math-49	1419.0	2120.0	1854.75	2543.75	2019.25	2018.75	1809.25	1809.25	
Math-50	2.3333333333333335	63.0	14.666666666666666	987.0	119.0	2.3333333333333335	2.3333333333333335	2.3333333333333335	
Math-52	1563.6666666666667	1872.3333333333333	362.6666666666667	1553.3333333333333	1852.3333333333333	1757.0	555.6666666666666	555.6666666666666	
Math-53	19.0	19.0	10.0	19.0	16.0	2.0	2.0	13.0	
Math-54	1090.0	1495.0	1406.5	1397.5	1263.5	1263.5	1397.5	1583.5	
Math-55	802.5	1001.5	239.5	677.5	998.0	990.5	387.5	387.5	
Math-57	371.0	371.0	371.0	371.0	2527.0	371.0	371.0	423.0	
Math-58	392.0	392.0	408.0	392.0	359.0	392.0	538.0	548.0	
Math-62	328.75	328.75	328.75	2064.75	2062.75	328.75	328.75	328.75	
Math-64	260.2142857142857	249.42857142857142	233.5	226.21428571428572	260.42857142857144	257.92857142857144	236.57142857142858	279.85714285714283	
Math-65	158.33333333333334	159.16666666666666	111.83333333333333	170.0	158.33333333333334	110.83333333333333	108.5	194.16666666666666	
Math-66	97.88235294117646	96.11764705882354	97.88235294117646	97.88235294117646	67.6470588235294	97.88235294117646	113.0	536.1764705882352	
Math-68	176.14285714285714	176.14285714285714	176.14285714285714	176.14285714285714	174.42857142857142	176.14285714285714	175.85714285714286	209.57142857142858	
Math-69	12.0	17.0	10.0	65.0	131.0	12.0	12.0	12.0	
Math-74	322.0	422.2	360.2	322.0	296.8	264.0	268.2	813.4	
Math-76	2438.714285714286	1131.2857142857142	453.5	459.7142857142857	1288.857142857143	1124.2142857142858	372.7142857142857	360.57142857142856	
Math-79	31.0	4.0	17.0	442.0	31.0	31.0	31.0	31.0	
Math-81	640.25	640.25	640.25	640.25	640.25	640.25	640.25	516.5	
Math-82	169.0	169.0	169.0	169.0	169.0	169.0	169.0	196.0	
Math-83	154.33333333333334	201.0	170.0	154.33333333333334	36.666666666666664	148.33333333333334	147.66666666666666	170.66666666666666	
Math-84	116.0	113.33333333333333	116.0	122.66666666666667	108.33333333333333	116.0	126.0	131.33333333333334	
Math-85	32.0	63.0	56.0	32.0	17.0	21.0	21.0	62.0	
Math-86	453.3333333333333	518.0	502.3333333333333	502.3333333333333	541.6666666666666	501.3333333333333	537.6666666666666	587.6666666666666	
Math-87	73.75	150.5	73.75	73.75	25.0	55.75	54.5	46.5	
Math-88	21.142857142857142	211.0	21.142857142857142	287.2857142857143	243.42857142857142	21.142857142857142	21.142857142857142	21.142857142857142	
Math-89	13.0	15.0	11.0	102.0	15.0	13.5	13.5	13.5	
Math-90	8.0	4.0	23.0	8.0	3.0	8.0	8.0	18.0	
Math-92	17.285714285714285	21.857142857142858	32.142857142857146	42.857142857142854	17.142857142857142	14.428571428571429	15.285714285714286	16.571428571428573	
Math-93	11.0	17.8	48.2	187.0	18.2	17.4	16.4	16.4	
Math-94	1.0	1.0	1.0	1.0	1.0	1.0	1.0	2.0	
Math-95	10.0	50.0	13.0	237.0	14.0	10.0	10.0	10.0	
Math-96	19.0	19.0	19.0	19.0	16.0	5.0	4.0	2.0	
Math-97	32.25	32.75	31.75	43.25	37.75	30.0	30.0	42.25	
Math-98	8.5	40.5	43.5	778.5	8.5	8.5	8.5	8.5	
Math-99	37.5	68.0	76.5	90.0	37.0	37.0	35.0	11.5	
Math-100	380.0	448.3333333333333	231.33333333333334	296.0	410.3333333333333	404.0	196.66666666666666	196.66666666666666	
Math-101	58.0	58.0	35.0	58.0	56.0	33.0	33.0	36.0	
Math-103	32.0	40.0	2.0	83.0	47.0	32.0	32.0	32.0	
Math-105	25.0	25.0	65.0	37.0	25.0	25.0	25.0	25.0	
Mockito-2	235.66666666666666	234.0	150.66666666666666	277.6666666666667	378.3333333333333	160.66666666666666	160.66666666666666	153.0	
Mockito-3	1045.0	1143.6	1182.0	1174.6	1039.8	676.6	630.2	640.4	
Mockito-5	3090.0	2914.0	925.0	1507.0	2914.0	2914.0	1350.0	1350.0	
Mockito-6	1763.35	1876.6	1823.65	2003.1	1803.1	1802.05	1566.5	763.4	
Mockito-9	1100.0	944.0	1381.5	676.0	768.0	994.5	932.5	932.5	
Mockito-10	492.8333333333333	510.3333333333333	547.1666666666666	492.8333333333333	317.5	72.83333333333333	84.33333333333333	161.0	
Mockito-11	123.5	141.0	305.5	746.0	133.0	133.0	403.0	403.0	
Mockito-12	202.0	202.0	202.0	202.0	90.0	156.0	156.0	140.5	
Mockito-13	461.6666666666667	462.6666666666667	461.6666666666667	461.6666666666667	312.6666666666667	424.0	293.3333333333333	291.3333333333333	
Mockito-14	335.2	338.4	335.4	335.2	185.8	319.4	186.2	356.8	
Mockito-16	430.6666666666667	426.3333333333333	420.6666666666667	424.5	414.3333333333333	416.6666666666667	416.6666666666667	861.1666666666666	
Mockito-17	247.8	251.0	246.6	247.8	243.8	245.0	250.2	514.8	
Mockito-18	324.0	323.0	324.0	324.0	133.0	322.0	314.0	119.0	
Mockito-20	1230.5	1238.5	1252.0	1238.5	1238.5	1238.5	1252.0	1559.5	
Mockito-21	184.2	53.6	12.6	275.6	48.8	48.0	47.6	47.6	
Mockito-22	259.0	259.0	259.0	259.0	1.0	246.0	230.0	38.0	
Mockito-23	784.6666666666666	784.6666666666666	784.6666666666666	784.6666666666666	781.8888888888889	781.7777777777778	780.6666666666666	461.8888888888889	
Mockito-24	1.0	525.0	691.0	2407.0	1.0	1.0	1.0	1.0	
Mockito-25	676.8333333333334	669.0	764.1666666666666	674.3333333333334	579.3333333333334	71.66666666666667	89.66666666666667	226.0	
Mockito-26	29.0	34.0	636.0	1238.0	435.0	113.0	126.0	221.0	
Mockito-27	228.5	484.5	453.5	995.5	225.5	12.5	12.5	12.5	
Mockito-28	383.0	378.0	432.0	383.0	356.0	421.0	421.0	477.0	
Mockito-29	80.0	79.0	8.0	80.0	80.0	6.0	6.0	7.0	
Mockito-32	391.0	431.0	1199.0	572.0	371.0	317.0	269.0	168.5	
Mockito-33	379.0	380.0	373.0	379.0	3.0	3.0	3.0	170.0	
Mockito-34	423.0	423.0	423.0	423.0	236.0	384.0	370.0	221.0	
Mockito-35	428.3333333333333	429.0	369.0	1099.0	410.3333333333333	24.0	14.0	6.333333333333333	
Mockito-36	775.5	1053.5	890.0	673.0	1058.0	958.5	896.0	930.5	
Mockito-37	569.0	567.5	567.5	569.0	531.0	567.5	577.0	209.5	
Mockito-38	432.0	464.0	150.0	432.0	251.0	13.0	12.0	12.0	
Time-1	1262.0	1264.4	1254.0	1528.2	944.0	916.2	373.8	57.6	
Time-2	1527.3333333333333	1533.3333333333333	1513.0	1590.3333333333333	1329.6666666666667	1244.6666666666667	774.0	121.0	
Time-3	2823.9	2509.9	2149.4	3446.4	2483.0	2013.1	1298.0	1218.8	
Time-4	1640.0	1664.0	367.0	1640.0	917.0	12.0	12.0	41.0	
Time-5	1081.5	551.8333333333334	684.5	1891.0	638.8333333333334	512.1666666666666	515.8333333333334	543.8333333333334	
Time-7	1874.0	1876.0	1305.0	1874.0	1594.0	21.0	19.0	41.0	
Time-8	753.6666666666666	759.6666666666666	568.6666666666666	1044.6666666666667	584.3333333333334	408.0	225.33333333333334	25.333333333333332	
Time-9	646.8	646.6	420.6	675.8	552.2	247.6	75.6	27.6	
Time-10	2014.0	2265.5	2752.5	2487.5	1904.0	1703.5	2329.5	2334.5	
Time-11	413.0	301.0	403.0	1803.0	1208.0	413.0	413.0	413.0	
Time-12	1535.1666666666667	1536.8333333333333	1176.5	2886.1666666666665	1238.1666666666667	26.333333333333332	12.5	6.5	
Time-14	2.0	1490.0	997.0	2.0	2.0	3.0	3.0	3.0	
Time-15	2.0	2.0	55.0	96.0	2.0	2.0	2.0	2.0	
Time-17	3.0	490.0	1208.0	3529.0	3.0	3.0	3.0	3.0	
Time-18	1707.5	2006.0	969.5	2119.5	1818.0	1723.0	1432.5	1432.5	
Time-19	1042.0	1042.0	1042.0	1042.0	268.0	5.0	5.0	382.0	
Time-21	336.2857142857143	568.8571428571429	621.5714285714286	2000.5714285714287	315.7142857142857	14.571428571428571	16.714285714285715	18.142857142857142	
Time-22	1028.5	1028.5	1035.5	1028.5	974.5	2.5	1.5	103.5	
Time-23	29.22222222222222	97.22222222222223	349.22222222222223	1148.2222222222222	123.22222222222223	29.22222222222222	29.22222222222222	29.22222222222222	
Time-27	78.0	82.66666666666667	80.0	78.0	47.0	47.0	47.0	397.0	
