Chart-1	212	212	212	212	212	212	212	212	
Chart-2	108	108	108	108	108	108	108	11	
Chart-3	97	97	97	97	97	97	97	97	
Chart-4	353	353	353	353	353	353	353	962	
Chart-5	28	28	28	28	28	28	28	28	
Chart-6	7	7	7	7	7	7	7	49	
Chart-7	73	72	76	76	73	73	73	73	
Chart-8	9	9	9	12	9	9	9	9	
Chart-9	192	192	192	192	192	192	192	192	
Chart-11	5	5	5	5	5	5	5	5	
Chart-12	35	14	35	155	100	35	35	35	
Chart-15	585	552	585	86	554	585	585	585	
Chart-16	1	14	1	1	1	1	1	4	
Chart-17	63	63	63	63	63	63	63	63	
Chart-20	1	1	1	1	1	1	1	1	
Chart-21	75	68	75	324	277	75	75	75	
Chart-22	57	61	58	57	60	57	54	13	
Chart-25	3133	3267	3133	3133	3267	3133	3133	163	
Chart-26	373	371	373	373	373	373	373	3124	
Lang-1	33	33	33	1566	1425	33	33	33	
Lang-2	11	9	11	16	14	11	11	11	
Lang-3	43	43	43	43	43	43	43	43	
Lang-4	3	2	3	42	40	3	3	3	
Lang-5	12	12	12	20	16	12	12	12	
Lang-6	17	16	17	63	37	17	17	17	
Lang-7	138	138	138	138	138	138	138	138	
Lang-9	51	38	51	51	51	51	51	162	
Lang-10	58	58	58	58	58	58	58	59	
Lang-12	4	4	3	4	4	4	4	7	
Lang-14	5	5	5	5	5	5	5	5	
Lang-15	12	183	9	12	12	12	191	217	
Lang-16	22	22	22	269	195	22	22	22	
Lang-17	33	33	33	33	33	33	33	33	
Lang-18	44	44	44	44	44	44	44	44	
Lang-19	15	14	15	15	15	15	15	17	
Lang-20	28	28	28	28	600	28	28	28	
Lang-22	22	22	29	22	22	22	38	45	
Lang-26	116	116	116	116	116	116	116	116	
Lang-27	146	146	146	146	146	146	146	146	
Lang-28	30	30	30	54	54	30	30	30	
Lang-30	25	25	25	25	25	4	3	3	
Lang-31	5	5	7	5	5	5	5	7	
Lang-32	3	3	3	3	3	3	3	3	
Lang-34	1	105	1	1	2	2	2	142	
Lang-36	37	37	37	37	37	37	37	41	
Lang-37	25	25	110	110	25	25	25	25	
Lang-39	27	26	27	652	650	27	27	27	
Lang-40	4	4	4	102	102	4	4	4	
Lang-41	38	38	38	38	44	38	38	38	
Lang-42	53	53	53	53	53	53	53	53	
Lang-44	3	3	3	114	3	3	3	3	
Lang-46	1	3	1	33	3	1	1	1	
Lang-47	35	35	35	51	35	35	7	4	
Lang-48	9	9	41	41	9	9	9	9	
Lang-50	141	141	141	141	194	141	141	21	
Lang-53	203	123	114	2	123	123	75	75	
Lang-54	16	15	16	23	15	16	16	16	
Lang-55	7	14	7	23	17	7	7	7	
Lang-59	12	12	12	12	12	12	12	12	
Lang-60	2	49	2	2	2	2	2	2	
Lang-61	49	49	49	49	49	49	49	56	
Lang-62	157	157	157	157	157	157	157	157	
Lang-63	25	25	25	25	25	25	25	25	
Lang-64	36	36	1181	37	36	36	36	36	
Lang-65	9	9	9	14	88	9	9	9	
Math-1	397	407	357	497	116	397	59	43	
Math-2	34	34	34	34	34	34	34	34	
Math-6	25	23	29	25	31	31	31	38	
Math-7	358	358	358	358	358	358	358	358	
Math-11	59	35	59	184	59	59	59	59	
Math-13	146	177	152	165	146	146	146	146	
Math-14	98	98	98	98	98	98	98	98	
Math-15	4	13	2	240	15	4	4	4	
Math-16	4	591	4	4	593	4	4	4	
Math-17	480	480	480	480	480	480	480	480	
Math-21	136	115	136	136	3520	136	136	141	
Math-23	52	243	51	32	244	52	52	52	
Math-24	101	101	101	101	101	101	101	101	
Math-26	42	42	42	42	42	42	42	42	
Math-27	28	28	28	169	169	28	28	28	
Math-28	209	209	209	209	209	209	209	209	
Math-29	198	198	198	198	8	198	8	4	
Math-30	28	266	25	2469	266	28	28	28	
Math-31	36	35	36	36	673	36	80	80	
Math-33	103	103	103	103	103	103	103	103	
Math-34	1	15	1	8	1	1	1	1	
Math-35	9	14	9	9	7	9	9	8	
Math-36	355	355	355	542	221	355	355	37	
Math-37	246	247	180	246	216	152	41	2	
Math-40	97	97	97	97	97	97	97	97	
Math-41	84	84	84	84	84	84	84	84	
Math-42	319	319	319	4042	4041	319	319	319	
Math-43	125	125	125	125	125	125	125	161	
Math-44	111	111	111	111	111	111	111	111	
Math-45	7	7	7	7	7	7	7	7	
Math-46	16	16	16	16	16	16	16	22	
Math-47	14	14	14	14	14	14	14	356	
Math-48	680	680	680	680	680	680	680	680	
Math-49	412	412	412	412	412	412	412	412	
Math-50	62	62	62	62	62	62	62	62	
Math-52	369	368	369	26	2574	369	369	369	
Math-53	13	13	13	13	13	13	13	13	
Math-54	500	500	500	500	500	500	500	500	
Math-55	1	23	4	7	1	1	1	1	
Math-57	332	332	332	2511	2510	332	332	332	
Math-58	186	56	45	545	530	186	186	186	
Math-62	325	325	325	2061	2059	325	325	325	
Math-64	31	31	32	32	31	31	31	31	
Math-65	235	235	235	235	235	235	235	235	
Math-66	7	6	7	7	7	7	7	260	
Math-68	32	12	22	2	12	32	32	32	
Math-69	15	17	15	15	17	15	15	15	
Math-74	970	970	970	971	970	970	970	970	
Math-76	71	91	71	69	388	71	71	104	
Math-79	3	3	3	3	3	3	3	3	
Math-81	144	144	144	144	144	144	144	144	
Math-82	207	207	207	207	207	207	207	207	
Math-83	197	196	197	1863	1863	197	197	197	
Math-84	28	78	28	28	78	28	39	53	
Math-85	110	110	110	110	110	110	110	110	
Math-86	4	75	4	63	74	21	57	61	
Math-87	23	137	23	7	137	23	23	23	
Math-88	2	208	2	221	208	2	2	2	
Math-89	1	4	1	81	4	1	1	1	
Math-90	3	4	3	78	6	3	3	3	
Math-92	14	14	14	2	28	14	14	14	
Math-93	3	2	3	4	59	3	3	3	
Math-94	2	1	2	1	1	2	2	2	
Math-95	49	49	49	164	49	49	49	49	
Math-96	14	14	14	14	14	14	14	14	
Math-97	9	9	9	9	9	9	9	9	
Math-98	27	27	27	27	314	27	27	27	
Math-99	27	24	1	99	27	27	4	4	
Math-100	142	142	142	142	142	142	142	142	
Math-101	36	36	36	36	36	36	36	36	
Math-103	40	40	40	40	40	40	40	40	
Math-105	25	25	25	48	25	25	25	25	
Mockito-2	3	1	3	3	3	3	20	66	
Mockito-3	460	460	460	460	466	466	498	671	
Mockito-5	2914	2914	2914	2914	2914	2914	2914	2914	
Mockito-6	859	861	856	859	846	859	859	5	
Mockito-9	433	433	433	433	433	433	433	458	
Mockito-10	402	402	402	402	402	402	402	402	
Mockito-11	1	17	1	1	264	1	1	1	
Mockito-12	5	5	5	5	2	2	2	8	
Mockito-13	507	507	507	507	507	507	507	507	
Mockito-14	489	489	489	489	489	489	489	489	
Mockito-16	327	327	327	327	327	327	327	327	
Mockito-17	19	19	19	45	45	19	19	19	
Mockito-18	247	247	247	720	706	247	247	247	
Mockito-20	126	124	126	126	128	131	131	283	
Mockito-21	1	8	1	1	1	1	1	1	
Mockito-22	3	2	3	5	5	3	3	3	
Mockito-23	555	555	555	555	555	555	555	555	
Mockito-24	525	525	525	525	2747	525	525	574	
Mockito-25	446	417	446	446	446	446	446	511	
Mockito-26	226	34	226	226	38	229	230	290	
Mockito-27	466	484	469	468	265	466	408	250	
Mockito-28	420	420	420	420	420	420	420	420	
Mockito-29	929	1007	929	669	624	1007	1052	1052	
Mockito-32	347	347	347	347	347	347	347	347	
Mockito-33	339	339	339	339	339	339	339	404	
Mockito-34	281	281	281	281	281	281	281	432	
Mockito-35	426	426	426	426	426	426	426	418	
Mockito-36	219	219	485	259	219	466	481	485	
Mockito-37	31	31	234	31	31	49	49	232	
Mockito-38	1370	811	1370	241	811	811	587	587	
Time-1	134	134	134	134	134	134	134	134	
Time-2	282	279	282	332	282	282	282	282	
Time-3	1	775	1	1	1	1	1	1	
Time-4	675	675	675	675	675	675	675	675	
Time-5	8	63	8	8	8	8	8	153	
Time-7	383	383	383	383	383	383	383	388	
Time-8	6	69	4	5	70	6	6	6	
Time-9	4	67	3	534	63	4	4	4	
Time-10	59	411	59	59	59	59	59	94	
Time-11	653	300	1389	1052	309	653	653	653	
Time-12	1533	1533	1533	1533	1533	1533	1533	3	
Time-14	1490	1490	1490	1490	1490	1490	1490	1634	
Time-15	2	2	2	2	2	2	2	2	
Time-17	488	488	488	488	488	488	488	488	
Time-18	569	569	569	569	569	569	569	569	
Time-19	93	93	93	93	93	93	93	93	
Time-21	541	541	541	541	1933	541	543	559	
Time-22	248	248	248	248	248	248	248	248	
Time-23	83	83	83	215	190	83	83	83	
Time-27	1220	1220	1220	1220	1220	1220	1220	1220	
