Chart-1	1.0	0.08665105386416862	0.15948275862068964	
Chart-2	0.9375	0.04335260115606936	0.08287292817679559	
Chart-3	1.0	0.041666666666666664	0.07999999999999999	
Chart-4	1.0	0.1488833746898263	0.25917926565874727	
Chart-5	1.0	0.024	0.046875	
Chart-6	1.0	0.46331236897274636	0.6332378223495703	
Chart-7	0.75	0.8181818181818182	0.7826086956521738	
Chart-8	0.0	0.0	0	
Chart-9	1.0	0.03225806451612903	0.0625	
Chart-11	1.0	0.057034220532319393	0.10791366906474821	
Chart-12	0.6666666666666666	0.010101010101010102	0.019900497512437814	
Chart-15	0.0	0.0	0	
Chart-16	0.0	0.0	0	
Chart-17	1.0	0.041666666666666664	0.07999999999999999	
Chart-20	1.0	0.31864406779661014	0.4832904884318766	
Chart-21	0.0	0.0	0	
Chart-22	0.3333333333333333	0.03571428571428571	0.06451612903225806	
Chart-25	0.0	0.0	0	
Chart-26	0.3333333333333333	0.001941747572815534	0.003861003861003861	
Lang-1	0.6666666666666666	0.023255813953488372	0.0449438202247191	
Lang-2	0.8	0.3333333333333333	0.47058823529411764	
Lang-3	1.0	0.046511627906976744	0.08888888888888888	
Lang-4	0.9666666666666667	1.0	0.983050847457627	
Lang-5	0.75	0.2727272727272727	0.39999999999999997	
Lang-6	0.9666666666666667	0.2265625	0.36708860759493667	
Lang-7	1.0	0.037037037037037035	0.07142857142857142	
Lang-9	0.990990990990991	0.9821428571428571	0.9865470852017937	
Lang-10	1.0	0.963963963963964	0.9816513761467891	
Lang-12	0.5	1.0	0.6666666666666666	
Lang-14	0.875	0.04516129032258064	0.08588957055214723	
Lang-15	0.0	0.0	0	
Lang-16	0.5	0.0125	0.02439024390243903	
Lang-17	1.0	0.9428571428571428	0.9705882352941176	
Lang-18	1.0	0.9787234042553191	0.989247311827957	
Lang-19	0.8888888888888888	0.4	0.5517241379310346	
Lang-20	1.0	0.017167381974248927	0.03375527426160338	
Lang-22	0.625	0.25	0.35714285714285715	
Lang-26	1.0	0.6521739130434783	0.7894736842105263	
Lang-27	1.0	0.017857142857142856	0.03508771929824561	
Lang-28	0.5	0.05555555555555555	0.09999999999999999	
Lang-30	0.2631578947368421	0.012853470437017995	0.024509803921568627	
Lang-31	0.0	0.0	0	
Lang-32	1.0	1.0	1.0	
Lang-34	0.9404761904761905	0.6638655462184874	0.7783251231527093	
Lang-36	1.0	0.015873015873015872	0.03125	
Lang-37	0.0	0.0	0	
Lang-39	0.0	0.0	0	
Lang-40	0.0	0.0	0	
Lang-41	1.0	0.4473684210526316	0.6181818181818182	
Lang-42	1.0	0.09433962264150944	0.1724137931034483	
Lang-44	0.0	0.0	0	
Lang-46	0.0	0.0	0	
Lang-47	1.0	0.024875621890547265	0.04854368932038835	
Lang-48	1.0	0.559322033898305	0.717391304347826	
Lang-50	1.0	0.05263157894736842	0.1	
Lang-53	0.0	0.0	0	
Lang-54	0.0	0.0	0	
Lang-55	0	0	0	
Lang-59	1.0	0.011049723756906077	0.02185792349726776	
Lang-60	1.0	0.0546448087431694	0.10362694300518134	
Lang-61	0.8571428571428571	0.03314917127071823	0.06382978723404255	
Lang-62	1.0	0.07317073170731707	0.13636363636363635	
Lang-63	1.0	0.18181818181818182	0.3076923076923077	
Lang-64	0.0	0.0	0	
Lang-65	0.75	0.15789473684210525	0.2608695652173913	
Math-1	0.5	0.0033222591362126247	0.006600660066006601	
Math-2	1.0	0.4	0.5714285714285715	
Math-6	0.9346733668341709	0.9946524064171123	0.9637305699481865	
Math-7	1.0	0.10179640718562874	0.18478260869565216	
Math-11	0.0	0.0	0	
Math-13	1.0	0.9880952380952381	0.9940119760479043	
Math-14	1.0	0.945054945054945	0.9717514124293786	
Math-15	0.9863013698630136	0.025815704553603443	0.050314465408805034	
Math-16	0.9285714285714286	0.00933572710951526	0.01848560255954497	
Math-17	1.0	0.325	0.4905660377358491	
Math-21	0.0	0.0	0	
Math-23	0.8666666666666667	0.9285714285714286	0.896551724137931	
Math-24	1.0	0.9333333333333333	0.9655172413793104	
Math-26	1.0	0.2644230769230769	0.41825095057034223	
Math-27	0.0	0.0	0	
Math-28	1.0	0.36	0.5294117647058824	
Math-29	1.0	0.014084507042253521	0.02777777777777778	
Math-30	0	0	0	
Math-31	0.9811320754716981	0.33876221498371334	0.5036319612590799	
Math-33	1.0	0.6296296296296297	0.7727272727272727	
Math-34	1.0	0.045454545454545456	0.08695652173913045	
Math-35	0.375	1.0	0.5454545454545454	
Math-36	0.9487179487179487	0.44047619047619047	0.6016260162601625	
Math-37	0.75	0.010869565217391304	0.021428571428571425	
Math-40	1.0	0.19318181818181818	0.3238095238095238	
Math-41	1.0	0.00909090909090909	0.018018018018018018	
Math-42	0.9444444444444444	0.68	0.7906976744186047	
Math-43	1.0	0.6111111111111112	0.7586206896551725	
Math-44	1.0	0.84472049689441	0.9158249158249159	
Math-45	1.0	0.06944444444444445	0.12987012987012989	
Math-46	1.0	0.010638297872340425	0.021052631578947368	
Math-47	1.0	0.9787234042553191	0.989247311827957	
Math-48	1.0	0.17142857142857143	0.2926829268292683	
Math-49	1.0	0.029411764705882353	0.05714285714285715	
Math-50	1.0	0.17142857142857143	0.2926829268292683	
Math-52	0.0	0.0	0	
Math-53	1.0	0.1144578313253012	0.2054054054054054	
Math-54	1.0	0.3064516129032258	0.46913580246913583	
Math-55	1.0	0.03614457831325301	0.06976744186046512	
Math-57	0.5	0.5	0.5	
Math-58	0.6	1.0	0.7499999999999999	
Math-62	0	0	0	
Math-64	0.8367346938775511	0.9318181818181818	0.8817204301075268	
Math-65	1.0	0.581081081081081	0.735042735042735	
Math-66	0.8333333333333334	1.0	0.9090909090909091	
Math-68	0.7317073170731707	0.967741935483871	0.8333333333333334	
Math-69	0.6	0.3	0.4	
Math-74	0.9574468085106383	0.8490566037735849	0.9	
Math-76	0.3	0.42857142857142855	0.3529411764705882	
Math-79	1.0	0.007352941176470588	0.014598540145985401	
Math-81	1.0	1.0	1.0	
Math-82	1.0	1.0	1.0	
Math-83	0.9333333333333333	0.9333333333333333	0.9333333333333333	
Math-84	0	0	0	
Math-85	1.0	0.17582417582417584	0.2990654205607477	
Math-86	0.1111111111111111	1.0	0.19999999999999998	
Math-87	0.9285714285714286	1.0	0.962962962962963	
Math-88	0.75	0.5	0.6	
Math-89	0.0	0.0	0	
Math-90	0.4	1.0	0.5714285714285715	
Math-92	0.8888888888888888	0.03980099502487562	0.07619047619047618	
Math-93	0.5	0.005	0.009900990099009901	
Math-94	0.9555555555555556	0.21608040201005024	0.3524590163934426	
Math-95	0.0	0.0	0	
Math-96	1.0	0.19594594594594594	0.327683615819209	
Math-97	1.0	0.5344827586206896	0.6966292134831461	
Math-98	1.0	0.036036036036036036	0.06956521739130435	
Math-99	0.9821428571428571	0.19298245614035087	0.3225806451612903	
Math-100	1.0	0.06382978723404255	0.12	
Math-101	1.0	0.3235294117647059	0.48888888888888893	
Math-103	1.0	0.3684210526315789	0.5384615384615384	
Math-105	0.75	1.0	0.8571428571428571	
Mockito-2	0.8333333333333334	0.4166666666666667	0.5555555555555556	
Mockito-3	0.8076923076923077	0.022082018927444796	0.042988741044012284	
Mockito-5	1.0	0.041666666666666664	0.07999999999999999	
Mockito-6	0.9473684210526315	0.08387698042870456	0.1541095890410959	
Mockito-9	1.0	0.04087193460490463	0.07853403141361257	
Mockito-10	1.0	0.024208566108007448	0.04727272727272727	
Mockito-11	0.0	0.0	0	
Mockito-12	0.6666666666666666	0.4	0.5	
Mockito-13	1.0	0.37583892617449666	0.5463414634146342	
Mockito-14	1.0	0.39808481532147744	0.5694716242661448	
Mockito-16	1.0	0.9662576687116564	0.9828393135725428	
Mockito-17	0.9984051036682615	0.9571865443425076	0.9773614363778297	
Mockito-18	0.9978991596638656	0.42831379621280435	0.5993690851735016	
Mockito-20	0.9893924783027965	0.7990654205607477	0.8841016803102112	
Mockito-21	1.0	0.06666666666666667	0.125	
Mockito-22	0.9962264150943396	0.4672566371681416	0.6361445783132531	
Mockito-23	1.0	0.9635666347075743	0.9814453125000001	
Mockito-24	0.5	0.0019065776930409914	0.0037986704653371318	
Mockito-25	0.8823529411764706	0.01466275659824047	0.028846153846153848	
Mockito-26	0.9856115107913669	0.7144719687092569	0.8284202569916855	
Mockito-27	1.0	0.02054154995331466	0.04025617566331199	
Mockito-28	1.0	0.9629629629629629	0.9811320754716981	
Mockito-29	1.0	0.07142857142857142	0.13333333333333333	
Mockito-32	1.0	0.014675052410901468	0.028925619834710748	
Mockito-33	0.9976635514018691	0.6215429403202329	0.7659192825112108	
Mockito-34	1.0	0.3842364532019704	0.5551601423487544	
Mockito-35	1.0	0.03343949044585987	0.06471494607087827	
Mockito-36	0.9642857142857143	0.03409090909090909	0.06585365853658537	
Mockito-37	0.9698795180722891	0.543918918918919	0.696969696969697	
Mockito-38	0.9642857142857143	0.2727272727272727	0.4251968503937008	
Time-1	1.0	0.035487959442332066	0.06854345165238677	
Time-2	0.9856115107913669	0.034745117930509765	0.06712395884370406	
Time-3	0.6923076923076923	0.013910355486862442	0.027272727272727268	
Time-4	1.0	0.031209362808842653	0.06052963430012611	
Time-5	0.7272727272727273	0.004253056884635832	0.008456659619450317	
Time-7	1.0	0.008515364679748241	0.016886930983847283	
Time-8	0.9836065573770492	0.015463917525773196	0.030449124587668106	
Time-9	0.971830985915493	0.017788089713843776	0.034936708860759495	
Time-10	1.0	0.02717391304347826	0.05291005291005291	
Time-11	0.0	0.0	0	
Time-12	0.875	0.008413461538461538	0.016666666666666666	
Time-14	1.0	0.0034138655462184874	0.006804501439413765	
Time-15	1.0	0.004405286343612335	0.008771929824561405	
Time-17	1.0	0.0005264543300868649	0.0010523546435148644	
Time-18	1.0	0.007246376811594203	0.014388489208633093	
Time-19	1.0	0.1894959092108736	0.3186154870201908	
Time-21	0.9090909090909091	0.005292405398253507	0.010523546435148646	
Time-22	1.0	0.026490066225165563	0.05161290322580646	
Time-23	0.8571428571428571	0.0016806722689075631	0.0033547665641599105	
Time-27	1.0	0.40298507462686567	0.5744680851063829	
