Chart-1	35	212	238	2463	47	35	35	35	
Chart-2	137	108	67	278	134	92	92	92	
Chart-3	4	97	12	537	27	4	4	4	
Chart-4	19	353	201	19	52	169	175	678	
Chart-5	6	28	5	204	16	6	6	6	
Chart-6	7	7	3	105	20	48	48	95	
Chart-7	59	72	59	59	59	59	59	59	
Chart-8	1	9	2	67	32	1	1	1	
Chart-9	14	192	93	868	33	14	14	14	
Chart-11	5	5	5	42	6	5	5	5	
Chart-12	8	14	208	2506	8	8	8	8	
Chart-15	34	552	887	5457	34	34	34	34	
Chart-16	1	14	1	1	1	1	1	2	
Chart-17	2	63	31	545	2	2	2	2	
Chart-20	5	1	25	147	5	5	5	5	
Chart-21	9	68	13	100	16	9	9	9	
Chart-22	57	61	55	56	55	47	8	11	
Chart-25	3133	3267	3116	3133	2964	3133	2964	163	
Chart-26	134	371	1445	134	134	134	134	667	
Lang-1	3	33	17	372	21	3	3	3	
Lang-2	13	9	13	15	22	13	13	13	
Lang-3	12	43	34	41	30	12	12	12	
Lang-4	5	2	5	12	5	5	5	5	
Lang-5	6	12	6	37	15	6	6	6	
Lang-6	99	16	32	41	99	99	99	99	
Lang-7	121	138	15	129	121	121	121	121	
Lang-9	54	38	54	54	232	54	54	69	
Lang-10	101	58	101	101	241	101	102	218	
Lang-12	3	4	3	3	3	3	3	4	
Lang-14	4	5	4	49	5	4	4	4	
Lang-15	12	183	9	12	12	12	143	216	
Lang-16	27	22	34	443	45	27	27	27	
Lang-17	116	33	116	26	1120	116	116	116	
Lang-18	4	44	4	6	4	4	4	4	
Lang-19	6	14	6	29	17	6	6	8	
Lang-20	27	28	8	1228	27	8	8	8	
Lang-22	14	22	14	132	35	26	26	34	
Lang-26	116	116	116	402	382	116	116	116	
Lang-27	127	146	49	486	145	127	127	127	
Lang-28	3	30	11	53	12	3	3	3	
Lang-30	25	25	25	6	6	3	3	5	
Lang-31	4	5	7	141	4	4	4	6	
Lang-32	3	3	3	3	3	3	3	3	
Lang-34	1	105	1	1	45	46	47	110	
Lang-36	42	37	23	60	42	42	42	93	
Lang-37	6	25	6	950	25	6	6	6	
Lang-39	27	26	35	1085	27	27	27	27	
Lang-40	2	4	10	1073	2	2	2	2	
Lang-41	38	38	5	35	38	6	6	6	
Lang-42	13	53	44	297	13	13	13	13	
Lang-44	3	3	3	166	3	3	3	3	
Lang-46	1	3	1	74	3	1	1	1	
Lang-47	35	35	5	962	35	5	5	5	
Lang-48	2	9	2	1	9	2	2	2	
Lang-50	134	141	42	135	115	15	8	2	
Lang-53	191	123	40	9	123	123	120	120	
Lang-54	4	15	3	74	11	4	4	4	
Lang-55	14	14	14	22	17	14	14	14	
Lang-59	6	12	6	880	6	6	6	6	
Lang-60	2	49	180	317	2	2	2	2	
Lang-61	8	49	16	555	8	8	21	21	
Lang-62	161	157	121	175	157	157	157	157	
Lang-63	1	25	20	111	1	1	1	1	
Lang-64	1	36	4	138	4	1	1	1	
Lang-65	7	9	2	123	9	7	7	7	
Math-1	357	407	742	1083	40	12	12	7	
Math-2	38	34	9	274	103	38	38	38	
Math-6	45	23	67	45	312	69	299	134	
Math-7	37	358	363	1037	81	37	37	37	
Math-11	31	35	3	910	400	31	31	31	
Math-13	195	177	195	304	6277	195	195	195	
Math-14	127	98	127	118	2093	127	127	127	
Math-15	2	13	1162	13	2	2	2	2	
Math-16	2	591	993	1	2	2	2	1	
Math-17	82	480	26	718	672	82	82	82	
Math-21	42	115	66	63	80	42	42	47	
Math-23	50	243	50	65	50	50	50	50	
Math-24	145	101	145	159	135	145	145	145	
Math-26	37	42	14	504	100	37	37	37	
Math-27	1	28	106	294	1	1	1	1	
Math-28	13	209	1	298	267	13	13	13	
Math-29	197	198	125	161	159	6	6	6	
Math-30	28	266	25	2469	266	28	28	28	
Math-31	29	35	1	451	262	95	119	194	
Math-33	142	103	13	361	218	142	142	142	
Math-34	3	15	18	147	3	3	3	3	
Math-35	9	14	9	9	8	9	9	8	
Math-36	355	355	1	344	355	1	1	1	
Math-37	247	247	238	452	230	12	5	3	
Math-40	34	97	23	413	65	34	34	34	
Math-41	35	84	258	642	35	35	35	35	
Math-42	319	319	319	4044	4041	319	319	319	
Math-43	112	125	110	112	160	112	112	144	
Math-44	38	111	300	149	118	38	38	38	
Math-45	2	7	2	484	2	2	2	2	
Math-46	1	16	7	655	1	1	1	2	
Math-47	3	14	8	3	3	3	3	18	
Math-48	355	680	3	580	705	355	355	355	
Math-49	7	412	131	1428	9	7	7	7	
Math-50	1	62	3	896	1	1	1	1	
Math-52	22	368	27	892	308	22	22	22	
Math-53	2	13	5	51	13	2	2	2	
Math-54	8	500	14	1131	599	8	8	8	
Math-55	1	23	4	525	16	1	1	1	
Math-57	332	332	332	2511	2510	332	332	332	
Math-58	50	56	50	51	50	50	50	50	
Math-62	325	325	325	2061	2059	325	325	325	
Math-64	7	31	7	7	7	7	7	7	
Math-65	196	235	259	200	196	196	196	196	
Math-66	9	6	9	9	10	10	10	519	
Math-68	20	12	20	20	202	20	20	20	
Math-69	12	17	10	15	12	12	12	12	
Math-74	875	970	875	900	875	875	875	875	
Math-76	91	91	91	91	91	91	91	91	
Math-79	30	3	16	441	30	30	30	30	
Math-81	302	144	302	410	302	302	302	302	
Math-82	208	207	208	1958	1949	208	208	208	
Math-83	197	196	197	1865	1863	197	197	197	
Math-84	78	78	78	78	52	78	101	106	
Math-85	91	110	28	172	91	91	91	91	
Math-86	75	75	75	75	1376	75	171	177	
Math-87	220	137	220	1903	1872	220	220	220	
Math-88	1	208	83	21	1	1	1	1	
Math-89	1	4	1	97	4	1	1	1	
Math-90	6	4	6	98	25	6	6	6	
Math-92	2	14	5	37	2	2	2	2	
Math-93	2	2	21	114	3	2	2	2	
Math-94	6	1	1	17	6	6	6	6	
Math-95	9	49	12	236	13	9	9	9	
Math-96	5	14	1	26	14	5	5	5	
Math-97	1	9	22	21	1	1	1	1	
Math-98	4	27	39	774	4	4	4	4	
Math-99	27	24	23	178	27	8	7	4	
Math-100	9	142	175	284	28	9	9	9	
Math-101	12	36	12	117	36	12	12	12	
Math-103	32	40	2	83	47	32	32	32	
Math-105	25	25	65	37	25	25	25	25	
Mockito-2	3	1	3	3	75	3	3	8	
Mockito-3	1	460	103	1	29	1	1	8	
Mockito-5	3090	2914	925	1507	2914	2914	1350	1350	
Mockito-6	856	861	345	1645	829	2	1	1	
Mockito-9	517	433	575	168	81	534	534	534	
Mockito-10	11	402	281	87	64	11	11	11	
Mockito-11	1	17	66	687	1	1	1	1	
Mockito-12	5	5	5	5	2	2	2	2	
Mockito-13	28	507	22	373	294	28	28	28	
Mockito-14	46	489	17	66	74	46	46	46	
Mockito-16	22	327	236	119	68	22	22	22	
Mockito-17	4	19	13	70	4	4	4	4	
Mockito-18	9	247	9	372	264	9	9	9	
Mockito-20	30	124	39	30	358	53	99	119	
Mockito-21	1	8	3	223	2	1	1	1	
Mockito-22	11	2	4	332	211	11	11	11	
Mockito-23	4	555	337	284	4	4	4	4	
Mockito-24	1	525	691	2407	1	1	1	1	
Mockito-25	46	417	67	46	46	61	62	73	
Mockito-26	29	34	636	1238	435	113	126	221	
Mockito-27	228	484	453	995	225	12	12	12	
Mockito-28	453	420	453	836	796	453	453	453	
Mockito-29	1431	1007	683	734	1007	1007	767	767	
Mockito-32	2	347	536	24	24	2	2	2	
Mockito-33	21	339	21	717	287	46	46	114	
Mockito-34	26	281	14	821	345	48	48	51	
Mockito-35	423	426	108	947	373	1	1	4	
Mockito-36	13	219	705	324	229	29	29	98	
Mockito-37	3	31	3	617	383	4	4	4	
Mockito-38	1272	811	253	564	810	811	657	657	
Time-1	2	134	966	2793	2	2	2	2	
Time-2	3	279	971	2158	3	3	3	3	
Time-3	1	775	725	137	211	1	1	1	
Time-4	30	675	772	2910	780	30	30	30	
Time-5	2	63	346	1735	192	2	26	68	
Time-7	14	383	1531	5936	204	14	14	15	
Time-8	27	69	932	1508	27	27	27	27	
Time-9	3	67	1032	1844	3	3	3	3	
Time-10	188	411	854	3239	378	191	194	200	
Time-11	653	300	1389	1052	309	653	653	653	
Time-12	1532	1533	1066	2543	1235	20	3	2	
Time-14	2	1490	997	2	2	3	3	3	
Time-15	2	2	55	96	2	2	2	2	
Time-17	1	488	1206	3527	1	1	1	1	
Time-18	3	569	831	2052	193	3	3	3	
Time-19	86	93	466	1677	198	86	86	86	
Time-21	1	541	616	2480	1	3	3	4	
Time-22	15	248	298	2187	223	16	16	16	
Time-23	15	83	335	1134	109	15	15	15	
Time-27	94	1220	152	1515	284	94	94	94	
