1100462  1.0
1100463  1.0
1100467  1.0
1100468  1.0
1100471  1.0
1100474  1.0
1100680  0.5
1100684  0.5
1100451  0.1428571428571429
1100454  0.1428571428571429
1100458  0.1428571428571429
1100459  0.1428571428571429
1100460  0.1428571428571429
1100461  0.1428571428571429
1100466  0.1428571428571429
1000257  0.125
1000260  0.125
1000261  0.125
1000262  0.125
1000181  0.11111111111111116
1100034  0.0117647058823529
1100036  0.0117647058823529
1100038  0.0117647058823529
1100040  0.0117647058823529
1100042  0.0117647058823529
1100044  0.0117647058823529
1100046  0.0117647058823529
1100048  0.0117647058823529
1100050  0.0117647058823529
1100052  0.0117647058823529
1100054  0.0117647058823529
1100056  0.0117647058823529
1100058  0.0117647058823529
1100060  0.0117647058823529
1100062  0.0117647058823529
1100064  0.0117647058823529
1100066  0.0117647058823529
1100068  0.0117647058823529
1000217  0.0
1000258  0.0
1000265  0.0
1100078  0.0
1100079  0.0
1100100  0.0
1100121  0.0
1100122  0.0
1100125  0.0
1100126  0.0
1100127  0.0
1100149  0.0
1100170  0.0
1100171  0.0
1100174  0.0
1100175  0.0
1100176  0.0
1100199  0.0
1100222  0.0
1100223  0.0
1100226  0.0
1100227  0.0
1100228  0.0
1100251  0.0
1100274  0.0
1100275  0.0
1100278  0.0
1100279  0.0
1100280  0.0
1100303  0.0
1100324  0.0
1100325  0.0
1100328  0.0
1100329  0.0
1100330  0.0
1100352  0.0
1100373  0.0
1100374  0.0
1100377  0.0
1100378  0.0
1100379  0.0
1100476  0.0
1100480  0.0
1100481  0.0
1100485  0.0
1100486  0.0
1100488  0.0
1100489  0.0
1100490  0.0
1100492  0.0
1100494  0.0
1100496  0.0
1100497  0.0
1100499  0.0
1100500  0.0
1100501  0.0
1100503  0.0
1100505  0.0
1100507  0.0
1100509  0.0
1100510  0.0
1100511  0.0
1100513  0.0
1100516  0.0
1100517  0.0
1100518  0.0
1100521  0.0
1100525  0.0
1100536  0.0
1100543  0.0
1100550  0.0
1100554  0.0
1100558  0.0
1100559  0.0
1100564  0.0
1100570  0.0
1100571  0.0
1100573  0.0
1100575  0.0
1100591  0.0
1100593  0.0
1100594  0.0
1100595  0.0
1100596  0.0
1100599  0.0
1100601  0.0
1100603  0.0
1100604  0.0
1100605  0.0
1100606  0.0
1100609  0.0
1100611  0.0
1100613  0.0
1100625  0.0
1100628  0.0
1100629  0.0
1100630  0.0
1100647  0.0
1100648  0.0
1100650  0.0
1100663  0.0
1100664  0.0
1100666  0.0
1100681  0.0
1100698  0.0
1100699  0.0
1100701  0.0
1100715  0.0
1100716  0.0
1100718  0.0
1100719  0.0
1100720  0.0
1100721  0.0
1100722  0.0
1100723  0.0
1100725  0.0
1100726  0.0
1100727  0.0
1100728  0.0
1100729  0.0
1100730  0.0
1100731  0.0
1100732  0.0
1100733  0.0
1100736  0.0
1100737  0.0
1100750  0.0
1100751  0.0
1100754  0.0
1100755  0.0
1100757  0.0
1100762  0.0
1100764  0.0
1100779  0.0
1100782  0.0
1100783  0.0
1100784  0.0
1100785  0.0
1100789  0.0
1100802  0.0
1100805  0.0
1100806  0.0
1100807  0.0
1100808  0.0
1100812  0.0
1100825  0.0
1100828  0.0
1100829  0.0
1100830  0.0
1100831  0.0
1100835  0.0
1100848  0.0
1100851  0.0
1100852  0.0
1100853  0.0
1100854  0.0
1100858  0.0
1100872  0.0
1100875  0.0
1100876  0.0
1100877  0.0
1100878  0.0
1100880  0.0
1100881  0.0
1100885  0.0
1100899  0.0
1100902  0.0
1100903  0.0
1100904  0.0
1100907  0.0
1100908  0.0
1100912  0.0
1100927  0.0
1100930  0.0
1100931  0.0
1100932  0.0
1100933  0.0
1100937  0.0
1100950  0.0
1100953  0.0
1100954  0.0
1100955  0.0
1100956  0.0
1100960  0.0
1100973  0.0
1100976  0.0
1100977  0.0
1100978  0.0
1100979  0.0
1100983  0.0
1100996  0.0
1100999  0.0
1101000  0.0
1101001  0.0
1101002  0.0
1101006  0.0
1101020  0.0
1101023  0.0
1101024  0.0
1101025  0.0
1101026  0.0
1101028  0.0
1101029  0.0
1101033  0.0
1101047  0.0
1101050  0.0
1101051  0.0
1101052  0.0
1101053  0.0
1101055  0.0
1101056  0.0
1101060  0.0
1101070  0.0
1101071  0.0
1101072  0.0
1101073  0.0
1101075  0.0
1101088  0.0
1101089  0.0
1101091  0.0
1101092  0.0
1101094  0.0
1101106  0.0
1101107  0.0
1101109  0.0
1101110  0.0
1101112  0.0
1101124  0.0
1101125  0.0
1101127  0.0
1101128  0.0
1101130  0.0
1101142  0.0
1101143  0.0
1101145  0.0
1101146  0.0
1101148  0.0
1101164  0.0
1101180  0.0
1101194  0.0
1101195  0.0
1101197  0.0
1101198  0.0
1101200  0.0
1101212  0.0
1101213  0.0
1101215  0.0
1101216  0.0
1101218  0.0
1101230  0.0
1101231  0.0
1101233  0.0
1101234  0.0
1101236  0.0
1101248  0.0
1101249  0.0
1101251  0.0
1101252  0.0
1101254  0.0
1101270  0.0
1101286  0.0
1101301  0.0
1101302  0.0
1101304  0.0
1101305  0.0
1101306  0.0
1101309  0.0
1000192  nan
1000193  nan
1000236  nan
1000286  nan
1000315  nan
1000341  nan
1000342  nan
1000367  nan
1000395  nan
1000422  nan
1000423  nan
1000425  nan
1000426  nan
1000452  nan
1000482  nan
1000483  nan
1000485  nan
1000486  nan
1000515  nan
1000516  nan
1000518  nan
1000519  nan
1000520  nan
1000521  nan
1000523  nan
1000524  nan
1000526  nan
1000527  nan
1000530  nan
1000560  nan
1000561  nan
1000564  nan
1000565  nan
1000566  nan
1000568  nan
1000569  nan
1000571  nan
1000572  nan
1000575  nan
1000600  nan
1000630  nan
1000631  nan
1000633  nan
1000634  nan
1000635  nan
1000637  nan
1000659  nan
1000660  nan
1000662  nan
1000663  nan
1000665  nan
1000692  nan
1000693  nan
1000695  nan
1000696  nan
1000698  nan
1000699  nan
1000701  nan
1000726  nan
1000727  nan
1000728  nan
1000729  nan
1000730  nan
1000731  nan
1000733  nan
1000760  nan
1000761  nan
1000763  nan
1000793  nan
1000794  nan
1000796  nan
1000824  nan
1000825  nan
1000827  nan
1000864  nan
1000865  nan
1000867  nan
1000905  nan
1000923  nan
1000924  nan
1000926  nan
1000927  nan
1000929  nan
1000930  nan
1000932  nan
1000933  nan
1000935  nan
1000937  nan
1000938  nan
1000940  nan
1000941  nan
1000942  nan
1000971  nan
1001007  nan
1001008  nan
1001010  nan
1001011  nan
1001013  nan
1001014  nan
1001015  nan
1001017  nan
1001018  nan
1001020  nan
1001021  nan
1001022  nan
1001025  nan
1001051  nan
1001052  nan
1001054  nan
1001089  nan
1001090  nan
1001092  nan
1001119  nan
1001120  nan
1001122  nan
1001160  nan
1001200  nan
1001201  nan
1001203  nan
1001230  nan
1001231  nan
1001233  nan
1001269  nan
1001270  nan
1001272  nan
1001273  nan
1001275  nan
1001276  nan
1001278  nan
1001279  nan
1001282  nan
1001283  nan
1001284  nan
1001287  nan
1001313  nan
1001314  nan
1001316  nan
1001342  nan
1001343  nan
1001345  nan
1001373  nan
1001374  nan
1001376  nan
1001377  nan
1001378  nan
1001379  nan
1001380  nan
1001383  nan
1001396  nan
1001397  nan
1001399  nan
1001400  nan
1001401  nan
1001402  nan
1001405  nan
1001434  nan
1001435  nan
1001437  nan
1001438  nan
1001439  nan
1001440  nan
1001441  nan
1001442  nan
1001443  nan
1001444  nan
1001445  nan
1001447  nan
1001448  nan
1001451  nan
1001456  nan
1001483  nan
1001484  nan
1001486  nan
1001516  nan
1001517  nan
1001519  nan
1001520  nan
1001521  nan
1001522  nan
1001523  nan
1001524  nan
1001525  nan
1001526  nan
1001527  nan
1001528  nan
1001530  nan
1001532  nan
1001533  nan
1001537  nan
1001542  nan
1001574  nan
1001575  nan
1001577  nan
1001607  nan
1001608  nan
1001610  nan
1001611  nan
1001612  nan
1001613  nan
1001615  nan
1001616  nan
1001617  nan
1001618  nan
1001619  nan
1001620  nan
1001621  nan
1001628  nan
1001630  nan
1001657  nan
1001658  nan
1001660  nan
1001661  nan
1001662  nan
1001663  nan
1001664  nan
1001665  nan
1001666  nan
1001667  nan
1001669  nan
1001670  nan
1001671  nan
1001675  nan
1001704  nan
1001705  nan
1001707  nan
1001708  nan
1001710  nan
1001711  nan
1001713  nan
1001740  nan
1001741  nan
1001743  nan
1001772  nan
1001773  nan
1001775  nan
1001776  nan
1001777  nan
1001778  nan
1001779  nan
1001780  nan
1001781  nan
1001782  nan
1001783  nan
1001784  nan
1001786  nan
1001788  nan
1001789  nan
1001793  nan
1001798  nan
1001825  nan
1001826  nan
1001828  nan
1001861  nan
1001862  nan
1001864  nan
1001867  nan
1001869  nan
1001870  nan
1001871  nan
1001872  nan
1001873  nan
1001875  nan
1001876  nan
1001877  nan
1001880  nan
1001881  nan
1001885  nan
1001915  nan
1001916  nan
1001918  nan
1001919  nan
1001920  nan
1001921  nan
1001922  nan
1001923  nan
1001924  nan
1001926  nan
1001927  nan
1001928  nan
1001931  nan
1001961  nan
1001962  nan
1001966  nan
1001967  nan
1001970  nan
1001971  nan
1001973  nan
1001974  nan
1001977  nan
1002016  nan
1002017  nan
1002021  nan
1002022  nan
1002024  nan
1002025  nan
1002029  nan
1002030  nan
1002034  nan
1002035  nan
1002038  nan
1002039  nan
1002041  nan
1002042  nan
1002045  nan
1002071  nan
1002072  nan
1002074  nan
1002075  nan
1002077  nan
1002078  nan
1002080  nan
1002104  nan
1002105  nan
1002107  nan
1002108  nan
1002110  nan
1002111  nan
1002113  nan
1002142  nan
1002143  nan
1002145  nan
1002146  nan
1002148  nan
1002149  nan
1002151  nan
1002152  nan
1002154  nan
1002187  nan
1002188  nan
1002190  nan
1002191  nan
1002193  nan
1002194  nan
1002195  nan
1002197  nan
1002229  nan
1002230  nan
1002232  nan
1002233  nan
1002235  nan
1002236  nan
1002237  nan
1002239  nan
1002270  nan
1002271  nan
1002273  nan
1002274  nan
1002275  nan
1002277  nan
1002310  nan
1002311  nan
1002313  nan
1002314  nan
1002316  nan
1002317  nan
1002318  nan
1002320  nan
1002347  nan
1002378  nan
1002379  nan
1002381  nan
1002382  nan
1002383  nan
1002384  nan
1002385  nan
1002388  nan
1002414  nan
1002415  nan
1002417  nan
1002418  nan
1002419  nan
1002421  nan
1002422  nan
1002423  nan
1002424  nan
1002425  nan
1002426  nan
1002427  nan
1002428  nan
1002430  nan
1002431  nan
1002432  nan
1002433  nan
1002435  nan
1002436  nan
1002437  nan
1002438  nan
1002439  nan
1002441  nan
1002472  nan
1002500  nan
1002529  nan
1002563  nan
1002590  nan
1002621  nan
1002650  nan
1002683  nan
1002702  nan
1002703  nan
1002706  nan
1002708  nan
1002709  nan
1002712  nan
1002714  nan
1002717  nan
1002719  nan
1002720  nan
1002721  nan
1002722  nan
1002723  nan
1002724  nan
1002726  nan
1002727  nan
1002728  nan
1002730  nan
1002731  nan
1002732  nan
1002736  nan
1002741  nan
1002745  nan
1002746  nan
1002747  nan
1002748  nan
1002749  nan
1002751  nan
1002754  nan
1002758  nan
1002759  nan
1002763  nan
1002792  nan
1002828  nan
1002846  nan
1002847  nan
1002849  nan
1002850  nan
1002851  nan
1002853  nan
1002854  nan
1002855  nan
1002856  nan
1002857  nan
1002858  nan
1002859  nan
1002860  nan
1002861  nan
1002862  nan
1002864  nan
1002865  nan
1002867  nan
1002868  nan
1002869  nan
1002871  nan
1002872  nan
1002874  nan
1002911  nan
1002951  nan
1002973  nan
1002974  nan
1002976  nan
1002977  nan
1002978  nan
1002980  nan
1002981  nan
1002982  nan
1002983  nan
1002984  nan
1002985  nan
1002987  nan
1002988  nan
1002989  nan
1002990  nan
1002991  nan
1002992  nan
1002993  nan
1002995  nan
1002996  nan
1002998  nan
1002999  nan
1003001  nan
1003002  nan
1003003  nan
1003005  nan
1003007  nan
1003008  nan
1003009  nan
1003010  nan
1003011  nan
1003012  nan
1003013  nan
1003014  nan
1003016  nan
1003017  nan
1003019  nan
1003020  nan
1003022  nan
1003023  nan
1003024  nan
1003026  nan
1003028  nan
1003029  nan
1003030  nan
1003031  nan
1003032  nan
1003033  nan
1003034  nan
1003036  nan
1003037  nan
1003039  nan
1003040  nan
1003042  nan
1003043  nan
1003044  nan
1003047  nan
1003048  nan
1003050  nan
1003073  nan
1003101  nan
1003119  nan
1003120  nan
1003122  nan
1003123  nan
1003125  nan
1003126  nan
1003127  nan
1003128  nan
1003129  nan
1003130  nan
1003131  nan
1003132  nan
1003134  nan
1003135  nan
1003136  nan
1003137  nan
1003138  nan
1003140  nan
1003141  nan
1003142  nan
1003144  nan
1003146  nan
1003147  nan
1003175  nan
1003201  nan
1003202  nan
1003204  nan
1003233  nan
1003234  nan
1003236  nan
1003265  nan
1003266  nan
1003268  nan
1003297  nan
1003298  nan
1003300  nan
1003329  nan
1003330  nan
1003332  nan
1003361  nan
1003362  nan
1003364  nan
1003393  nan
1003394  nan
1003396  nan
1003425  nan
1003426  nan
1003428  nan
1003459  nan
1003460  nan
1003462  nan
1003463  nan
1003464  nan
1003466  nan
1003467  nan
1003468  nan
1003469  nan
1003471  nan
1003472  nan
1003475  nan
1003510  nan
1003511  nan
1003513  nan
1003514  nan
1003515  nan
1003517  nan
1003518  nan
1003519  nan
1003520  nan
1003522  nan
1003524  nan
1003559  nan
1003560  nan
1003562  nan
1003563  nan
1003564  nan
1003566  nan
1003567  nan
1003568  nan
1003569  nan
1003571  nan
1003573  nan
1003608  nan
1003609  nan
1003611  nan
1003612  nan
1003613  nan
1003615  nan
1003616  nan
1003617  nan
1003618  nan
1003620  nan
1003622  nan
1003657  nan
1003658  nan
1003660  nan
1003661  nan
1003662  nan
1003664  nan
1003665  nan
1003666  nan
1003667  nan
1003669  nan
1003671  nan
1003706  nan
1003707  nan
1003709  nan
1003710  nan
1003711  nan
1003713  nan
1003714  nan
1003715  nan
1003716  nan
1003718  nan
1003720  nan
1003755  nan
1003756  nan
1003758  nan
1003759  nan
1003760  nan
1003762  nan
1003763  nan
1003764  nan
1003765  nan
1003767  nan
1003769  nan
1003804  nan
1003805  nan
1003807  nan
1003808  nan
1003809  nan
1003811  nan
1003812  nan
1003813  nan
1003814  nan
1003816  nan
1003818  nan
1003846  nan
1003847  nan
1003849  nan
1003888  nan
1003889  nan
1003891  nan
1003892  nan
1003897  nan
1003898  nan
1003899  nan
1003902  nan
1003904  nan
1003905  nan
1003906  nan
1003908  nan
1003909  nan
1003912  nan
1003932  nan
1003933  nan
1003935  nan
1003936  nan
1003938  nan
1003939  nan
1003940  nan
1003944  nan
1003945  nan
1003946  nan
1003949  nan
1003950  nan
1003951  nan
1003952  nan
1003953  nan
1003955  nan
1003957  nan
1003976  nan
1003977  nan
1003979  nan
1003980  nan
1003982  nan
1003983  nan
1003984  nan
1003988  nan
1003989  nan
1003990  nan
1003993  nan
1003994  nan
1003995  nan
1003997  nan
1003998  nan
1003999  nan
1004001  nan
1004002  nan
1004020  nan
1004021  nan
1004023  nan
1004041  nan
1004042  nan
1004044  nan
1004064  nan
1004065  nan
1004067  nan
1004068  nan
1004069  nan
1004070  nan
1004071  nan
1004072  nan
1004075  nan
1004076  nan
1004078  nan
1004108  nan
1004109  nan
1004111  nan
1004112  nan
1004114  nan
1004143  nan
1004144  nan
1004146  nan
1004147  nan
1004149  nan
1004177  nan
1004178  nan
1004180  nan
1004181  nan
1004183  nan
1004213  nan
1004214  nan
1004216  nan
1004217  nan
1004219  nan
1004246  nan
1004247  nan
1004249  nan
1004272  nan
1004273  nan
1004275  nan
1004276  nan
1004277  nan
1004278  nan
1004279  nan
1004282  nan
1004311  nan
1004335  nan
1004351  nan
1004378  nan
1004410  nan
1004411  nan
1004413  nan
1004414  nan
1004415  nan
1004416  nan
1004418  nan
1004419  nan
1004420  nan
1004421  nan
1004422  nan
1004423  nan
1004424  nan
1004425  nan
1004426  nan
1004427  nan
1004429  nan
1004431  nan
1004432  nan
1004475  nan
1004525  nan
1004526  nan
1004583  nan
1004585  nan
1004589  nan
1004590  nan
1004594  nan
1004595  nan
1004598  nan
1004599  nan
1004606  nan
1004609  nan
1004610  nan
1004611  nan
1004615  nan
1004616  nan
1004618  nan
1004620  nan
1004623  nan
1004624  nan
1004626  nan
1004627  nan
1004628  nan
1004635  nan
1004636  nan
1004639  nan
1004642  nan
1004645  nan
1004646  nan
1004647  nan
1004649  nan
1004650  nan
1004651  nan
1004655  nan
1004657  nan
1004659  nan
1004661  nan
1004662  nan
1004664  nan
1004666  nan
1004668  nan
1004669  nan
1004670  nan
1004673  nan
1004674  nan
1004676  nan
1004678  nan
1004681  nan
1004682  nan
1004684  nan
1004685  nan
1004686  nan
1004693  nan
1004694  nan
1004695  nan
1004697  nan
1004698  nan
1004699  nan
1004702  nan
1004728  nan
1004729  nan
1004731  nan
1004771  nan
1004772  nan
1004774  nan
1004775  nan
1004777  nan
1004778  nan
1004779  nan
1004780  nan
1004781  nan
1004782  nan
1004783  nan
1004784  nan
1004785  nan
1004786  nan
1004787  nan
1004790  nan
1004793  nan
1004794  nan
1004796  nan
1004831  nan
1004832  nan
1004834  nan
1004835  nan
1004837  nan
1004838  nan
1004839  nan
1004841  nan
1004842  nan
1004844  nan
1004845  nan
1004847  nan
1004848  nan
1004850  nan
1004851  nan
1004852  nan
1004853  nan
1004855  nan
1004890  nan
1004891  nan
1004894  nan
1004895  nan
1004896  nan
1004897  nan
1004899  nan
1004902  nan
1004903  nan
1004905  nan
1004906  nan
1004907  nan
1004909  nan
1004910  nan
1004912  nan
1004944  nan
1004973  nan
1004974  nan
1004976  nan
1004977  nan
1004978  nan
1004980  nan
1004981  nan
1004982  nan
1004983  nan
1004984  nan
1004986  nan
1005015  nan
1005016  nan
1005018  nan
1005019  nan
1005021  nan
1005022  nan
1005023  nan
1005025  nan
1005026  nan
1005029  nan
1005030  nan
1005032  nan
1005034  nan
1005035  nan
1005036  nan
1005037  nan
1005038  nan
1005039  nan
1005041  nan
1005043  nan
1005044  nan
1005045  nan
1005047  nan
1005072  nan
1005073  nan
1005076  nan
1005077  nan
1005103  nan
1005104  nan
1005105  nan
1005107  nan
1005130  nan
1005155  nan
1005156  nan
1005158  nan
1005159  nan
1005160  nan
1005162  nan
1005163  nan
1005165  nan
1005192  nan
1005193  nan
1005195  nan
1005196  nan
1005198  nan
1005199  nan
1005200  nan
1005201  nan
1005202  nan
1005204  nan
1005205  nan
1005208  nan
1005209  nan
1005210  nan
1005211  nan
1005213  nan
1005214  nan
1005215  nan
1005216  nan
1005218  nan
1005242  nan
1005267  nan
1005268  nan
1005270  nan
1005271  nan
1005272  nan
1005274  nan
1005275  nan
1005277  nan
1005304  nan
1005305  nan
1005307  nan
1005308  nan
1005310  nan
1005311  nan
1005312  nan
1005313  nan
1005314  nan
1005316  nan
1005317  nan
1005320  nan
1005321  nan
1005322  nan
1005323  nan
1005325  nan
1005326  nan
1005327  nan
1005328  nan
1005330  nan
1005346  nan
1005375  nan
1005403  nan
1005404  nan
1005406  nan
1005407  nan
1005408  nan
1005409  nan
1005411  nan
1005412  nan
1005413  nan
1005443  nan
1005444  nan
1005446  nan
1005447  nan
1005449  nan
1005450  nan
1005451  nan
1005452  nan
1005454  nan
1005455  nan
1005456  nan
1005481  nan
1005482  nan
1005484  nan
1005504  nan
1005505  nan
1005507  nan
1005530  nan
1005531  nan
1005533  nan
1005553  nan
1005554  nan
1005556  nan
1005581  nan
1005582  nan
1005585  nan
1005586  nan
1005588  nan
1005591  nan
1005619  nan
1005620  nan
1005623  nan
1005624  nan
1005626  nan
1005629  nan
1005663  nan
1005664  nan
1005667  nan
1005669  nan
1005670  nan
1005671  nan
1005672  nan
1005673  nan
1005674  nan
1005675  nan
1005676  nan
1005679  nan
1005705  nan
1005706  nan
1005708  nan
1005709  nan
1005710  nan
1005711  nan
1005712  nan
1005714  nan
1005740  nan
1005741  nan
1005743  nan
1005744  nan
1005745  nan
1005746  nan
1005749  nan
1005775  nan
1005776  nan
1005778  nan
1005779  nan
1005780  nan
1005781  nan
1005784  nan
1005810  nan
1005811  nan
1005813  nan
1005814  nan
1005815  nan
1005816  nan
1005819  nan
1005845  nan
1005846  nan
1005848  nan
1005849  nan
1005850  nan
1005851  nan
1005854  nan
1005884  nan
1005885  nan
1005887  nan
1005888  nan
1005889  nan
1005890  nan
1005893  nan
1005927  nan
1005928  nan
1005930  nan
1005931  nan
1005932  nan
1005933  nan
1005936  nan
1005964  nan
1005965  nan
1005967  nan
1005968  nan
1005969  nan
1005970  nan
1005973  nan
1005997  nan
1005998  nan
1006000  nan
1006001  nan
1006002  nan
1006003  nan
1006006  nan
1006029  nan
1006030  nan
1006032  nan
1006033  nan
1006034  nan
1006035  nan
1006038  nan
1006061  nan
1006062  nan
1006064  nan
1006065  nan
1006066  nan
1006067  nan
1006070  nan
1006092  nan
1006113  nan
1006135  nan
1006157  nan
1006177  nan
1006178  nan
1006180  nan
1006203  nan
1006204  nan
1006208  nan
1006209  nan
1006210  nan
1006248  nan
1006287  nan
1006288  nan
1006290  nan
1006291  nan
1006293  nan
1006294  nan
1006296  nan
1006297  nan
1006299  nan
1006300  nan
1006302  nan
1006303  nan
1006304  nan
1006306  nan
1006307  nan
1006309  nan
1006310  nan
1006312  nan
1006345  nan
1006346  nan
1006349  nan
1006350  nan
1006353  nan
1006354  nan
1006355  nan
1006357  nan
1006358  nan
1006359  nan
1006360  nan
1006362  nan
1006396  nan
1006397  nan
1006399  nan
1006400  nan
1006402  nan
1006403  nan
1006404  nan
1006406  nan
1006435  nan
1006436  nan
1006438  nan
1006439  nan
1006442  nan
1006443  nan
1006444  nan
1006447  nan
1006448  nan
1006450  nan
1006486  nan
1006487  nan
1006489  nan
1006490  nan
1006491  nan
1006492  nan
1006493  nan
1006498  nan
1006499  nan
1006500  nan
1006501  nan
1006503  nan
1006504  nan
1006505  nan
1006510  nan
1006511  nan
1006515  nan
1006516  nan
1006520  nan
1006521  nan
1006522  nan
1006523  nan
1006524  nan
1006525  nan
1006526  nan
1006529  nan
1006530  nan
1006534  nan
1006538  nan
1006540  nan
1006577  nan
1006578  nan
1006580  nan
1006581  nan
1006583  nan
1006584  nan
1006586  nan
1006587  nan
1006589  nan
1006592  nan
1006635  nan
1006636  nan
1006656  nan
1006657  nan
1006659  nan
1006660  nan
1006661  nan
1006662  nan
1006665  nan
1006667  nan
1006668  nan
1006669  nan
1006670  nan
1006671  nan
1006674  nan
1006675  nan
1006686  nan
1006687  nan
1006690  nan
1006691  nan
1006692  nan
1006694  nan
1006695  nan
1006697  nan
1006701  nan
1006702  nan
1006703  nan
1006708  nan
1006744  nan
1006745  nan
1006747  nan
1006748  nan
1006795  nan
1006796  nan
1006799  nan
1006800  nan
1006801  nan
1006802  nan
1006805  nan
1006807  nan
1006808  nan
1006809  nan
1006810  nan
1006811  nan
1006814  nan
1006815  nan
1006819  nan
1006820  nan
1006821  nan
1006825  nan
1006826  nan
1006829  nan
1006830  nan
1006831  nan
1006834  nan
1006835  nan
1006838  nan
1006839  nan
1006843  nan
1006844  nan
1006848  nan
1006849  nan
1006851  nan
1006854  nan
1006859  nan
1006860  nan
1006861  nan
1006866  nan
1006867  nan
1006869  nan
1006898  nan
1006924  nan
1006939  nan
1006940  nan
1006942  nan
1006943  nan
1006945  nan
1006968  nan
1006969  nan
1006971  nan
1006972  nan
1006973  nan
1006976  nan
1007006  nan
1007033  nan
1007048  nan
1007049  nan
1007051  nan
1007052  nan
1007054  nan
1007055  nan
1007100  nan
1007101  nan
1007103  nan
1007125  nan
1007126  nan
1007128  nan
1007129  nan
1007130  nan
1007133  nan
1007148  nan
1007149  nan
1007151  nan
1007152  nan
1007153  nan
1007154  nan
1007158  nan
1007196  nan
1007234  nan
1007249  nan
1007250  nan
1007252  nan
1007253  nan
1007254  nan
1007255  nan
1007259  nan
1007297  nan
1007335  nan
1007353  nan
1100452  nan
1100455  nan
1100469  nan
1100472  nan
1100526  nan
1100529  nan
1100532  nan
1100537  nan
1100540  nan
1100545  nan
1100551  nan
1100552  nan
1100556  nan
1100578  nan
1100579  nan
1100583  nan
1100584  nan
1100587  nan
1100626  nan
1100633  nan
1100905  nan
1101326  nan
1101327  nan
1101329  nan
1101330  nan
1101331  nan
1101332  nan
1101333  nan
1101334  nan
1101336  nan
1101337  nan
1101338  nan
1101339  nan
1101340  nan
1101343  nan
1101344  nan
1101347  nan
1101350  nan
1101352  nan
1101354  nan
1101357  nan
1101358  nan
1101359  nan
1101360  nan
1101362  nan
1101363  nan
1101365  nan
1101367  nan
1101368  nan
1101370  nan
1101372  nan
1101374  nan
1101375  nan
1101377  nan
1101378  nan
1101379  nan
1101380  nan
1101381  nan
1101383  nan
1101384  nan
1101386  nan
1101388  nan
1101390  nan
1101391  nan
1101393  nan
1101395  nan
1101397  nan
1101399  nan
1101400  nan
1101402  nan
1101405  nan
1101407  nan
1101412  nan
1101414  nan
1101417  nan
1101420  nan
1101424  nan
