1006504  0.008994736708700657
1005588  0.008961639367043972
1006135  0.008930815383791924
1006113  0.008930717594921589
1005714  0.008920915424823761
1005629  0.008920181542634964
1006287  0.008919068612158298
1005885  0.008918357081711292
1006006  0.008915495127439499
1005591  0.008913422003388405
1005776  0.008913325145840645
1005626  0.008911055512726307
1005620  0.008908772841095924
1006070  0.008908663876354694
1005775  0.008906145580112934
1006067  0.008902993984520435
1005930  0.008902140893042088
1006444  0.008900339715182781
1005712  0.008896071463823318
1006503  0.008895213715732098
1005710  0.008893095888197422
1005711  0.008892989717423916
1006248  0.00889270007610321
1005623  0.008890913799405098
1005624  0.008890376426279545
1006288  0.008889998309314251
1006092  0.008889036253094673
1006003  0.008888632990419865
1005928  0.008886856958270073
1005743  0.00888531468808651
1005884  0.008884076029062271
1006450  0.008881746791303158
1006406  0.008881259709596634
1005619  0.00887899287045002
1005663  0.008876262232661247
1006443  0.008875163272023201
1005848  0.008872759528458118
1006208  0.008872524835169315
1005744  0.008872080594301224
1005970  0.008870428428053856
1005740  0.008868634700775146
1005664  0.008868190459907055
1005931  0.008867590688169003
1006157  0.008864766918122768
1006002  0.008864686824381351
1005811  0.008864532224833965
1005927  0.008864213712513447
1006350  0.008863757364451885
1006435  0.008863531053066254
1006290  0.008861659094691277
1005849  0.008861428126692772
1005932  0.008860849775373936
1005893  0.008860448375344276
1006066  0.008857735432684422
1006442  0.00885673426091671
1005964  0.008856650441884995
1005810  0.00885462574660778
1006349  0.008854127489030361
1006065  0.008854085579514503
1005819  0.008853813633322716
1005784  0.008851449936628342
1006001  0.008851324208080769
1005890  0.008850738406181335
1005933  0.008850001730024815
1006209  0.008849918842315674
1005854  0.008849462494254112
1005888  0.008849311619997025
1006029  0.008849257603287697
1006486  0.008847923949360847
1005845  0.00884708296507597
1005965  0.008846376091241837
1006304  0.008846117183566093
1005709  0.008846108801662922
1006033  0.008844269439578056
1005813  0.008842656388878822
1006501  0.008842489682137966
1006404  0.00884180422872305
1006491  0.00884140282869339
1006034  0.008836365304887295
1006177  0.008835596032440662
1006492  0.008833383210003376
1005887  0.008832928724586964
1005815  0.008832464925944805
1006210  0.008830269798636436
1006346  0.008830077014863491
1006299  0.008829997852444649
1005745  0.008829943835735321
1006204  0.008825154043734074
1005741  0.00882476195693016
1006032  0.008823790587484837
1005675  0.00882362388074398
1005889  0.008822368457913399
1005850  0.008822343312203884
1005973  0.008821334689855576
1005969  0.008821208961308002
1005816  0.008820992894470692
1006061  0.008820108138024807
1005998  0.00881943292915821
1006500  0.008818929083645344
1005778  0.008818458765745163
1005749  0.00881839171051979
1005967  0.008818062022328377
1005851  0.008817524649202824
1006447  0.008816516026854515
1006297  0.008815274573862553
1005968  0.008814262226223946
1005746  0.00881416629999876
1006353  0.008812387473881245
1005670  0.008812213316559792
1005936  0.008811529725790024
1005679  0.008810508996248245
1005672  0.008809693157672882
1006402  0.008809556253254414
1005846  0.008808206766843796
1005674  0.008807981386780739
1006436  0.008807891048491001
1006439  0.008805830031633377
1006178  0.008805721998214722
1006345  0.008804847486317158
1006203  0.008803599514067173
1006312  0.008803591132164001
1006489  0.008803457953035831
1006291  0.008802929893136024
1006310  0.008801228366792202
1006294  0.008800246752798557
1006309  0.008799946866929531
1006293  0.008799631148576736
1006487  0.008799344301223755
1006000  0.008799285627901554
1006448  0.008799265138804913
1005997  0.008799144066870213
1006306  0.008799023926258087
1005676  0.008798686787486076
1005705  0.008795763365924358
1005667  0.008795639500021935
1006400  0.008794732391834259
1006062  0.008791889995336533
1006397  0.008791541680693626
1006035  0.00878878217190504
1006180  0.008787569589912891
1005781  0.008786804974079132
1005669  0.008785584010183811
1006064  0.008784488774836063
1005708  0.008781872689723969
1005814  0.008781283162534237
1005673  0.00878093857318163
1006403  0.008780743926763535
1006302  0.008778964169323444
1005779  0.00877748616039753
1005671  0.008775300346314907
1006490  0.00877413060516119
1006354  0.008770274929702282
1006300  0.008766084909439087
1005780  0.008765451610088348
1006030  0.008764675818383694
1006038  0.008758327923715115
1006307  0.0087583027780056
1006438  0.008756092749536037
1006399  0.008755269460380077
1006296  0.00874902680516243
1006303  0.008747401647269726
1006499  0.008739222772419453
1006362  0.008735556155443192
1005706  0.008735138922929764
1006396  0.008731266483664513
1006498  0.008724331855773926
1006493  0.00872104149311781
1006360  0.008701581507921219
1006358  0.008633388206362724
1006359  0.008631405420601368
1006355  0.008626395836472511
1006357  0.008602902293205261
1006505  0.006982583552598953
1001444  0.005198030732572079
1000192  0.005185755901038647
1000193  0.005167922005057335
1001443  0.005167816765606403
1001022  0.0051530455239117146
1000260  0.005152104888111353
1000864  0.005143982358276844
1001383  0.005141722969710827
1001021  0.005137397907674313
1000261  0.005137212574481964
1000515  0.005134698003530502
1000941  0.0051346272230148315
1000971  0.005132929887622595
1000516  0.005132313817739487
1001007  0.0051322090439498425
1000560  0.005130527075380087
1000257  0.005130410194396973
1001400  0.005129458848387003
1001380  0.005128784570842981
1001374  0.00512744439765811
1000181  0.005127325188368559
1000236  0.005127288866788149
1000665  0.0051255058497190475
1000726  0.005124686751514673
1000258  0.005124630406498909
1000518  0.005123631563037634
1000940  0.00512277614325285
1000942  0.005120392888784409
1000568  0.005119991954416037
1000521  0.005119591020047665
1000867  0.005118090193718672
1000698  0.005116942338645458
1000926  0.005116354674100876
1000701  0.005115638952702284
1000729  0.005115032196044922
1000262  0.005114891566336155
1000217  0.005114665720611811
1001442  0.005114607512950897
1000530  0.0051137483678758144
1000662  0.00511320261284709
1000865  0.005113095976412296
1001017  0.005112259183079004
1001025  0.005111255217343569
1000699  0.005110350903123617
1000486  0.00511022238060832
1000423  0.00511003565043211
1000937  0.005109158344566822
1001270  0.0051089138723909855
1001376  0.005108709912747145
1001008  0.0051081497222185135
1000571  0.0051077986136078835
1000569  0.0051072342321276665
1000733  0.005106568336486816
1001015  0.005106381140649319
1000485  0.005105952732264996
1000938  0.005105797667056322
1001272  0.005105121992528439
1001396  0.005105007905513048
1001010  0.005104388110339642
1000519  0.005104332696646452
1000630  0.0051042065024375916
1001051  0.005103821866214275
1000731  0.005103192292153835
1000663  0.005102484952658415
1000637  0.005102393217384815
1000693  0.005102172493934631
1000727  0.005102015566080809
1000660  0.0051011391915380955
1000692  0.005100984591990709
1000728  0.005099247209727764
1000633  0.005099244881421328
1000425  0.005098879337310791
1001200  0.005098870024085045
1001273  0.00509790750220418
1000265  0.005096927750855684
1000631  0.005096845794469118
1000824  0.005095791537314653
1000696  0.005095305852591991
1000827  0.005095066502690315
1000659  0.005093927960842848
1001343  0.005093698389828205
1001092  0.0050925337709486485
1001020  0.005092297215014696
1000520  0.005092251114547253
1000730  0.0050921207293868065
1001018  0.005091133061796427
1000761  0.005091081839054823
1000635  0.005090702790766954
1000924  0.005089917685836554
1001373  0.005089910700917244
1000793  0.005089282989501953
1000523  0.005088788457214832
1000763  0.005088329315185547
1000794  0.005085855722427368
1000634  0.005085450131446123
1000695  0.00508534163236618
1001397  0.005084526259452105
1001401  0.005084321368485689
1000572  0.0050828163512051105
1000905  0.005082365591078997
1001014  0.005082242656499147
1000760  0.005082148127257824
1001231  0.005081075709313154
1001269  0.005080880597233772
1001201  0.005080781877040863
1001405  0.005079940892755985
1001435  0.005079116206616163
1001434  0.005078721325844526
1000341  0.005077398847788572
1000932  0.00507722282782197
1000927  0.005076393950730562
1000600  0.005076124332845211
1001399  0.005074961110949516
1000527  0.005074797663837671
1000564  0.005074771121144295
1000526  0.005073803476989269
1000367  0.005072345025837421
1001013  0.005071334540843964
1000930  0.0050712814554572105
1001230  0.00507094943895936
1001275  0.0050707473419606686
1000395  0.005069876555353403
1000575  0.005069178994745016
1000483  0.005069113802164793
1001089  0.005068344995379448
1001345  0.005068270489573479
1000825  0.0050676497630774975
1000315  0.005067611113190651
1000524  0.00506579177454114
1000933  0.005065546371042728
1001052  0.005065366625785828
1001011  0.005063903052359819
1000566  0.005063869524747133
1000452  0.0050622024573385715
1000565  0.005061196628957987
1001437  0.005061078816652298
1001314  0.005060610361397266
1001054  0.005060519091784954
1001377  0.005059347953647375
1001441  0.005059179849922657
1000929  0.005059177055954933
1001119  0.00505888182669878
1001233  0.005057116039097309
1000796  0.005056002642959356
1001287  0.005055523011833429
1001379  0.0050549376755952835
1001160  0.0050547365099191666
1001378  0.005053897388279438
1000342  0.005053815431892872
1000561  0.005051246378570795
1001402  0.005048785358667374
1000935  0.005047149956226349
1000426  0.0050466302782297134
1001203  0.005046546459197998
1001122  0.005045861937105656
1001090  0.005044415593147278
1000422  0.005043441895395517
1000482  0.005043212324380875
1001316  0.005042638164013624
1000286  0.005040296353399754
1001313  0.005039098672568798
1001342  0.005038909614086151
1001440  0.005037656985223293
1001120  0.005036988295614719
1000923  0.005031866952776909
1001439  0.005029594991356134
1001276  0.0050262813456356525
1001284  0.005003979429602623
1001438  0.005001570098102093
1001282  0.004992276430130005
1001283  0.00498435040935874
1001278  0.004956312943249941
1001279  0.004922557156533003
1100149  0.003963211085647345
1006510  0.003963049501180649
1006511  0.003942821640521288
1006838  0.003935266751796007
1006523  0.003931839019060135
1006939  0.003928221296519041
1006924  0.003927142824977636
1006592  0.0039255148731172085
1006898  0.003925026394426823
1100038  0.003924732096493244
1006942  0.00392469298094511
1006635  0.003921769093722105
1007049  0.003917235881090164
1006943  0.003916843794286251
1007048  0.003916809801012278
1006524  0.003916720859706402
1006807  0.0039154947735369205
1006656  0.003915269859135151
1006748  0.003914580214768648
1006521  0.003914572298526764
1006636  0.003913986962288618
1006522  0.00391218950971961
1006940  0.003911816515028477
1006589  0.003911517094820738
1006515  0.0039093089289963245
1006520  0.003909162245690823
1100048  0.003908829763531685
1006516  0.003906825091689825
1006747  0.00390660623088479
1006660  0.003906216472387314
1006808  0.003905949182808399
1100127  0.0039055265951901674
1006525  0.0039052425418049097
1100050  0.003904081182554364
1006802  0.003903656965121627
1006839  0.0039027449674904346
1006686  0.0039015107322484255
1100058  0.0038991225883364677
1006835  0.0038983835838735104
1006795  0.0038977928925305605
1006805  0.0038977134972810745
1006668  0.0038973393384367228
1006708  0.003896739799529314
1006695  0.0038967286236584187
1006811  0.003896669251844287
1006800  0.0038964825216680765
1006657  0.003896132344380021
1006669  0.0038944226689636707
1007158  0.003894001478329301
1007033  0.003893907181918621
1006843  0.0038937886711210012
1006973  0.003893512999638915
1006869  0.003893050830811262
1006851  0.0038924003019928932
1006826  0.003890636609867215
1006580  0.0038904407992959023
1007154  0.003889634972438216
1007196  0.003888055682182312
1007006  0.0038877713959664106
1006687  0.0038874647580087185
1006675  0.0038868519477546215
1100036  0.0038854859303683043
1006801  0.003884638659656048
1100046  0.0038841411005705595
1007051  0.0038830966223031282
1006701  0.003881927812471986
1100052  0.003881920361891389
1006796  0.003881702432408929
1007052  0.0038807971868664026
1100054  0.0038805229123681784
1006831  0.0038798225577920675
1006829  0.003879610449075699
1006815  0.0038785545621067286
1006745  0.003878258168697357
1006661  0.0038780851755291224
1006702  0.003877954324707389
1006821  0.003877946874126792
1006526  0.003877909854054451
1006976  0.003876933827996254
1006697  0.0038763738702982664
1100034  0.003875742433592677
1006819  0.0038749894592911005
1006809  0.003874527756124735
1007151  0.003874220186844468
1006834  0.0038741319440305233
1100079  0.0038738835137337446
1006690  0.003873250912874937
1006667  0.0038731989916414022
1006849  0.0038730467204004526
1006659  0.0038730355445295572
1006810  0.0038727540522813797
1006691  0.0038718306459486485
1006825  0.0038705086335539818
1100060  0.0038689004722982645
1100126  0.0038686597254127264
1006969  0.0038678806740790606
1100056  0.0038676545955240726
1006945  0.0038675684481859207
1100064  0.0038674212992191315
1006703  0.003867307212203741
1006972  0.003867224557325244
1006866  0.0038671421352773905
1007153  0.0038669768255203962
1006665  0.003866656916216016
1100044  0.0038654948584735394
1006861  0.003864642698317766
1007101  0.003864426165819168
1100066  0.0038641048595309258
1006968  0.0038635029923170805
1006694  0.003862952347844839
1007133  0.0038628936745226383
1006971  0.003862581681460142
1007103  0.0038618152029812336
1006534  0.00386064313352108
1007152  0.003860595403239131
1006799  0.0038605420850217342
1100040  0.003860392142087221
1007054  0.0038591213524341583
1006584  0.003858987707644701
1006867  0.0038586778100579977
1100125  0.0038585569709539413
1006844  0.0038577101659029722
1007100  0.0038574812933802605
1006854  0.003857359988614917
1006587  0.003857044968754053
1006577  0.0038564789574593306
1100068  0.0038563653361052275
1006830  0.003854164155200124
1006814  0.0038537466898560524
1006674  0.0038527054712176323
1006860  0.0038516386412084103
1006530  0.0038506288547068834
1006744  0.0038505904376506805
1100100  0.003849736647680402
1006581  0.0038472136948257685
1006529  0.003847179003059864
1006692  0.0038467715494334698
1007129  0.0038466418627649546
1006859  0.0038460097275674343
1006662  0.0038455764297395945
1007335  0.0038454507011920214
1007130  0.003845083760097623
1007259  0.003844953840598464
1007055  0.0038446926046162844
1006820  0.0038440809585154057
1007125  0.003843478625640273
1007149  0.003843142418190837
1100062  0.0038424450904130936
1100078  0.003842302830889821
1006671  0.003840676974505186
1007126  0.003840117249637842
1007353  0.003839396871626377
1007297  0.003837139345705509
1006578  0.0038370683323591948
1006540  0.003836990101262927
1006538  0.0038327567745000124
1007128  0.003830432193353772
1007234  0.0038276403211057186
1100042  0.003827516920864582
1006586  0.0038269206415861845
1007148  0.0038265916518867016
1006583  0.003825246589258313
1006670  0.003821343882009387
1006848  0.003817894496023655
1100122  0.003803409868851304
1100121  0.0037928444799035788
1007249  0.0037811854854226112
1007255  0.0037798548582941294
1007253  0.0037793125957250595
1007254  0.0037750620394945145
1007250  0.003747536800801754
1007252  0.003736392827704549
1100170  0.0037042053882032633
1005586  0.003198374528437853
1100171  0.0028026162181049585
1100831  0.002799005713313818
1100174  0.0027940671425312757
1100226  0.0027853278443217278
1100626  0.0027852097991853952
1100595  0.002785169053822756
1100593  0.002784203737974167
1100751  0.002780213486403227
1100587  0.002779136411845684
1100596  0.002779121743515134
1100222  0.0027788840234279633
1100779  0.0027788577135652304
1100511  0.002778833732008934
1100227  0.0027775827329605818
1100552  0.002777487738057971
1100455  0.002776727080345154
1100378  0.00277652102522552
1100377  0.0027757396455854177
1100625  0.0027753368485718966
1100513  0.0027744793333113194
1100591  0.002774318214505911
1100594  0.002774219261482358
1100223  0.0027738185599446297
1100785  0.0027731391601264477
1100176  0.002772055333480239
1100175  0.0027713398449122906
1100374  0.0027700262144207954
1100199  0.002769887913018465
1100509  0.002769827377051115
1100764  0.0027693836018443108
1100379  0.002769043669104576
1100228  0.0027685894165188074
1100471  0.0027684986125677824
1100500  0.0027677391190081835
1100551  0.002767549827694893
1100556  0.0027668732218444347
1100492  0.0027667812537401915
1100499  0.0027665323577821255
1100584  0.0027660196647047997
1100463  0.002766003832221031
1100830  0.0027656632009893656
1100485  0.002764366799965501
1100462  0.0027642587665468454
1100451  0.002763909287750721
1100510  0.002763198222965002
1100606  0.0027629961259663105
1100505  0.0027629791293293238
1100518  0.002762195887044072
1100472  0.0027619844768196344
1100754  0.0027615511789917946
1100251  0.0027611413970589638
1100554  0.0027607502415776253
1100718  0.002760742325335741
1100497  0.0027603746857494116
1100452  0.002760153030976653
1100835  0.002758763264864683
1100570  0.002758738351985812
1100629  0.0027586740907281637
1100537  0.0027582519687712193
1100782  0.0027581837493926287
1100611  0.0027580144815146923
1100609  0.0027579148299992085
1100325  0.002757530426606536
1100720  0.0027575017884373665
1100507  0.002757093869149685
1100488  0.002756561851128936
1100496  0.002755338791757822
1100540  0.002755038905888796
1100628  0.002754719229415059
1100613  0.002754705026745796
1100486  0.0027544416952878237
1100719  0.0027541350573301315
1100601  0.0027536205016076565
1100525  0.0027535695116966963
1100458  0.002753406995907426
1100532  0.002752730157226324
1100526  0.002752518281340599
1100490  0.002752322005107999
1100543  0.0027518977876752615
1100474  0.0027517040725797415
1100460  0.0027508523780852556
1100503  0.0027507818304002285
1100750  0.0027501878794282675
1100716  0.0027501487638801336
1100550  0.002749909646809101
1100469  0.0027497513219714165
1100564  0.002749643987044692
1100501  0.0027495159301906824
1100516  0.0027488544583320618
1100701  0.002748280530795455
1100536  0.00274826237000525
1100650  0.002748191822320223
1100454  0.0027477589901536703
1100489  0.002746882615610957
1100481  0.002746608341112733
1100476  0.0027465454768389463
1100605  0.0027463510632514954
1100461  0.0027463482692837715
1100789  0.002745986683294177
1100736  0.0027459447737783194
1100783  0.0027458183467388153
1100808  0.0027454541996121407
1100715  0.0027451093774288893
1100599  0.0027448732871562243
1100829  0.0027446395251899958
1100558  0.002743793884292245
1100517  0.0027436725795269012
1100579  0.0027433333452790976
1100278  0.002743298187851906
1100805  0.0027432392816990614
1100784  0.0027429666370153427
1100303  0.0027427920140326023
1100762  0.0027427098248153925
1100328  0.0027423184365034103
1100647  0.002741169882938266
1100494  0.0027410369366407394
1100699  0.002740987343713641
1100604  0.0027408075984567404
1100521  0.002740532625466585
1100630  0.002740492345765233
1100721  0.0027404362335801125
1100681  0.0027403358835726976
1100807  0.002740200376138091
1100684  0.0027400399558246136
1100529  0.0027399971149861813
1100578  0.002739361487329006
1100737  0.002739353571087122
1100733  0.0027388078160583973
1100828  0.002738651353865862
1100571  0.0027385512366890907
1100467  0.002738268580287695
1100280  0.002737777540460229
1100373  0.0027376734651625156
1100330  0.0027370487805455923
1100757  0.002737038303166628
1100480  0.0027362341061234474
1100545  0.002735869726166129
1100806  0.0027352061588317156
1100583  0.0027349800802767277
1100575  0.0027343507390469313
1100279  0.0027340983506292105
1100663  0.0027340527158230543
1100732  0.0027336524799466133
1100459  0.0027335563208907843
1100648  0.002733070170506835
1100802  0.0027324645780026913
1100603  0.002731034532189369
1100274  0.002731004497036338
1100729  0.002730581210926175
1100680  0.0027303630486130714
1100468  0.0027293439488857985
1100698  0.002728186547756195
1100731  0.002727624960243702
1100573  0.0027275364845991135
1100755  0.0027273548766970634
1100324  0.0027272135484963655
1100275  0.0027254389133304358
1100666  0.002725406317040324
1100633  0.0027253793086856604
1100664  0.0027247248217463493
1100730  0.002723358105868101
1100466  0.002721451222896576
1100559  0.0027213527355343103
1100329  0.0027211664710193872
1100352  0.0027187231462448835
1100825  0.0027134183328598738
1100722  0.002706369385123253
1100812  0.002695387927815318
1100728  0.0026915669441223145
1100726  0.0026897320058196783
1100727  0.0026870165020227432
1100723  0.002668134169653058
1100725  0.0026624747551977634
1101424  0.0023137026000767946
1101420  0.002305900678038597
1100848  0.002300787717103958
1100875  0.002293297788128257
1101301  0.002293171128258109
1100932  0.0022895692382007837
1101383  0.002288422780111432
1101215  0.002288365038111806
1101230  0.0022867326624691486
1100851  0.0022865543141961098
1101218  0.0022855752613395452
1100931  0.002285402501001954
1100933  0.0022852036636322737
1101216  0.002285037189722061
1101377  0.002284520771354437
1101142  0.0022837829310446978
1101302  0.0022829596418887377
1101143  0.002282752189785242
1101417  0.002282025758177042
1100852  0.0022819095756858587
1100853  0.0022817531134933233
1101231  0.0022813635878264904
1101252  0.002281221328303218
1100876  0.002280624583363533
1100977  0.002280232962220907
1100858  0.0022801028098911047
1100872  0.0022799833677709103
1101286  0.0022784436587244272
1101000  0.0022780706640332937
1101073  0.0022779374849051237
1100937  0.002277296967804432
1101233  0.0022767705377191305
1101344  0.002276244107633829
1100854  0.0022761663421988487
1101072  0.002276153303682804
1100954  0.00227558147162199
1101001  0.0022755295503884554
1101130  0.0022752275690436363
1101024  0.0022752233780920506
1101052  0.0022751702927052975
1100976  0.0022742038127034903
1100950  0.002274076221510768
1101075  0.0022736303508281708
1100955  0.0022733339574187994
1100953  0.0022732734214514494
1101070  0.0022730270866304636
1101375  0.0022728885523974895
1101384  0.002272385638207197
1101033  0.00227217935025692
1101390  0.00227175559848547
1101053  0.0022715069353580475
1101180  0.0022712855134159327
1101071  0.002271209843456745
1101213  0.002271082252264023
1101060  0.0022709721233695745
1101051  0.0022708261385560036
1100999  0.002270673867315054
1100956  0.002270326018333435
1101381  0.002269874792546034
1101088  0.0022696414962410927
1101094  0.0022694384679198265
1101391  0.0022691902704536915
1101106  0.0022682887502014637
1101089  0.0022675087675452232
1101145  0.0022674547508358955
1101374  0.0022674407809972763
1101350  0.0022673241328448057
1101029  0.0022670188918709755
1101055  0.002266901545226574
1101050  0.0022662996780127287
1101304  0.002266230760142207
1101128  0.002266103634610772
1101025  0.0022659837268292904
1100877  0.0022655492648482323
1101251  0.0022651636973023415
1101091  0.0022651117760688066
1101270  0.0022648272570222616
1101254  0.002264645416289568
1101124  0.0022642079275101423
1101347  0.0022635292261838913
1101026  0.0022631094325333834
1101400  0.002262650988996029
1101343  0.002262626076117158
1101414  0.0022618393413722515
1101212  0.0022615143097937107
1101002  0.002261378802359104
1101399  0.0022613529581576586
1101305  0.0022611883468925953
1101110  0.00226117973215878
1101164  0.0022608796134591103
1100905  0.0022607925347983837
1101092  0.002260774141177535
1100978  0.0022605762351304293
1101339  0.002260345034301281
1101006  0.0022603063844144344
1101329  0.002259657019749284
1101047  0.0022594816982746124
1101109  0.0022590248845517635
1100903  0.00225885515101254
1101023  0.0022586164996027946
1101386  0.0022584961261600256
1101333  0.002258309395983815
1101056  0.0022582716774195433
1101127  0.0022578623611479998
1101327  0.0022575799375772476
1101378  0.0022575496695935726
1100973  0.0022575175389647484
1100878  0.002257436979562044
1101028  0.002257365034893155
1101020  0.0022572511807084084
1101340  0.002257244661450386
1101393  0.0022571191657334566
1101412  0.002256914973258972
1101388  0.0022569119464606047
1100904  0.0022566949483007193
1101197  0.0022566800471395254
1100907  0.002256667008623481
1101125  0.002256168983876705
1101248  0.0022561131045222282
1101334  0.002256034640595317
1100880  0.0022557193879038095
1101306  0.002255713799968362
1101236  0.0022556644398719072
1100885  0.002255585277453065
1101365  0.0022555775940418243
1101372  0.002255538012832403
1101112  0.002255325438454747
1101395  0.002255044411867857
1101336  0.002254662336781621
1101107  0.002254467224702239
1101146  0.002254146384075284
1101397  0.002253521466627717
1101326  0.0022526306565850973
1101234  0.0022526015527546406
1101380  0.002252528676763177
1100912  0.002252524485811591
1100930  0.0022525235544890165
1101370  0.002252387348562479
1101200  0.0022522190120071173
1100996  0.0022521773353219032
1101198  0.00225195218808949
1100960  0.002251825761049986
1101249  0.002251279540359974
1101368  0.0022511661518365145
1101330  0.0022510674316436052
1101195  0.002250988269224763
1101338  0.002250275108963251
1100899  0.0022497419267892838
1100881  0.0022488173563033342
1101148  0.0022484161891043186
1100983  0.0022480098996311426
1100902  0.0022479938343167305
1101337  0.0022479766048491
1100927  0.002247766824439168
1101309  0.0022470976691693068
1101402  0.002246723510324955
1101332  0.002246048068627715
1100908  0.002245614305138588
1101194  0.0022448813542723656
1100979  0.002244724426418543
1101367  0.002243444323539734
1101352  0.0022417008876800537
1101363  0.0022415046114474535
1101407  0.0022375730331987143
1101331  0.0022370065562427044
1101379  0.0022369427606463432
1101360  0.00223234249278903
1101362  0.0022242311388254166
1101405  0.002217514207586646
1101359  0.0022167798597365618
1101354  0.0022095523308962584
1101357  0.002205656375735998
1101358  0.002203788375481963
1001445  0.0020578806288540363
1003951  0.0019775237888097763
1003047  0.001962319714948535
1003120  0.001952781924046576
1003144  0.0019527383847162127
1003122  0.0019525254610925913
1003622  0.0019509808626025915
1003950  0.0019503484945744276
1003146  0.0019496805034577847
1003658  0.0019484162330627441
1003620  0.0019483939977362752
1003048  0.0019477903842926025
1003709  0.001947769895195961
1003905  0.0019469172693789005
1003707  0.001946721808053553
1003073  0.0019465495133772492
1003101  0.0019464021315798163
1003660  0.001946117845363915
1003657  0.0019457308808341622
1003464  0.0019449039828032255
1003567  0.0019448224920779467
1003142  0.0019443035125732422
1003119  0.0019438057206571102
1003904  0.001943394192494452
1003123  0.0019432295812293887
1003892  0.0019427959341555834
1003710  0.001942437025718391
1003566  0.0019420727621763945
1003472  0.0019419370219111443
1003618  0.0019417181611061096
1003266  0.0019416986033320427
1003050  0.0019415313145145774
1003202  0.0019409325905144215
1003897  0.0019408283988013864
1003330  0.0019405974308028817
1003949  0.00194034434389323
1003661  0.001938970759510994
1003147  0.0019383637700229883
1003471  0.0019380408339202404
1003466  0.0019379430450499058
1003204  0.0019378489814698696
1003463  0.0019372606184333563
1003175  0.0019371159141883254
1003265  0.0019371103262528777
1003475  0.0019366025226190686
1003510  0.0019364632898941636
1003559  0.0019363269675523043
1003804  0.0019363223109394312
1003912  0.0019362338352948427
1003201  0.0019354287069290876
1003568  0.0019354159012436867
1003669  0.001935335691086948
1003518  0.0019349820213392377
1003666  0.0019345860928297043
1003394  0.001933862455189228
1003044  0.0019337143748998642
1003332  0.0019336811965331435
1003459  0.0019334014505147934
1003891  0.0019331384683027864
1003617  0.0019327565096318722
1003469  0.0019327031914144754
1003608  0.0019321800209581852
1003329  0.0019318333361297846
1003906  0.0019316356629133224
1003462  0.001931526348926127
1003467  0.0019314885139465332
1003513  0.0019314306555315852
1003932  0.0019305492751300335
1003460  0.0019303306471556425
1003268  0.0019302554428577423
1003428  0.001930238795466721
1003515  0.001929134945385158
1003468  0.0019288493786007166
1003393  0.0019286071183159947
1003706  0.0019283894216641784
1003909  0.0019280583364889026
1003522  0.0019279508851468563
1003141  0.0019275840604677796
1003611  0.0019270703196525574
1003667  0.0019270344637334347
1003564  0.001926781376823783
1003125  0.0019267686875537038
1003426  0.0019266034942120314
1003936  0.0019262653077021241
1003524  0.0019261771813035011
1003609  0.0019261011620983481
1003562  0.0019260654225945473
1003573  0.0019258242100477219
1003805  0.0019257538951933384
1003769  0.0019256520317867398
1003511  0.0019256409723311663
1003396  0.0019254230428487062
1003908  0.0019250637851655483
1003718  0.0019250445766374469
1003517  0.0019248668104410172
1003361  0.0019247649470344186
1003514  0.0019247411983087659
1003563  0.0019247166346758604
1003560  0.001924692653119564
1003236  0.0019245424773544073
1003134  0.0019244930008426309
1003569  0.0019243420101702213
1003520  0.0019242046400904655
1003519  0.001923868665471673
1003767  0.0019238117383792996
1003807  0.0019234282663092017
1003135  0.0019232744816690683
1003711  0.0019231680780649185
1003425  0.0019231252372264862
1003888  0.0019223327981308103
1003765  0.001922290655784309
1003233  0.0019222100963816047
1003671  0.0019216540968045592
1003664  0.0019213102059438825
1003847  0.0019211885519325733
1003759  0.0019211784237995744
1003364  0.0019209901802241802
1003298  0.001920509384945035
1003902  0.0019204819109290838
1003938  0.0019202003022655845
1003662  0.0019201904069632292
1003889  0.001920056063681841
1003946  0.0019197710789740086
1003713  0.0019193434854969382
1003128  0.0019192155450582504
1003613  0.0019189496524631977
1003616  0.0019187278812751174
1003760  0.001918407273478806
1003758  0.001917844987474382
1003612  0.001917422516271472
1003665  0.0019172654720023274
1003615  0.0019172601168975234
1003126  0.0019172545289620757
1003933  0.00191721529699862
1003715  0.0019171158783137798
1003127  0.0019170849118381739
1003362  0.0019170510349795222
1003763  0.001916710869409144
1003132  0.001916687935590744
1003939  0.0019164762925356627
1003140  0.0019158344948664308
1003720  0.0019157587084919214
1003762  0.0019150011939927936
1003716  0.001914599328301847
1003234  0.0019145830301567912
1003764  0.0019145255209878087
1003714  0.001914476277306676
1003935  0.0019143422832712531
1003300  0.0019143177196383476
1003129  0.0019142429810017347
1003131  0.0019140491494908929
1003130  0.00191399990580976
1003137  0.0019134024623781443
1003571  0.001913228421472013
1003138  0.001909746089950204
1003136  0.0019086746033281088
1003297  0.0019081769278272986
1003846  0.0019074243027716875
1003849  0.0019073834409937263
1003898  0.0019073724979534745
1003818  0.0019068251131102443
1003755  0.0019051044946536422
1003940  0.0019043574575334787
1003899  0.0019027329981327057
1003756  0.001902433461509645
1003944  0.0018942335154861212
1003945  0.0018927627243101597
1003816  0.0018920564325526357
1003814  0.0018886781763285398
1003808  0.0018848887411877513
1003813  0.001878286013379693
1003809  0.0018737546633929014
1003812  0.0018694984028115869
1002232  0.0018675305182114244
1002230  0.0018658486660569906
1003811  0.001858665607869625
1002233  0.00185565953142941
1003043  0.0018548595253378153
1001484  0.0018481059232726693
1002235  0.0018480970757082105
1001574  0.001847758423537016
1001880  0.0018460223218426108
1002143  0.0018458853010088205
1001926  0.001845740363933146
1001798  0.0018456534016877413
1001447  0.0018452983349561691
1001876  0.0018452220829203725
1001875  0.0018451096257194877
1001451  0.0018448892515152693
1001610  0.0018447181209921837
1002149  0.0018445327877998352
1001575  0.0018444169545546174
1001516  0.0018439947161823511
1002229  0.001843960490077734
1003020  0.0018437507096678019
1002107  0.0018437401158735156
1001486  0.0018436857499182224
1002273  0.0018433979712426662
1001924  0.0018427785253152251
1003042  0.0018423787551000714
1002385  0.0018421981949359179
1001617  0.0018418412655591965
1001577  0.001841628341935575
1001616  0.001841544872149825
1001704  0.0018415116937831044
1002855  0.0018413503421470523
1001741  0.001840902608819306
1002869  0.0018407492898404598
1001881  0.001840583747252822
1002853  0.0018402140121906996
1002854  0.0018396193627268076
1001456  0.0018391597550362349
1001877  0.001839132746681571
1001789  0.0018386373994871974
1002388  0.0018384263385087252
1003026  0.001838386058807373
1002145  0.0018382373964414
1002142  0.0018379460088908672
1002274  0.001837570802308619
1002868  0.0018375470535829663
1002746  0.0018369813915342093
1002748  0.0018367908196523786
1002236  0.0018364052521064878
1001927  0.0018363634590059519
1001740  0.0018363511189818382
1002717  0.0018363004783168435
1002709  0.0018362208502367139
1002275  0.001836207928135991
1002418  0.001836185809224844
1001793  0.0018361788243055344
1003012  0.0018360278336331248
1002239  0.001835966482758522
1002683  0.0018359089735895395
1002851  0.0018358913948759437
1001711  0.0018356239888817072
1003019  0.0018354763742536306
1001542  0.0018349532037973404
1001448  0.0018348991870880127
1001483  0.0018348887097090483
1002270  0.0018348755547776818
1002384  0.0018341272370889783
1003013  0.0018340547103434801
1002424  0.0018340277019888163
1001517  0.0018338932422921062
1002108  0.0018338827649131417
1002414  0.0018338636728003621
1003022  0.0018337797373533249
1001781  0.0018337361980229616
1001921  0.0018335755448788404
1002271  0.0018335720524191856
1001928  0.0018334620399400592
1001713  0.0018334236228838563
1001630  0.0018334166379645467
1002425  0.0018333871848881245
1002432  0.0018332868348807096
1001675  0.0018331417813897133
1002034  0.0018330991733819246
1001611  0.0018330214079469442
1002237  0.0018330066232010722
1001670  0.0018328269943594933
1002871  0.0018326550489291549
1001873  0.0018325705314055085
1002856  0.0018325041746720672
1002714  0.001832424895837903
1002864  0.001832269481383264
1001872  0.0018321832176297903
1002849  0.0018321012612432241
1001776  0.0018319467781111598
1001707  0.0018319294322282076
1002730  0.001831854460760951
1002590  0.0018317813519388437
1001657  0.0018316853092983365
1001885  0.0018315555062144995
1002758  0.001831506728194654
1002431  0.0018313766922801733
1002747  0.0018309802981093526
1002320  0.0018309610895812511
1002712  0.0018309209262952209
1001773  0.0018308163853362203
1001526  0.0018307693535462022
1001664  0.0018307571299374104
1002030  0.0018307501450181007
1002721  0.0018307482823729515
1001705  0.0018306298879906535
1002850  0.0018305820412933826
1002277  0.0018305358244106174
1002858  0.0018303858814761043
1001861  0.0018303754040971398
1002197  0.0018302517710253596
1001663  0.0018302466487511992
1002433  0.0018302404787391424
1001784  0.0018300209194421768
1002702  0.0018299042712897062
1001628  0.0018298826180398464
1002857  0.0018298407085239887
1002981  0.0018298294162377715
1001920  0.0018298022914677858
1003040  0.0018297682981938124
1001967  0.0018296570051461458
1002703  0.0018295758636668324
1002990  0.0018295662011951208
1002745  0.0018294088076800108
1002439  0.0018293772591277957
1002188  0.001829292974434793
1001671  0.0018292764434590936
1001607  0.001829204149544239
1002723  0.001829089131206274
1002736  0.0018288253340870142
1002417  0.0018285957630723715
1001915  0.0018284240504726768
1002872  0.0018282936653122306
1002720  0.0018282545497640967
1002974  0.0018282372038811445
1002650  0.0018280978547409177
1001779  0.0018280736403539777
1001828  0.0018280413933098316
1002621  0.0018279595533385873
1001608  0.0018278821371495724
1002754  0.0018278368515893817
1002989  0.0018278133356943727
1001772  0.0018277481431141496
1001977  0.001827663742005825
1001667  0.0018275079783052206
1001666  0.0018275001784786582
1002529  0.0018274749163538218
1002862  0.0018272148445248604
1002151  0.00182716001290828
1001658  0.0018269766587764025
1002415  0.0018268817802891135
1001708  0.0018268104176968336
1002991  0.001826808787882328
1001777  0.0018264915561303496
1002383  0.0018264828249812126
1002347  0.0018264271784573793
1001919  0.0018263498786836863
1002861  0.0018263297388330102
1002441  0.0018262732774019241
1003009  0.0018262584926560521
1001782  0.0018261653603985906
1002865  0.0018261465011164546
1002706  0.0018260021461173892
1002724  0.001825958606787026
1001825  0.0018258204218000174
1002419  0.0018258108757436275
1001922  0.0018257484771311283
1002080  0.0018257030751556158
1001788  0.001825588522478938
1002727  0.0018255745526403189
1002731  0.0018255519680678844
1002438  0.0018253903836011887
1002500  0.0018251079600304365
1001710  0.0018250880530104041
1001869  0.0018250480061396956
1003032  0.0018248899141326547
1002726  0.0018247943371534348
1002828  0.001824635430239141
1002708  0.001824509701691568
1002563  0.0018244939856231213
1002988  0.001824491424486041
1002759  0.0018244028324261308
1002105  0.0018242924707010388
1002029  0.0018242474179714918
1001537  0.0018240016652271152
1002316  0.0018238845514133573
1002984  0.0018238505581393838
1002437  0.0018237689509987831
1003011  0.0018237072508782148
1002021  0.001823512022383511
1002472  0.001823464292101562
1001662  0.0018233689479529858
1002719  0.0018233201699331403
1002427  0.0018232439178973436
1001523  0.0018231960712000728
1002992  0.0018229532288387418
1002749  0.0018228915287181735
1002025  0.0018228862900286913
1001743  0.001822838676162064
1001521  0.001822398859076202
1001669  0.0018222106155008078
1001864  0.0018220777856186032
1002422  0.0018220293568447232
1003028  0.0018219887278974056
1002421  0.0018218446057289839
1001612  0.0018217952456325293
1003030  0.0018216538010165095
1001661  0.0018214596202597022
1002728  0.0018210504204034805
1002722  0.001820997567847371
1003024  0.0018207880202680826
1003014  0.0018207686953246593
1001778  0.0018207523971796036
1002313  0.0018207462271675467
1001665  0.0018206890672445297
1002732  0.0018206718377768993
1001527  0.0018206076929345727
1002435  0.0018205728847533464
1002075  0.0018205330707132816
1002382  0.0018204118823632598
1002148  0.0018203468061983585
1002110  0.001820248900912702
1002763  0.0018201736966148019
1002867  0.0018201251514256
1002154  0.0018200782360509038
1003031  0.0018200270133093
1001862  0.0018199943006038666
1001613  0.001819887780584395
1002311  0.001819773344323039
1002190  0.0018196001183241606
1001783  0.0018195732263848186
1002911  0.0018194520380347967
1002016  0.001819252036511898
1001970  0.0018190494738519192
1001618  0.0018189090769737959
1002951  0.0018187671666964889
1002423  0.001818717923015356
1002035  0.0018186467932537198
1002874  0.0018186207162216306
1001520  0.0018186104716733098
1002436  0.0018185499357059598
1002430  0.0018184096552431583
1002985  0.0018182107014581561
1003039  0.001818199409171939
1002982  0.0018181707710027695
1001533  0.0018181240884587169
1003033  0.0018181041814386845
1001619  0.0018180115148425102
1002741  0.0018178116297349334
1003008  0.0018175884615629911
1001961  0.0018174025462940335
1002146  0.0018173541175201535
1002426  0.0018173307180404663
1003023  0.0018172598211094737
1001923  0.0018172372365370393
1001780  0.001817014068365097
1001530  0.001817001262679696
1001775  0.0018169839167967439
1001916  0.0018169605173170567
1003005  0.001816843869164586
1002792  0.0018167874077335
1002987  0.001816753763705492
1002976  0.0018166361842304468
1002860  0.0018164563225582242
1002847  0.0018164521316066384
1002378  0.001816386473365128
1002022  0.0018163302447646856
1002379  0.0018161599291488528
1002317  0.0018160872859880328
1001870  0.0018157855374738574
1002428  0.0018156273290514946
1001615  0.0018155531724914908
1001931  0.0018155332654714584
1003010  0.0018154112622141838
1003029  0.0018152568954974413
1002024  0.0018151842523366213
1002973  0.0018150864634662867
1002152  0.001815039082430303
1002859  0.0018150372197851539
1001786  0.0018148671369999647
1001962  0.0018147298833355308
1002187  0.0018146183574572206
1002846  0.0018145786598324776
1002310  0.0018143549095839262
1002977  0.001814157934859395
1001621  0.0018138834275305271
1003007  0.0018138731829822063
1002993  0.00181374023668468
1001524  0.0018136728322133422
1002980  0.001813508803024888
1002314  0.0018134769052267075
1001867  0.0018133638659492135
1003017  0.001812563044950366
1001871  0.0018125259084627032
1003036  0.0018122507026419044
1001528  0.0018121801549568772
1002078  0.0018115383572876453
1002983  0.001811468624509871
1001918  0.0018110891105607152
1003002  0.0018108815420418978
1002195  0.0018107624491676688
1002318  0.0018106279894709587
1001966  0.0018105703638866544
1002104  0.001810274668969214
1002978  0.0018100413726642728
1003037  0.0018099233275279403
1001519  0.0018097242573276162
1001620  0.0018095115665346384
1003016  0.0018086641794070601
1001660  0.0018085937481373549
1002113  0.0018080462468788028
1002038  0.0018080307636409998
1002751  0.0018079472938552499
1002077  0.0018077398417517543
1001973  0.001807546243071556
1003003  0.0018068855861201882
1002381  0.0018066705670207739
1001974  0.0018062589224427938
1001522  0.0018062088638544083
1002017  0.0018061995506286621
1001971  0.0018060705624520779
1001525  0.0018057868583127856
1003001  0.0018047342309728265
1002193  0.0018036171095445752
1002111  0.0018026558682322502
1003034  0.001802388927899301
1002072  0.001802002894692123
1001532  0.001801412901841104
1001826  0.0017997280228883028
1002194  0.0017983323195949197
1002074  0.0017972839996218681
1002191  0.0017972146160900593
1002998  0.001796061871573329
1002999  0.0017921201651915908
1002071  0.0017905427375808358
1002995  0.0017847515409812331
1002042  0.0017841611988842487
1002996  0.0017800868954509497
1002039  0.0017761834897100925
1002045  0.0017753441352397203
1002041  0.0017608226044103503
1003952  0.0016573454486206174
1005585  0.0015999798197299242
1005582  0.0015879023121669888
1005446  0.00158676877617836
1004796  0.0015866252360865474
1005210  0.001585204154253006
1005208  0.0015842248685657978
1004839  0.0015840567648410797
1005272  0.001583692617714405
1004834  0.0015830321935936809
1004902  0.0015826275339350104
1005160  0.0015818614047020674
1004837  0.0015812237979844213
1004899  0.0015810574404895306
1005209  0.0015806104056537151
1004838  0.0015804042341187596
1005454  0.001579319592565298
1005211  0.001578847412019968
1004835  0.0015786776784807444
1004832  0.001578615978360176
1005205  0.001578051713295281
1005204  0.0015779508976265788
1005452  0.0015777497319504619
1004841  0.0015776949003338814
1004831  0.0015768688172101974
1005159  0.0015768313314765692
1004907  0.0015758976805955172
1005032  0.0015758766094222665
1004981  0.001575833884999156
1005041  0.0015757611254230142
1004982  0.0015755457570776343
1005039  0.0015753539046272635
1004909  0.0015751835890114307
1004974  0.0015751341124996543
1004973  0.001574390335008502
1005327  0.0015742270043119788
1005271  0.0015741062816232443
1005274  0.0015740800881758332
1004896  0.0015738942893221974
1004903  0.0015738095389679074
1005029  0.0015737863723188639
1005043  0.001573772868141532
1005326  0.0015737495850771666
1005444  0.0015732328174635768
1004897  0.0015732193132862449
1004983  0.0015731765888631344
1005581  0.001572848530486226
1005162  0.001572563429363072
1005270  0.0015725070843473077
1005325  0.001572146313264966
1005030  0.0015721381641924381
1005034  0.001572112669236958
1005076  0.0015718529466539621
1005455  0.00157162023242563
1005158  0.0015716052148491144
1005482  0.001571487751789391
1004905  0.0015713704051449895
1005038  0.001571320928633213
1005193  0.0015712663298472762
1005036  0.001571154105477035
1005218  0.0015706171980127692
1005213  0.0015704818069934845
1005016  0.0015698830829933286
1005025  0.0015698083443567157
1005037  0.0015693734167143703
1005267  0.0015689408173784614
1004906  0.0015687765553593636
1005447  0.0015686899423599243
1004984  0.0015685816761106253
1005072  0.0015682574594393373
1005481  0.0015680694486945868
1005105  0.0015680603682994843
1005023  0.0015680455835536122
1005035  0.0015679484931752086
1005103  0.0015678931958973408
1005019  0.001567851402796805
1005047  0.0015677999472245574
1005104  0.0015676363836973906
1005202  0.0015674796886742115
1005484  0.0015674229944124818
1005022  0.0015673364978283644
1004853  0.0015672342851758003
1005045  0.001567215658724308
1005155  0.0015671395231038332
1005026  0.0015669403364881873
1005107  0.0015666665276512504
1005242  0.001566592720337212
1005192  0.0015664167003706098
1005073  0.001566187827847898
1005018  0.001565871643833816
1005021  0.0015656666364520788
1005156  0.0015655556926503778
1004855  0.0015654423041269183
1005044  0.0015653857262805104
1005507  0.0015652149450033903
1005268  0.001564939972013235
1005275  0.0015647419495508075
1005163  0.0015645399689674377
1005413  0.0015644156374037266
1004842  0.0015642435755580664
1004976  0.0015637632459402084
1004944  0.0015635465970262885
1004847  0.00156319176312536
1005411  0.001562956371344626
1005277  0.0015628255205228925
1005015  0.0015625532250851393
1005307  0.0015625033993273973
1005530  0.0015624967636540532
1005214  0.001562435063533485
1005531  0.0015623947838321328
1005196  0.0015621560160070658
1004850  0.001562056364491582
1005323  0.0015617782482877374
1005314  0.001561758923344314
1005451  0.0015615924494341016
1005316  0.0015615492593497038
1005199  0.001561519573442638
1005310  0.0015614518197253346
1004912  0.0015614302828907967
1005321  0.0015612682327628136
1004844  0.0015612341230735183
1005130  0.0015611998969689012
1005200  0.0015611136332154274
1005320  0.0015611032722517848
1005215  0.0015609822003170848
1005077  0.0015609561232849956
1004978  0.0015608052490279078
1005308  0.0015605139778926969
1005195  0.0015604723012074828
1005505  0.0015604649670422077
1005216  0.0015599605394527316
1005313  0.0015598922036588192
1005322  0.0015595981385558844
1005443  0.0015595625154674053
1005328  0.0015594245633110404
1005556  0.0015593011630699039
1004891  0.001559293013997376
1004852  0.0015591958072036505
1004845  0.0015591253759339452
1005201  0.0015588982496410608
1004980  0.0015587260713800788
1005456  0.0015584781067445874
1005305  0.0015580396866425872
1004986  0.001557817216962576
1005198  0.0015572120901197195
1004848  0.0015570727409794927
1004851  0.0015568147646263242
1005312  0.0015564279165118933
1005408  0.001556414645165205
1004895  0.0015563315246254206
1005165  0.0015550738899037242
1004890  0.0015549880918115377
1005317  0.0015547311631962657
1004910  0.0015540622407570481
1005504  0.0015540275489911437
1005449  0.0015538742300122976
1005412  0.0015538379084318876
1005304  0.0015536219580098987
1004894  0.0015531020471826196
1005409  0.00155286630615592
1005407  0.001552051748149097
1004977  0.0015518951695412397
1005554  0.0015510086668655276
1005450  0.0015502924798056483
1005311  0.0015469025820493698
1005533  0.0015463504241779447
1005330  0.0015422315336763859
1005553  0.0015392160275951028
1005406  0.0015359531389549375
1005404  0.0015341523103415966
1005403  0.001531544723547995
1005346  0.0015285041881725192
1004794  0.0015249650459736586
1005375  0.001517366268672049
1004793  0.0014614327810704708
1004790  0.0014574307715520263
1004594  0.0014529706677421927
1003953  0.001452861470170319
1004697  0.0014522630954161286
1004044  0.001451705931685865
1004421  0.0014515158254653215
1003980  0.0014514350332319736
1004623  0.0014508552849292755
1003982  0.0014507792657241225
1004426  0.0014504740247502923
1004041  0.0014502896228805184
1003957  0.0014499009121209383
1004731  0.0014497842639684677
1004590  0.0014497572556138039
1004583  0.0014493694761767983
1004075  0.0014491782058030367
1004420  0.0014490504981949925
1004276  0.0014489367604255676
1004595  0.0014488580636680126
1004216  0.0014477105578407645
1004620  0.0014476500218734145
1004114  0.001447215094231069
1004729  0.001446993206627667
1004064  0.0014469415182247758
1004589  0.001446732203476131
1004042  0.001446680398657918
1004023  0.0014466316206380725
1004219  0.0014465894782915711
1004585  0.0014465006534010172
1004217  0.0014463525731116533
1003977  0.001446097157895565
1003955  0.0014457163633778691
1003979  0.0014457033248618245
1004277  0.0014452057657763362
1004775  0.0014451616443693638
1004149  0.0014451128663495183
1004662  0.0014450482558459044
1004275  0.0014449668815359473
1003983  0.0014447049470618367
1004422  0.0014446140266954899
1004611  0.0014444503467530012
1004282  0.0014444476692005992
1004666  0.0014444028493016958
1004419  0.0014442824758589268
1003976  0.001444213092327118
1004076  0.0014441347448155284
1004183  0.0014437304344028234
1004112  0.0014432348543778062
1004065  0.00144307897426188
1004618  0.0014428823487833142
1004787  0.0014426186680793762
1004664  0.0014424846740439534
1004279  0.0014422909589484334
1004246  0.001442109001800418
1004068  0.0014420822262763977
1004526  0.0014416950289160013
1004606  0.0014414903707802296
1004272  0.0014414876932278275
1004414  0.0014414595207199454
1004351  0.0014414547476917505
1004069  0.0014413779135793447
1004273  0.001441334025003016
1003998  0.0014412145828828216
1004657  0.0014411726733669639
1004249  0.0014411541633307934
1004278  0.0014408399583771825
1004181  0.0014406697591766715
1004411  0.001440474996343255
1004335  0.001440445426851511
1004413  0.001440022955648601
1004072  0.0014399655628949404
1004624  0.0014398448402062058
1004177  0.001439840067178011
1004111  0.001439838670194149
1004626  0.0014398290077224374
1004144  0.0014395719626918435
1004650  0.001439478131942451
1004627  0.001439336221665144
1004785  0.001439330750145018
1004178  0.0014392560115084052
1004598  0.0014392300508916378
1004616  0.0014390607830137014
1004695  0.0014389175921678543
1004599  0.0014388600829988718
1003988  0.0014388421550393105
1004143  0.0014387448318302631
1004772  0.0014386825496330857
1004781  0.0014386229449883103
1004431  0.0014385770773515105
1004771  0.001438525621779263
1004067  0.0014384640380740166
1004698  0.001438446226529777
1004693  0.0014383147936314344
1004416  0.0014381961664184928
1003999  0.0014381257351487875
1004615  0.0014380373759195209
1004002  0.0014379729982465506
1004777  0.00143763970118016
1003984  0.0014375444734469056
1004694  0.0014374438906088471
1004780  0.0014372672885656357
1004180  0.001437254250049591
1004782  0.0014372385339811444
1004214  0.0014371919678524137
1004418  0.0014370045391842723
1004475  0.0014368806732818484
1004642  0.0014368505217134953
1004636  0.0014367856783792377
1004423  0.001436662394553423
1004668  0.001436656923033297
1004728  0.001436580321751535
1004774  0.0014365400420501828
1003990  0.0014363785739988089
1004647  0.001436122227460146
1004410  0.0014361132634803653
1004702  0.001436001737602055
1004427  0.0014359976630657911
1004415  0.00143583700992167
1004425  0.001435545738786459
1004639  0.0014353024307638407
1004635  0.0014351719291880727
1004661  0.001434811158105731
1004311  0.0014347905525937676
1004682  0.0014345803065225482
1004213  0.0014344722731038928
1004610  0.0014344416558742523
1004432  0.0014343411894515157
1004070  0.0014341608621180058
1004147  0.0014341076603159308
1003989  0.001433921279385686
1004649  0.0014338972978293896
1004779  0.0014338481705635786
1004247  0.0014337635366246104
1003995  0.0014336775057017803
1004786  0.0014330652775242925
1004659  0.0014329336117953062
1003997  0.0014328784309327602
1003993  0.0014328680699691176
1004681  0.0014323231298476458
1004108  0.0014321355847641826
1004609  0.0014319773763418198
1004686  0.001431965036317706
1004146  0.0014318969333544374
1004378  0.0014313971623778343
1004001  0.0014313140418380499
1004109  0.0014310646802186966
1004071  0.001430881442502141
1003994  0.0014306858647614717
1004655  0.001430355478078127
1004685  0.001430300995707512
1004628  0.0014301163610070944
1004429  0.0014301000628620386
1004525  0.001430015079677105
1004645  0.0014293206622824073
1004778  0.0014292900450527668
1004078  0.001427890732884407
1004021  0.0014274977147579193
1004424  0.0014274747809395194
1004646  0.0014273537090048194
1004684  0.001427177689038217
1004020  0.0014266646467149258
1004699  0.0014259869931265712
1004651  0.0014251968823373318
1004676  0.0014208311913534999
1004784  0.0014207296771928668
1004669  0.001420327927917242
1004678  0.0014164007734507322
1004674  0.0014161133440211415
1004670  0.0014149770140647888
1004783  0.0014145351015031338
1004673  0.0014078416861593723
