1100462  inf
1100463  inf
1100467  inf
1100468  inf
1100471  inf
1100474  inf
1100680  1.0
1100684  1.0
1100451  0.16666666666666666
1100454  0.16666666666666666
1100458  0.16666666666666666
1100459  0.16666666666666666
1100460  0.16666666666666666
1100461  0.16666666666666666
1100466  0.16666666666666666
1000257  0.14285714285714285
1000260  0.14285714285714285
1000261  0.14285714285714285
1000262  0.14285714285714285
1000181  0.125
1100034  0.011904761904761904
1100036  0.011904761904761904
1100038  0.011904761904761904
1100040  0.011904761904761904
1100042  0.011904761904761904
1100044  0.011904761904761904
1100046  0.011904761904761904
1100048  0.011904761904761904
1100050  0.011904761904761904
1100052  0.011904761904761904
1100054  0.011904761904761904
1100056  0.011904761904761904
1100058  0.011904761904761904
1100060  0.011904761904761904
1100062  0.011904761904761904
1100064  0.011904761904761904
1100066  0.011904761904761904
1100068  0.011904761904761904
1000192  0.0
1000193  0.0
1000217  0.0
1000236  0.0
1000258  0.0
1000265  0.0
1000286  0.0
1000315  0.0
1000341  0.0
1000342  0.0
1000367  0.0
1000395  0.0
1000422  0.0
1000423  0.0
1000425  0.0
1000426  0.0
1000452  0.0
1000482  0.0
1000483  0.0
1000485  0.0
1000486  0.0
1000515  0.0
1000516  0.0
1000518  0.0
1000519  0.0
1000520  0.0
1000521  0.0
1000523  0.0
1000524  0.0
1000526  0.0
1000527  0.0
1000530  0.0
1000560  0.0
1000561  0.0
1000564  0.0
1000565  0.0
1000566  0.0
1000568  0.0
1000569  0.0
1000571  0.0
1000572  0.0
1000575  0.0
1000600  0.0
1000630  0.0
1000631  0.0
1000633  0.0
1000634  0.0
1000635  0.0
1000637  0.0
1000659  0.0
1000660  0.0
1000662  0.0
1000663  0.0
1000665  0.0
1000692  0.0
1000693  0.0
1000695  0.0
1000696  0.0
1000698  0.0
1000699  0.0
1000701  0.0
1000726  0.0
1000727  0.0
1000728  0.0
1000729  0.0
1000730  0.0
1000731  0.0
1000733  0.0
1000760  0.0
1000761  0.0
1000763  0.0
1000793  0.0
1000794  0.0
1000796  0.0
1000824  0.0
1000825  0.0
1000827  0.0
1000864  0.0
1000865  0.0
1000867  0.0
1000905  0.0
1000923  0.0
1000924  0.0
1000926  0.0
1000927  0.0
1000929  0.0
1000930  0.0
1000932  0.0
1000933  0.0
1000935  0.0
1000937  0.0
1000938  0.0
1000940  0.0
1000941  0.0
1000942  0.0
1000971  0.0
1001007  0.0
1001008  0.0
1001010  0.0
1001011  0.0
1001013  0.0
1001014  0.0
1001015  0.0
1001017  0.0
1001018  0.0
1001020  0.0
1001021  0.0
1001022  0.0
1001025  0.0
1001051  0.0
1001052  0.0
1001054  0.0
1001089  0.0
1001090  0.0
1001092  0.0
1001119  0.0
1001120  0.0
1001122  0.0
1001160  0.0
1001200  0.0
1001201  0.0
1001203  0.0
1001230  0.0
1001231  0.0
1001233  0.0
1001269  0.0
1001270  0.0
1001272  0.0
1001273  0.0
1001275  0.0
1001276  0.0
1001278  0.0
1001279  0.0
1001282  0.0
1001283  0.0
1001284  0.0
1001287  0.0
1001313  0.0
1001314  0.0
1001316  0.0
1001342  0.0
1001343  0.0
1001345  0.0
1001373  0.0
1001374  0.0
1001376  0.0
1001377  0.0
1001378  0.0
1001379  0.0
1001380  0.0
1001383  0.0
1001396  0.0
1001397  0.0
1001399  0.0
1001400  0.0
1001401  0.0
1001402  0.0
1001405  0.0
1001434  0.0
1001435  0.0
1001437  0.0
1001438  0.0
1001439  0.0
1001440  0.0
1001441  0.0
1001442  0.0
1001443  0.0
1001444  0.0
1001445  0.0
1001447  0.0
1001448  0.0
1001451  0.0
1001456  0.0
1001483  0.0
1001484  0.0
1001486  0.0
1001516  0.0
1001517  0.0
1001519  0.0
1001520  0.0
1001521  0.0
1001522  0.0
1001523  0.0
1001524  0.0
1001525  0.0
1001526  0.0
1001527  0.0
1001528  0.0
1001530  0.0
1001532  0.0
1001533  0.0
1001537  0.0
1001542  0.0
1001574  0.0
1001575  0.0
1001577  0.0
1001607  0.0
1001608  0.0
1001610  0.0
1001611  0.0
1001612  0.0
1001613  0.0
1001615  0.0
1001616  0.0
1001617  0.0
1001618  0.0
1001619  0.0
1001620  0.0
1001621  0.0
1001628  0.0
1001630  0.0
1001657  0.0
1001658  0.0
1001660  0.0
1001661  0.0
1001662  0.0
1001663  0.0
1001664  0.0
1001665  0.0
1001666  0.0
1001667  0.0
1001669  0.0
1001670  0.0
1001671  0.0
1001675  0.0
1001704  0.0
1001705  0.0
1001707  0.0
1001708  0.0
1001710  0.0
1001711  0.0
1001713  0.0
1001740  0.0
1001741  0.0
1001743  0.0
1001772  0.0
1001773  0.0
1001775  0.0
1001776  0.0
1001777  0.0
1001778  0.0
1001779  0.0
1001780  0.0
1001781  0.0
1001782  0.0
1001783  0.0
1001784  0.0
1001786  0.0
1001788  0.0
1001789  0.0
1001793  0.0
1001798  0.0
1001825  0.0
1001826  0.0
1001828  0.0
1001861  0.0
1001862  0.0
1001864  0.0
1001867  0.0
1001869  0.0
1001870  0.0
1001871  0.0
1001872  0.0
1001873  0.0
1001875  0.0
1001876  0.0
1001877  0.0
1001880  0.0
1001881  0.0
1001885  0.0
1001915  0.0
1001916  0.0
1001918  0.0
1001919  0.0
1001920  0.0
1001921  0.0
1001922  0.0
1001923  0.0
1001924  0.0
1001926  0.0
1001927  0.0
1001928  0.0
1001931  0.0
1001961  0.0
1001962  0.0
1001966  0.0
1001967  0.0
1001970  0.0
1001971  0.0
1001973  0.0
1001974  0.0
1001977  0.0
1002016  0.0
1002017  0.0
1002021  0.0
1002022  0.0
1002024  0.0
1002025  0.0
1002029  0.0
1002030  0.0
1002034  0.0
1002035  0.0
1002038  0.0
1002039  0.0
1002041  0.0
1002042  0.0
1002045  0.0
1002071  0.0
1002072  0.0
1002074  0.0
1002075  0.0
1002077  0.0
1002078  0.0
1002080  0.0
1002104  0.0
1002105  0.0
1002107  0.0
1002108  0.0
1002110  0.0
1002111  0.0
1002113  0.0
1002142  0.0
1002143  0.0
1002145  0.0
1002146  0.0
1002148  0.0
1002149  0.0
1002151  0.0
1002152  0.0
1002154  0.0
1002187  0.0
1002188  0.0
1002190  0.0
1002191  0.0
1002193  0.0
1002194  0.0
1002195  0.0
1002197  0.0
1002229  0.0
1002230  0.0
1002232  0.0
1002233  0.0
1002235  0.0
1002236  0.0
1002237  0.0
1002239  0.0
1002270  0.0
1002271  0.0
1002273  0.0
1002274  0.0
1002275  0.0
1002277  0.0
1002310  0.0
1002311  0.0
1002313  0.0
1002314  0.0
1002316  0.0
1002317  0.0
1002318  0.0
1002320  0.0
1002347  0.0
1002378  0.0
1002379  0.0
1002381  0.0
1002382  0.0
1002383  0.0
1002384  0.0
1002385  0.0
1002388  0.0
1002414  0.0
1002415  0.0
1002417  0.0
1002418  0.0
1002419  0.0
1002421  0.0
1002422  0.0
1002423  0.0
1002424  0.0
1002425  0.0
1002426  0.0
1002427  0.0
1002428  0.0
1002430  0.0
1002431  0.0
1002432  0.0
1002433  0.0
1002435  0.0
1002436  0.0
1002437  0.0
1002438  0.0
1002439  0.0
1002441  0.0
1002472  0.0
1002500  0.0
1002529  0.0
1002563  0.0
1002590  0.0
1002621  0.0
1002650  0.0
1002683  0.0
1002702  0.0
1002703  0.0
1002706  0.0
1002708  0.0
1002709  0.0
1002712  0.0
1002714  0.0
1002717  0.0
1002719  0.0
1002720  0.0
1002721  0.0
1002722  0.0
1002723  0.0
1002724  0.0
1002726  0.0
1002727  0.0
1002728  0.0
1002730  0.0
1002731  0.0
1002732  0.0
1002736  0.0
1002741  0.0
1002745  0.0
1002746  0.0
1002747  0.0
1002748  0.0
1002749  0.0
1002751  0.0
1002754  0.0
1002758  0.0
1002759  0.0
1002763  0.0
1002792  0.0
1002828  0.0
1002846  0.0
1002847  0.0
1002849  0.0
1002850  0.0
1002851  0.0
1002853  0.0
1002854  0.0
1002855  0.0
1002856  0.0
1002857  0.0
1002858  0.0
1002859  0.0
1002860  0.0
1002861  0.0
1002862  0.0
1002864  0.0
1002865  0.0
1002867  0.0
1002868  0.0
1002869  0.0
1002871  0.0
1002872  0.0
1002874  0.0
1002911  0.0
1002951  0.0
1002973  0.0
1002974  0.0
1002976  0.0
1002977  0.0
1002978  0.0
1002980  0.0
1002981  0.0
1002982  0.0
1002983  0.0
1002984  0.0
1002985  0.0
1002987  0.0
1002988  0.0
1002989  0.0
1002990  0.0
1002991  0.0
1002992  0.0
1002993  0.0
1002995  0.0
1002996  0.0
1002998  0.0
1002999  0.0
1003001  0.0
1003002  0.0
1003003  0.0
1003005  0.0
1003007  0.0
1003008  0.0
1003009  0.0
1003010  0.0
1003011  0.0
1003012  0.0
1003013  0.0
1003014  0.0
1003016  0.0
1003017  0.0
1003019  0.0
1003020  0.0
1003022  0.0
1003023  0.0
1003024  0.0
1003026  0.0
1003028  0.0
1003029  0.0
1003030  0.0
1003031  0.0
1003032  0.0
1003033  0.0
1003034  0.0
1003036  0.0
1003037  0.0
1003039  0.0
1003040  0.0
1003042  0.0
1003043  0.0
1003044  0.0
1003047  0.0
1003048  0.0
1003050  0.0
1003073  0.0
1003101  0.0
1003119  0.0
1003120  0.0
1003122  0.0
1003123  0.0
1003125  0.0
1003126  0.0
1003127  0.0
1003128  0.0
1003129  0.0
1003130  0.0
1003131  0.0
1003132  0.0
1003134  0.0
1003135  0.0
1003136  0.0
1003137  0.0
1003138  0.0
1003140  0.0
1003141  0.0
1003142  0.0
1003144  0.0
1003146  0.0
1003147  0.0
1003175  0.0
1003201  0.0
1003202  0.0
1003204  0.0
1003233  0.0
1003234  0.0
1003236  0.0
1003265  0.0
1003266  0.0
1003268  0.0
1003297  0.0
1003298  0.0
1003300  0.0
1003329  0.0
1003330  0.0
1003332  0.0
1003361  0.0
1003362  0.0
1003364  0.0
1003393  0.0
1003394  0.0
1003396  0.0
1003425  0.0
1003426  0.0
1003428  0.0
1003459  0.0
1003460  0.0
1003462  0.0
1003463  0.0
1003464  0.0
1003466  0.0
1003467  0.0
1003468  0.0
1003469  0.0
1003471  0.0
1003472  0.0
1003475  0.0
1003510  0.0
1003511  0.0
1003513  0.0
1003514  0.0
1003515  0.0
1003517  0.0
1003518  0.0
1003519  0.0
1003520  0.0
1003522  0.0
1003524  0.0
1003559  0.0
1003560  0.0
1003562  0.0
1003563  0.0
1003564  0.0
1003566  0.0
1003567  0.0
1003568  0.0
1003569  0.0
1003571  0.0
1003573  0.0
1003608  0.0
1003609  0.0
1003611  0.0
1003612  0.0
1003613  0.0
1003615  0.0
1003616  0.0
1003617  0.0
1003618  0.0
1003620  0.0
1003622  0.0
1003657  0.0
1003658  0.0
1003660  0.0
1003661  0.0
1003662  0.0
1003664  0.0
1003665  0.0
1003666  0.0
1003667  0.0
1003669  0.0
1003671  0.0
1003706  0.0
1003707  0.0
1003709  0.0
1003710  0.0
1003711  0.0
1003713  0.0
1003714  0.0
1003715  0.0
1003716  0.0
1003718  0.0
1003720  0.0
1003755  0.0
1003756  0.0
1003758  0.0
1003759  0.0
1003760  0.0
1003762  0.0
1003763  0.0
1003764  0.0
1003765  0.0
1003767  0.0
1003769  0.0
1003804  0.0
1003805  0.0
1003807  0.0
1003808  0.0
1003809  0.0
1003811  0.0
1003812  0.0
1003813  0.0
1003814  0.0
1003816  0.0
1003818  0.0
1003846  0.0
1003847  0.0
1003849  0.0
1003888  0.0
1003889  0.0
1003891  0.0
1003892  0.0
1003897  0.0
1003898  0.0
1003899  0.0
1003902  0.0
1003904  0.0
1003905  0.0
1003906  0.0
1003908  0.0
1003909  0.0
1003912  0.0
1003932  0.0
1003933  0.0
1003935  0.0
1003936  0.0
1003938  0.0
1003939  0.0
1003940  0.0
1003944  0.0
1003945  0.0
1003946  0.0
1003949  0.0
1003950  0.0
1003951  0.0
1003952  0.0
1003953  0.0
1003955  0.0
1003957  0.0
1003976  0.0
1003977  0.0
1003979  0.0
1003980  0.0
1003982  0.0
1003983  0.0
1003984  0.0
1003988  0.0
1003989  0.0
1003990  0.0
1003993  0.0
1003994  0.0
1003995  0.0
1003997  0.0
1003998  0.0
1003999  0.0
1004001  0.0
1004002  0.0
1004020  0.0
1004021  0.0
1004023  0.0
1004041  0.0
1004042  0.0
1004044  0.0
1004064  0.0
1004065  0.0
1004067  0.0
1004068  0.0
1004069  0.0
1004070  0.0
1004071  0.0
1004072  0.0
1004075  0.0
1004076  0.0
1004078  0.0
1004108  0.0
1004109  0.0
1004111  0.0
1004112  0.0
1004114  0.0
1004143  0.0
1004144  0.0
1004146  0.0
1004147  0.0
1004149  0.0
1004177  0.0
1004178  0.0
1004180  0.0
1004181  0.0
1004183  0.0
1004213  0.0
1004214  0.0
1004216  0.0
1004217  0.0
1004219  0.0
1004246  0.0
1004247  0.0
1004249  0.0
1004272  0.0
1004273  0.0
1004275  0.0
1004276  0.0
1004277  0.0
1004278  0.0
1004279  0.0
1004282  0.0
1004311  0.0
1004335  0.0
1004351  0.0
1004378  0.0
1004410  0.0
1004411  0.0
1004413  0.0
1004414  0.0
1004415  0.0
1004416  0.0
1004418  0.0
1004419  0.0
1004420  0.0
1004421  0.0
1004422  0.0
1004423  0.0
1004424  0.0
1004425  0.0
1004426  0.0
1004427  0.0
1004429  0.0
1004431  0.0
1004432  0.0
1004475  0.0
1004525  0.0
1004526  0.0
1004583  0.0
1004585  0.0
1004589  0.0
1004590  0.0
1004594  0.0
1004595  0.0
1004598  0.0
1004599  0.0
1004606  0.0
1004609  0.0
1004610  0.0
1004611  0.0
1004615  0.0
1004616  0.0
1004618  0.0
1004620  0.0
1004623  0.0
1004624  0.0
1004626  0.0
1004627  0.0
1004628  0.0
1004635  0.0
1004636  0.0
1004639  0.0
1004642  0.0
1004645  0.0
1004646  0.0
1004647  0.0
1004649  0.0
1004650  0.0
1004651  0.0
1004655  0.0
1004657  0.0
1004659  0.0
1004661  0.0
1004662  0.0
1004664  0.0
1004666  0.0
1004668  0.0
1004669  0.0
1004670  0.0
1004673  0.0
1004674  0.0
1004676  0.0
1004678  0.0
1004681  0.0
1004682  0.0
1004684  0.0
1004685  0.0
1004686  0.0
1004693  0.0
1004694  0.0
1004695  0.0
1004697  0.0
1004698  0.0
1004699  0.0
1004702  0.0
1004728  0.0
1004729  0.0
1004731  0.0
1004771  0.0
1004772  0.0
1004774  0.0
1004775  0.0
1004777  0.0
1004778  0.0
1004779  0.0
1004780  0.0
1004781  0.0
1004782  0.0
1004783  0.0
1004784  0.0
1004785  0.0
1004786  0.0
1004787  0.0
1004790  0.0
1004793  0.0
1004794  0.0
1004796  0.0
1004831  0.0
1004832  0.0
1004834  0.0
1004835  0.0
1004837  0.0
1004838  0.0
1004839  0.0
1004841  0.0
1004842  0.0
1004844  0.0
1004845  0.0
1004847  0.0
1004848  0.0
1004850  0.0
1004851  0.0
1004852  0.0
1004853  0.0
1004855  0.0
1004890  0.0
1004891  0.0
1004894  0.0
1004895  0.0
1004896  0.0
1004897  0.0
1004899  0.0
1004902  0.0
1004903  0.0
1004905  0.0
1004906  0.0
1004907  0.0
1004909  0.0
1004910  0.0
1004912  0.0
1004944  0.0
1004973  0.0
1004974  0.0
1004976  0.0
1004977  0.0
1004978  0.0
1004980  0.0
1004981  0.0
1004982  0.0
1004983  0.0
1004984  0.0
1004986  0.0
1005015  0.0
1005016  0.0
1005018  0.0
1005019  0.0
1005021  0.0
1005022  0.0
1005023  0.0
1005025  0.0
1005026  0.0
1005029  0.0
1005030  0.0
1005032  0.0
1005034  0.0
1005035  0.0
1005036  0.0
1005037  0.0
1005038  0.0
1005039  0.0
1005041  0.0
1005043  0.0
1005044  0.0
1005045  0.0
1005047  0.0
1005072  0.0
1005073  0.0
1005076  0.0
1005077  0.0
1005103  0.0
1005104  0.0
1005105  0.0
1005107  0.0
1005130  0.0
1005155  0.0
1005156  0.0
1005158  0.0
1005159  0.0
1005160  0.0
1005162  0.0
1005163  0.0
1005165  0.0
1005192  0.0
1005193  0.0
1005195  0.0
1005196  0.0
1005198  0.0
1005199  0.0
1005200  0.0
1005201  0.0
1005202  0.0
1005204  0.0
1005205  0.0
1005208  0.0
1005209  0.0
1005210  0.0
1005211  0.0
1005213  0.0
1005214  0.0
1005215  0.0
1005216  0.0
1005218  0.0
1005242  0.0
1005267  0.0
1005268  0.0
1005270  0.0
1005271  0.0
1005272  0.0
1005274  0.0
1005275  0.0
1005277  0.0
1005304  0.0
1005305  0.0
1005307  0.0
1005308  0.0
1005310  0.0
1005311  0.0
1005312  0.0
1005313  0.0
1005314  0.0
1005316  0.0
1005317  0.0
1005320  0.0
1005321  0.0
1005322  0.0
1005323  0.0
1005325  0.0
1005326  0.0
1005327  0.0
1005328  0.0
1005330  0.0
1005346  0.0
1005375  0.0
1005403  0.0
1005404  0.0
1005406  0.0
1005407  0.0
1005408  0.0
1005409  0.0
1005411  0.0
1005412  0.0
1005413  0.0
1005443  0.0
1005444  0.0
1005446  0.0
1005447  0.0
1005449  0.0
1005450  0.0
1005451  0.0
1005452  0.0
1005454  0.0
1005455  0.0
1005456  0.0
1005481  0.0
1005482  0.0
1005484  0.0
1005504  0.0
1005505  0.0
1005507  0.0
1005530  0.0
1005531  0.0
1005533  0.0
1005553  0.0
1005554  0.0
1005556  0.0
1005581  0.0
1005582  0.0
1005585  0.0
1005586  0.0
1005588  0.0
1005591  0.0
1005619  0.0
1005620  0.0
1005623  0.0
1005624  0.0
1005626  0.0
1005629  0.0
1005663  0.0
1005664  0.0
1005667  0.0
1005669  0.0
1005670  0.0
1005671  0.0
1005672  0.0
1005673  0.0
1005674  0.0
1005675  0.0
1005676  0.0
1005679  0.0
1005705  0.0
1005706  0.0
1005708  0.0
1005709  0.0
1005710  0.0
1005711  0.0
1005712  0.0
1005714  0.0
1005740  0.0
1005741  0.0
1005743  0.0
1005744  0.0
1005745  0.0
1005746  0.0
1005749  0.0
1005775  0.0
1005776  0.0
1005778  0.0
1005779  0.0
1005780  0.0
1005781  0.0
1005784  0.0
1005810  0.0
1005811  0.0
1005813  0.0
1005814  0.0
1005815  0.0
1005816  0.0
1005819  0.0
1005845  0.0
1005846  0.0
1005848  0.0
1005849  0.0
1005850  0.0
1005851  0.0
1005854  0.0
1005884  0.0
1005885  0.0
1005887  0.0
1005888  0.0
1005889  0.0
1005890  0.0
1005893  0.0
1005927  0.0
1005928  0.0
1005930  0.0
1005931  0.0
1005932  0.0
1005933  0.0
1005936  0.0
1005964  0.0
1005965  0.0
1005967  0.0
1005968  0.0
1005969  0.0
1005970  0.0
1005973  0.0
1005997  0.0
1005998  0.0
1006000  0.0
1006001  0.0
1006002  0.0
1006003  0.0
1006006  0.0
1006029  0.0
1006030  0.0
1006032  0.0
1006033  0.0
1006034  0.0
1006035  0.0
1006038  0.0
1006061  0.0
1006062  0.0
1006064  0.0
1006065  0.0
1006066  0.0
1006067  0.0
1006070  0.0
1006092  0.0
1006113  0.0
1006135  0.0
1006157  0.0
1006177  0.0
1006178  0.0
1006180  0.0
1006203  0.0
1006204  0.0
1006208  0.0
1006209  0.0
1006210  0.0
1006248  0.0
1006287  0.0
1006288  0.0
1006290  0.0
1006291  0.0
1006293  0.0
1006294  0.0
1006296  0.0
1006297  0.0
1006299  0.0
1006300  0.0
1006302  0.0
1006303  0.0
1006304  0.0
1006306  0.0
1006307  0.0
1006309  0.0
1006310  0.0
1006312  0.0
1006345  0.0
1006346  0.0
1006349  0.0
1006350  0.0
1006353  0.0
1006354  0.0
1006355  0.0
1006357  0.0
1006358  0.0
1006359  0.0
1006360  0.0
1006362  0.0
1006396  0.0
1006397  0.0
1006399  0.0
1006400  0.0
1006402  0.0
1006403  0.0
1006404  0.0
1006406  0.0
1006435  0.0
1006436  0.0
1006438  0.0
1006439  0.0
1006442  0.0
1006443  0.0
1006444  0.0
1006447  0.0
1006448  0.0
1006450  0.0
1006486  0.0
1006487  0.0
1006489  0.0
1006490  0.0
1006491  0.0
1006492  0.0
1006493  0.0
1006498  0.0
1006499  0.0
1006500  0.0
1006501  0.0
1006503  0.0
1006504  0.0
1006505  0.0
1006510  0.0
1006511  0.0
1006515  0.0
1006516  0.0
1006520  0.0
1006521  0.0
1006522  0.0
1006523  0.0
1006524  0.0
1006525  0.0
1006526  0.0
1006529  0.0
1006530  0.0
1006534  0.0
1006538  0.0
1006540  0.0
1006577  0.0
1006578  0.0
1006580  0.0
1006581  0.0
1006583  0.0
1006584  0.0
1006586  0.0
1006587  0.0
1006589  0.0
1006592  0.0
1006635  0.0
1006636  0.0
1006656  0.0
1006657  0.0
1006659  0.0
1006660  0.0
1006661  0.0
1006662  0.0
1006665  0.0
1006667  0.0
1006668  0.0
1006669  0.0
1006670  0.0
1006671  0.0
1006674  0.0
1006675  0.0
1006686  0.0
1006687  0.0
1006690  0.0
1006691  0.0
1006692  0.0
1006694  0.0
1006695  0.0
1006697  0.0
1006701  0.0
1006702  0.0
1006703  0.0
1006708  0.0
1006744  0.0
1006745  0.0
1006747  0.0
1006748  0.0
1006795  0.0
1006796  0.0
1006799  0.0
1006800  0.0
1006801  0.0
1006802  0.0
1006805  0.0
1006807  0.0
1006808  0.0
1006809  0.0
1006810  0.0
1006811  0.0
1006814  0.0
1006815  0.0
1006819  0.0
1006820  0.0
1006821  0.0
1006825  0.0
1006826  0.0
1006829  0.0
1006830  0.0
1006831  0.0
1006834  0.0
1006835  0.0
1006838  0.0
1006839  0.0
1006843  0.0
1006844  0.0
1006848  0.0
1006849  0.0
1006851  0.0
1006854  0.0
1006859  0.0
1006860  0.0
1006861  0.0
1006866  0.0
1006867  0.0
1006869  0.0
1006898  0.0
1006924  0.0
1006939  0.0
1006940  0.0
1006942  0.0
1006943  0.0
1006945  0.0
1006968  0.0
1006969  0.0
1006971  0.0
1006972  0.0
1006973  0.0
1006976  0.0
1007006  0.0
1007033  0.0
1007048  0.0
1007049  0.0
1007051  0.0
1007052  0.0
1007054  0.0
1007055  0.0
1007100  0.0
1007101  0.0
1007103  0.0
1007125  0.0
1007126  0.0
1007128  0.0
1007129  0.0
1007130  0.0
1007133  0.0
1007148  0.0
1007149  0.0
1007151  0.0
1007152  0.0
1007153  0.0
1007154  0.0
1007158  0.0
1007196  0.0
1007234  0.0
1007249  0.0
1007250  0.0
1007252  0.0
1007253  0.0
1007254  0.0
1007255  0.0
1007259  0.0
1007297  0.0
1007335  0.0
1007353  0.0
1100078  0.0
1100079  0.0
1100100  0.0
1100121  0.0
1100122  0.0
1100125  0.0
1100126  0.0
1100127  0.0
1100149  0.0
1100170  0.0
1100171  0.0
1100174  0.0
1100175  0.0
1100176  0.0
1100199  0.0
1100222  0.0
1100223  0.0
1100226  0.0
1100227  0.0
1100228  0.0
1100251  0.0
1100274  0.0
1100275  0.0
1100278  0.0
1100279  0.0
1100280  0.0
1100303  0.0
1100324  0.0
1100325  0.0
1100328  0.0
1100329  0.0
1100330  0.0
1100352  0.0
1100373  0.0
1100374  0.0
1100377  0.0
1100378  0.0
1100379  0.0
1100452  0.0
1100455  0.0
1100469  0.0
1100472  0.0
1100476  0.0
1100480  0.0
1100481  0.0
1100485  0.0
1100486  0.0
1100488  0.0
1100489  0.0
1100490  0.0
1100492  0.0
1100494  0.0
1100496  0.0
1100497  0.0
1100499  0.0
1100500  0.0
1100501  0.0
1100503  0.0
1100505  0.0
1100507  0.0
1100509  0.0
1100510  0.0
1100511  0.0
1100513  0.0
1100516  0.0
1100517  0.0
1100518  0.0
1100521  0.0
1100525  0.0
1100526  0.0
1100529  0.0
1100532  0.0
1100536  0.0
1100537  0.0
1100540  0.0
1100543  0.0
1100545  0.0
1100550  0.0
1100551  0.0
1100552  0.0
1100554  0.0
1100556  0.0
1100558  0.0
1100559  0.0
1100564  0.0
1100570  0.0
1100571  0.0
1100573  0.0
1100575  0.0
1100578  0.0
1100579  0.0
1100583  0.0
1100584  0.0
1100587  0.0
1100591  0.0
1100593  0.0
1100594  0.0
1100595  0.0
1100596  0.0
1100599  0.0
1100601  0.0
1100603  0.0
1100604  0.0
1100605  0.0
1100606  0.0
1100609  0.0
1100611  0.0
1100613  0.0
1100625  0.0
1100626  0.0
1100628  0.0
1100629  0.0
1100630  0.0
1100633  0.0
1100647  0.0
1100648  0.0
1100650  0.0
1100663  0.0
1100664  0.0
1100666  0.0
1100681  0.0
1100698  0.0
1100699  0.0
1100701  0.0
1100715  0.0
1100716  0.0
1100718  0.0
1100719  0.0
1100720  0.0
1100721  0.0
1100722  0.0
1100723  0.0
1100725  0.0
1100726  0.0
1100727  0.0
1100728  0.0
1100729  0.0
1100730  0.0
1100731  0.0
1100732  0.0
1100733  0.0
1100736  0.0
1100737  0.0
1100750  0.0
1100751  0.0
1100754  0.0
1100755  0.0
1100757  0.0
1100762  0.0
1100764  0.0
1100779  0.0
1100782  0.0
1100783  0.0
1100784  0.0
1100785  0.0
1100789  0.0
1100802  0.0
1100805  0.0
1100806  0.0
1100807  0.0
1100808  0.0
1100812  0.0
1100825  0.0
1100828  0.0
1100829  0.0
1100830  0.0
1100831  0.0
1100835  0.0
1100848  0.0
1100851  0.0
1100852  0.0
1100853  0.0
1100854  0.0
1100858  0.0
1100872  0.0
1100875  0.0
1100876  0.0
1100877  0.0
1100878  0.0
1100880  0.0
1100881  0.0
1100885  0.0
1100899  0.0
1100902  0.0
1100903  0.0
1100904  0.0
1100905  0.0
1100907  0.0
1100908  0.0
1100912  0.0
1100927  0.0
1100930  0.0
1100931  0.0
1100932  0.0
1100933  0.0
1100937  0.0
1100950  0.0
1100953  0.0
1100954  0.0
1100955  0.0
1100956  0.0
1100960  0.0
1100973  0.0
1100976  0.0
1100977  0.0
1100978  0.0
1100979  0.0
1100983  0.0
1100996  0.0
1100999  0.0
1101000  0.0
1101001  0.0
1101002  0.0
1101006  0.0
1101020  0.0
1101023  0.0
1101024  0.0
1101025  0.0
1101026  0.0
1101028  0.0
1101029  0.0
1101033  0.0
1101047  0.0
1101050  0.0
1101051  0.0
1101052  0.0
1101053  0.0
1101055  0.0
1101056  0.0
1101060  0.0
1101070  0.0
1101071  0.0
1101072  0.0
1101073  0.0
1101075  0.0
1101088  0.0
1101089  0.0
1101091  0.0
1101092  0.0
1101094  0.0
1101106  0.0
1101107  0.0
1101109  0.0
1101110  0.0
1101112  0.0
1101124  0.0
1101125  0.0
1101127  0.0
1101128  0.0
1101130  0.0
1101142  0.0
1101143  0.0
1101145  0.0
1101146  0.0
1101148  0.0
1101164  0.0
1101180  0.0
1101194  0.0
1101195  0.0
1101197  0.0
1101198  0.0
1101200  0.0
1101212  0.0
1101213  0.0
1101215  0.0
1101216  0.0
1101218  0.0
1101230  0.0
1101231  0.0
1101233  0.0
1101234  0.0
1101236  0.0
1101248  0.0
1101249  0.0
1101251  0.0
1101252  0.0
1101254  0.0
1101270  0.0
1101286  0.0
1101301  0.0
1101302  0.0
1101304  0.0
1101305  0.0
1101306  0.0
1101309  0.0
1101326  0.0
1101327  0.0
1101329  0.0
1101330  0.0
1101331  0.0
1101332  0.0
1101333  0.0
1101334  0.0
1101336  0.0
1101337  0.0
1101338  0.0
1101339  0.0
1101340  0.0
1101343  0.0
1101344  0.0
1101347  0.0
1101350  0.0
1101352  0.0
1101354  0.0
1101357  0.0
1101358  0.0
1101359  0.0
1101360  0.0
1101362  0.0
1101363  0.0
1101365  0.0
1101367  0.0
1101368  0.0
1101370  0.0
1101372  0.0
1101374  0.0
1101375  0.0
1101377  0.0
1101378  0.0
1101379  0.0
1101380  0.0
1101381  0.0
1101383  0.0
1101384  0.0
1101386  0.0
1101388  0.0
1101390  0.0
1101391  0.0
1101393  0.0
1101395  0.0
1101397  0.0
1101399  0.0
1101400  0.0
1101402  0.0
1101405  0.0
1101407  0.0
1101412  0.0
1101414  0.0
1101417  0.0
1101420  0.0
1101424  0.0
