1100463  0.233464315533638
1100462  0.23274224996566772
1100471  0.23229806125164032
1100680  0.23148538172245026
1100684  0.2302500456571579
1100474  0.23002485930919647
1100468  0.22978989779949188
1100454  0.22974088788032532
1000257  0.22934165596961975
1100467  0.2289987951517105
1100466  0.2289329469203949
1100459  0.22889834642410278
1100458  0.2287030667066574
1100461  0.2280832976102829
1000262  0.22784288227558136
1000181  0.2276199907064438
1100460  0.22754953801631927
1100451  0.22606389224529266
1000261  0.2240244448184967
1000260  0.22345395386219025
1004729  0.21793614327907562
1002855  0.2177354395389557
1101309  0.21690337359905243
1003142  0.21668760478496552
1001974  0.21629564464092255
1003468  0.21594461798667908
1002992  0.21582767367362976
1002151  0.2157408446073532
1006584  0.2157212495803833
1006581  0.2155509889125824
1001201  0.21553616225719452
1006000  0.21550260484218597
1005325  0.21539808809757233
1001867  0.2153814733028412
1002861  0.21536919474601746
1002347  0.21528612077236176
1006304  0.2150845229625702
1003618  0.21507348120212555
1005936  0.21504661440849304
1007153  0.21501940488815308
1003136  0.21497809886932373
1006504  0.21494528651237488
1000698  0.21486985683441162
1101352  0.21485546231269836
1004272  0.21478863060474396
1000575  0.2147883027791977
1005204  0.21476776897907257
1001743  0.2146391123533249
1100732  0.21458372473716736
1005623  0.21457120776176453
1001707  0.21455875039100647
1001670  0.21454104781150818
1000518  0.21450023353099823
1001233  0.21449226140975952
1100881  0.21445544064044952
1001872  0.21443015336990356
1002973  0.21441321074962616
1006971  0.2143796980381012
1003976  0.21437738835811615
1002107  0.21432332694530487
1006526  0.21430544555187225
1101386  0.2141147404909134
1002976  0.21408939361572266
1005304  0.21407732367515564
1002381  0.21401818096637726
1003818  0.21400649845600128
1006350  0.21400265395641327
1000793  0.21395328640937805
1000935  0.21394895017147064
1003571  0.21394552290439606
1101388  0.21393951773643494
1001918  0.21392156183719635
1000395  0.21391704678535461
1001525  0.2139037847518921
1000923  0.2138904333114624
1006976  0.2138856053352356
1101377  0.21387691795825958
1005530  0.2138742208480835
1002721  0.21387127041816711
1002235  0.21386772394180298
1005746  0.2138654738664627
1005214  0.21384161710739136
1005893  0.21382838487625122
1000341  0.21382363140583038
1005015  0.21380800008773804
1005745  0.21380732953548431
1006300  0.2137765735387802
1002071  0.213772252202034
1002274  0.213739275932312
1005026  0.21373029053211212
1004796  0.21371527016162872
1003131  0.2136896848678589
1100721  0.21368329226970673
1007103  0.2136826068162918
1101233  0.21368227899074554
1006439  0.21368011832237244
1001788  0.2136789858341217
1002749  0.21367193758487701
1003524  0.21366390585899353
1001008  0.2136549949645996
1004249  0.21364142000675201
1002472  0.2136351317167282
1004686  0.21361996233463287
1100954  0.2136181741952896
1002152  0.2136036902666092
1003029  0.21360215544700623
1001961  0.21358540654182434
1000794  0.2135828286409378
1005308  0.21356187760829926
1005310  0.21353961527347565
1000726  0.21353769302368164
1006691  0.2135239541530609
1003945  0.21347887814044952
1004899  0.21346238255500793
1005670  0.21345214545726776
1007151  0.21344389021396637
1005406  0.2134406417608261
1100730  0.2134125977754593
1101405  0.21339863538742065
1004676  0.2133973091840744
1004311  0.2133934199810028
1005019  0.2133350670337677
1006065  0.2133319228887558
1003998  0.2133261263370514
1000635  0.21332359313964844
1006525  0.21330232918262482
1005849  0.21329385042190552
1002313  0.2132847160100937
1006940  0.2132449597120285
1005711  0.21322913467884064
1003950  0.2132285088300705
1001054  0.21321898698806763
1006450  0.21321430802345276
1100725  0.21320344507694244
1003005  0.21319349110126495
1007255  0.21319149434566498
1001435  0.21318989992141724
1005443  0.2131836712360382
1000662  0.2131768763065338
1003002  0.2131710797548294
1006515  0.21316687762737274
1000565  0.21316656470298767
1003394  0.2131664901971817
1006003  0.21316207945346832
1003952  0.2131577581167221
1100698  0.21315713226795197
1001920  0.21312962472438812
1003573  0.2131279706954956
1006209  0.21311664581298828
1000933  0.21311268210411072
1100933  0.21310900151729584
1006492  0.21310298144817352
1100199  0.2131027728319168
1005041  0.21310000121593475
1005456  0.21308094263076782
1004831  0.21307243406772614
1003622  0.2130330353975296
1004181  0.2129652053117752
1006307  0.21296276152133942
1005107  0.21293187141418457
1001928  0.21293099224567413
1001533  0.2129211574792862
1001345  0.2129046767950058
1002847  0.2128983438014984
1001621  0.21289807558059692
1100303  0.2128661721944809
1000452  0.2128629982471466
1001276  0.2128608524799347
1003467  0.21286077797412872
1006499  0.21284931898117065
1003120  0.21283744275569916
1001628  0.21283696591854095
1001610  0.21281471848487854
1001875  0.2128080278635025
1002236  0.2128053903579712
1001015  0.212800070643425
1001675  0.21279776096343994
1004685  0.212783545255661
1003026  0.21278193593025208
1005932  0.21277359127998352
1005198  0.21276932954788208
1004422  0.21276627480983734
1100583  0.21275733411312103
1001666  0.2127441167831421
1006447  0.21274077892303467
1101148  0.21272781491279602
1003897  0.2127208560705185
1003033  0.21268446743488312
1002758  0.2126728594303131
1004273  0.21267275512218475
1006501  0.21265681087970734
1003888  0.21265451610088348
1001440  0.21263980865478516
1001519  0.21262644231319427
1003010  0.2126256227493286
1004589  0.2126251608133316
1005155  0.21261464059352875
1005675  0.21261125802993774
1004853  0.212608203291893
1002871  0.21260617673397064
1000659  0.21258169412612915
1002792  0.21257971227169037
1006748  0.21257807314395905
1101383  0.21256646513938904
1002277  0.21256545186042786
1005452  0.21255868673324585
1006690  0.2125501036643982
1003034  0.21254386007785797
1006113  0.21253825724124908
1005846  0.2125188708305359
1001441  0.2125096619129181
1004842  0.21250315010547638
1006038  0.2124871015548706
1005446  0.2124641090631485
1003518  0.2124495506286621
1006157  0.21244440972805023
1000516  0.21243025362491608
1004114  0.2124166339635849
1006701  0.21241120994091034
1101381  0.21240998804569244
1003127  0.21240773797035217
1006697  0.2123945951461792
1005103  0.21239380538463593
1007054  0.2123894840478897
1004910  0.21237780153751373
1003330  0.21237444877624512
1100379  0.21236607432365417
1005927  0.21236348152160645
1101402  0.21235668659210205
1005815  0.21235442161560059
1006404  0.21234771609306335
1000527  0.21234694123268127
1004896  0.21234659850597382
1001439  0.21231237053871155
1101218  0.21231117844581604
1005884  0.21230889856815338
1001451  0.2123059630393982
1006520  0.21230408549308777
1004416  0.21230356395244598
1006204  0.21229422092437744
1007254  0.212289959192276
1005047  0.2122679352760315
1006360  0.2122432291507721
1004664  0.21223974227905273
1005242  0.2122238129377365
1003999  0.21221685409545898
1101397  0.21221178770065308
1002193  0.21220457553863525
1101198  0.2122035026550293
1100513  0.21219739317893982
1005218  0.21219636499881744
1002188  0.21219536662101746
1005202  0.21217940747737885
1000665  0.21217846870422363
1001574  0.21215073764324188
1006694  0.21213962137699127
1001881  0.21212755143642426
1003459  0.21211890876293182
1001520  0.21211571991443634
1002232  0.2121146023273468
1006403  0.21209581196308136
1001051  0.21208806335926056
1002072  0.2120848298072815
1003141  0.21208448708057404
1007196  0.2120768427848816
1002029  0.21207335591316223
1005556  0.2120727300643921
1002415  0.21206828951835632
1005346  0.21206828951835632
1006657  0.2120649665594101
1004909  0.2120647132396698
1005451  0.21204493939876556
1001090  0.21203413605690002
1006001  0.2120218724012375
1001528  0.2120155245065689
1000699  0.212009996175766
1006635  0.2120099514722824
1101414  0.2119944840669632
1005039  0.21199174225330353
1101332  0.21199093759059906
1005965  0.21198607981204987
1002435  0.2119852602481842
1002190  0.21197950839996338
1006346  0.21197305619716644
1006034  0.21197207272052765
1000938  0.21197019517421722
1101384  0.21196547150611877
1003715  0.21196117997169495
1003755  0.21195919811725616
1006002  0.21195869147777557
1004697  0.21195469796657562
1002436  0.21195359528064728
1007253  0.2119254320859909
1100472  0.2119216024875641
1002034  0.21191714704036713
1004650  0.21190862357616425
1005964  0.21190539002418518
1007158  0.21190376579761505
1005211  0.21190288662910461
1000569  0.21190245449543
1002154  0.21189932525157928
1003134  0.21189671754837036
1002024  0.21189282834529877
1005816  0.21188132464885712
1002736  0.21187998354434967
1002709  0.21186186373233795
1002311  0.21186083555221558
1007148  0.21185870468616486
1101357  0.2118573933839798
1101249  0.21185532212257385
1100878  0.21184468269348145
1101336  0.2118442803621292
1006516  0.21184179186820984
1004583  0.21184010803699493
1006355  0.21183879673480988
1006843  0.21183785796165466
1001542  0.21183520555496216
1002384  0.21183496713638306
1005021  0.21183477342128754
1004787  0.21183259785175323
1004147  0.211831733584404
1000733  0.21182915568351746
1101000  0.21182210743427277
1101060  0.21182072162628174
1004427  0.21181924641132355
1000824  0.21181891858577728
1101092  0.2118021547794342
1006848  0.21180099248886108
1005316  0.2117929309606552
1002439  0.2117892950773239
1000693  0.21178068220615387
1005072  0.2117716670036316
1004771  0.21176761388778687
1001021  0.211767315864563
1006067  0.21175135672092438
1002113  0.21174952387809753
1005973  0.21174177527427673
1005320  0.21173852682113647
1002316  0.21173438429832458
1101215  0.21173010766506195
1100325  0.21172411739826202
1004855  0.21171516180038452
1006443  0.21170766651630402
1006578  0.21170736849308014
1002318  0.2117064744234085
1100558  0.21167956292629242
1101399  0.21167168021202087
1001775  0.21166592836380005
1006312  0.21166540682315826
1001662  0.21165220439434052
1101379  0.21165168285369873
1006061  0.21164929866790771
1006854  0.2116481363773346
1001713  0.21163994073867798
1100510  0.21163493394851685
1100848  0.21163319051265717
1100999  0.21163049340248108
1005215  0.21162116527557373
1003137  0.21161967515945435
1003011  0.21161866188049316
1002111  0.21161365509033203
1003329  0.21161244809627533
1005890  0.2116083949804306
1100606  0.21160811185836792
1003022  0.21160538494586945
1006969  0.21160198748111725
1005043  0.21159818768501282
1002731  0.21159788966178894
1006867  0.21159572899341583
1003608  0.21159332990646362
1006306  0.21158072352409363
1006529  0.21157297492027283
1006491  0.21157260239124298
1003300  0.21156977117061615
1100500  0.21156500279903412
1001120  0.21156030893325806
1006030  0.2115529626607895
1004891  0.21154853701591492
1005667  0.2115483582019806
1000193  0.21154826879501343
1006844  0.21151724457740784
1100377  0.21151399612426758
1101254  0.21149569749832153
1003905  0.21148964762687683
1001922  0.21147550642490387
1002422  0.2114744931459427
1002859  0.21147288382053375
1002759  0.2114667296409607
1002982  0.21146643161773682
1000342  0.21145321428775787
1001447  0.21145133674144745
1003671  0.2114500254392624
1001273  0.21144677698612213
1004649  0.2114419788122177
1005813  0.2114381641149521
1101197  0.21143744885921478
1003984  0.21143469214439392
1006968  0.21143370866775513
1006811  0.21142920851707458
1004618  0.21142657101154327
1001663  0.21141864359378815
1006825  0.2114144265651703
1100228  0.21140839159488678
1002045  0.21139611303806305
1000523  0.21139025688171387
1002425  0.21138739585876465
1101124  0.21138441562652588
1005968  0.21138137578964233
1004837  0.21137981116771698
1003957  0.21137875318527222
1004912  0.21137651801109314
1000631  0.2113734632730484
1006800  0.21136268973350525
1005779  0.21136155724525452
1003332  0.21136146783828735
1004526  0.21135206520557404
1005449  0.21135152876377106
1101231  0.21133847534656525
1005034  0.21133719384670258
1006831  0.21133343875408173
1100525  0.21133184432983398
1006583  0.21132931113243103
1001313  0.21132797002792358
1100726  0.21132494509220123
1100905  0.2113233506679535
1101002  0.2113170474767685
1100733  0.2113078534603119
1006636  0.2112962007522583
1002042  0.21129147708415985
1003001  0.2112802416086197
1004902  0.21127760410308838
1004598  0.21127566695213318
1005317  0.2112647444009781
1005708  0.2112647444009781
1100596  0.21126171946525574
1003233  0.21125958859920502
1003758  0.21125823259353638
1001282  0.21125291287899017
1002426  0.21125008165836334
1101390  0.21124348044395447
1006358  0.21124178171157837
1002388  0.21124058961868286
1005629  0.21123367547988892
1005749  0.21122506260871887
1001619  0.21122407913208008
1007133  0.21121452748775482
1004020  0.2112129181623459
1002105  0.21120834350585938
1003202  0.21120759844779968
1100175  0.2111784964799881
1004075  0.21117405593395233
1006345  0.21116553246974945
1100278  0.21115025877952576
1100876  0.21113818883895874
1001660  0.211137592792511
1005679  0.2111375480890274
1003361  0.21113274991512299
1005158  0.21113096177577972
1004702  0.211117222905159
1004780  0.21111701428890228
1101365  0.21108956634998322
1001020  0.21108275651931763
1003515  0.21107466518878937
1000825  0.21106058359146118
1001613  0.21105369925498962
1004069  0.2110513597726822
1003756  0.21105080842971802
1004673  0.21104909479618073
1006503  0.21103571355342865
1002722  0.21103540062904358
1001971  0.2110348641872406
1002683  0.21103446185588837
1001400  0.2110307216644287
1000865  0.21102961897850037
1100783  0.21102741360664368
1003144  0.21102511882781982
1005504  0.21102316677570343
1004177  0.21102003753185272
1004624  0.2110188603401184
1005447  0.21100682020187378
1100629  0.2110053300857544
1003706  0.21100346744060516
1005022  0.21100324392318726
1001270  0.2110019326210022
1004042  0.21099883317947388
1002500  0.21099641919136047
1004693  0.21099454164505005
1100937  0.2109854519367218
1006299  0.21098338067531586
1005411  0.2109822928905487
1002237  0.21097534894943237
1007154  0.2109752744436264
1001966  0.21097002923488617
1100976  0.2109677642583847
1005016  0.2109648734331131
1004655  0.2109537124633789
1100828  0.2109534591436386
1005271  0.21095100045204163
1100835  0.21094848215579987
1004275  0.2109455019235611
1001383  0.21094085276126862
1001786  0.21093901991844177
1003472  0.21093545854091644
1003517  0.21092617511749268
1100853  0.21090571582317352
1004986  0.21089522540569305
1001871  0.21089383959770203
1000560  0.2108914703130722
1001608  0.2108890861272812
1001017  0.21087823808193207
1003562  0.21087810397148132
1004419  0.21087399125099182
1006665  0.21086741983890533
1003953  0.21086271107196808
1006489  0.2108583301305771
1100789  0.21085785329341888
1003906  0.2108546942472458
1006589  0.21084995567798615
1005778  0.2108488529920578
1003661  0.2108418047428131
1005023  0.2108348160982132
1000827  0.2108328640460968
1006444  0.21083246171474457
1003128  0.21082839369773865
1100584  0.21082627773284912
1006924  0.21081925928592682
1100950  0.21081629395484924
1004984  0.2108139842748642
1006530  0.2108045071363449
1003032  0.2108021229505539
1101350  0.2108006775379181
1005624  0.2107984572649002
1100529  0.2107926458120346
1002846  0.21079155802726746
1004628  0.21078841388225555
1003946  0.2107868790626526
1100149  0.21078065037727356
1003023  0.2107802778482437
1002865  0.21077480912208557
1007126  0.21077457070350647
1003520  0.21077260375022888
1005196  0.21076354384422302
1004646  0.21075955033302307
1004847  0.21075944602489471
1000521  0.21075794100761414
1100578  0.21075701713562012
1005268  0.21074706315994263
1000315  0.21073882281780243
1002974  0.21073651313781738
1002854  0.21073411405086517
1001970  0.21072988212108612
1002379  0.21072636544704437
1101424  0.21072573959827423
1004681  0.21071846783161163
1101344  0.21071705222129822
1003030  0.210706427693367
1003201  0.21070480346679688
1006819  0.21070373058319092
1100579  0.21069671213626862
1002988  0.21069464087486267
1006851  0.21068644523620605
1101107  0.21068549156188965
1006400  0.21068112552165985
1005626  0.21067723631858826
1002951  0.21067436039447784
1004278  0.21067240834236145
1003236  0.2106713056564331
1101286  0.21066847443580627
1101230  0.21066775918006897
1005156  0.2106637805700302
1005810  0.21065375208854675
1000864  0.21065272390842438
1006577  0.21065090596675873
1004072  0.21064655482769012
1003123  0.21064485609531403
1006687  0.21063970029354095
1003908  0.2106282263994217
1003616  0.21062767505645752
1006821  0.2106216698884964
1004594  0.21062126755714417
1101236  0.21061566472053528
1006402  0.2106035053730011
1006064  0.21060284972190857
1003475  0.21059799194335938
1100912  0.2105945646762848
1006540  0.21059094369411469
1005848  0.21059024333953857
1004606  0.2105855941772461
1101112  0.2105836421251297
1002702  0.2105722725391388
1101195  0.2105686366558075
1002857  0.21056601405143738
1003519  0.21056601405143738
1001275  0.2105593979358673
1001434  0.2105593979358673
1001522  0.21054767072200775
1003130  0.21053004264831543
1005025  0.21053001284599304
1001025  0.21052642166614532
1100978  0.21052157878875732
1004651  0.21052150428295135
1005933  0.21051564812660217
1003007  0.21050626039505005
1002423  0.2105049043893814
1006801  0.2105015069246292
1004832  0.2105008363723755
1003892  0.21049994230270386
1101194  0.21049462258815765
1000483  0.21048857271671295
1006505  0.21048760414123535
1003268  0.21048077940940857
1001018  0.21047362685203552
1002751  0.21047338843345642
1004790  0.21046727895736694
1004973  0.21046271920204163
1100807  0.2104419469833374
1005192  0.2104417234659195
1100904  0.21043704450130463
1002723  0.21043048799037933
1006035  0.21042956411838531
1007259  0.2104271799325943
1004977  0.21042460203170776
1100503  0.21042008697986603
1002981  0.21040219068527222
1100885  0.21039430797100067
1006510  0.2103879749774933
1001052  0.21038468182086945
1001532  0.21038107573986053
1003977  0.2103791981935501
1006829  0.2103762924671173
1003714  0.21037514507770538
1006062  0.21037383377552032
1005076  0.2103656679391861
1100564  0.2103637158870697
1101393  0.21035897731781006
1001915  0.21035294234752655
1003662  0.2103509157896042
1002438  0.2103489637374878
1005104  0.21033668518066406
1003119  0.21033236384391785
1005811  0.21032989025115967
1100647  0.21032395958900452
1004642  0.2103216052055359
1004616  0.2103184312582016
1002754  0.2103167474269867
1006180  0.2103123962879181
1003020  0.21030612289905548
1101359  0.2103039175271988
1100122  0.2103036344051361
1001921  0.2102968990802765
1100720  0.21029649674892426
1003297  0.21029312908649445
1003760  0.21029160916805267
1005035  0.21027153730392456
1002035  0.21026133000850677
1005845  0.21025846898555756
1004351  0.21025283634662628
1100782  0.21025119721889496
1005404  0.21024252474308014
1101380  0.2102358639240265
1003812  0.21023568511009216
1001782  0.2102351188659668
1002149  0.2102351188659668
1000530  0.21023432910442352
1004682  0.21023277938365936
1006210  0.21022698283195496
1101354  0.21022377908229828
1006802  0.2102220058441162
1006805  0.21022187173366547
1002431  0.21021942794322968
1006208  0.21021682024002075
1003759  0.210216224193573
1001283  0.21021540462970734
1002275  0.2102130651473999
1005586  0.21021239459514618
1006092  0.21020817756652832
1001517  0.21020548045635223
1004219  0.21020324528217316
1003563  0.21019436419010162
1006796  0.21019232273101807
1002427  0.21018420159816742
1101088  0.2101668417453766
1005705  0.21016570925712585
1003126  0.210165336728096
1100903  0.2101650983095169
1002077  0.21016141772270203
1001486  0.21015866100788116
1000660  0.2101563662290573
1101417  0.2101549655199051
1004845  0.21015235781669617
1002239  0.21014700829982758
1000568  0.21014654636383057
1100494  0.21014557778835297
1003140  0.21014098823070526
1002233  0.21013778448104858
1006659  0.21013720333576202
1006745  0.21013589203357697
1101360  0.2101331502199173
1001924  0.21013139188289642
1006399  0.2101207822561264
1001342  0.2101195603609085
1004944  0.21011769771575928
1100931  0.21011371910572052
1002989  0.21011361479759216
1003031  0.21010248363018036
1101001  0.21010178327560425
1100851  0.21009908616542816
1006522  0.21009504795074463
1007033  0.2100905478000641
1006815  0.21008406579494476
1004907  0.21008221805095673
1004848  0.21006803214550018
1001007  0.21006672084331512
1004793  0.21006594598293304
1006397  0.21006491780281067
1003613  0.21006272733211517
1100852  0.21005287766456604
1004002  0.2100519984960556
1006359  0.21004417538642883
1001377  0.2100333869457245
1004728  0.21003277599811554
1001200  0.2100260853767395
1004590  0.21001793444156647
1101363  0.21001389622688293
1001828  0.21000917255878448
1003234  0.21000508964061737
1100973  0.21000412106513977
1001530  0.21000336110591888
1006357  0.21000315248966217
1003464  0.2100013941526413
1002724  0.20999965071678162
1003612  0.20999814569950104
1000422  0.2099907249212265
1000692  0.20998914539813995
1003814  0.20997755229473114
1100251  0.2099744826555252
1007049  0.2099670171737671
1006006  0.20996350049972534
1005775  0.2099619060754776
1002720  0.20995260775089264
1005481  0.2099515199661255
1007234  0.20994891226291656
1005814  0.20994757115840912
1002108  0.20994530618190765
1000526  0.20993614196777344
1006521  0.2099347859621048
1004662  0.20993322134017944
1003044  0.20993033051490784
1003846  0.20992949604988098
1004611  0.20992538332939148
1100784  0.2099216729402542
1005997  0.20992085337638855
1006177  0.20991945266723633
1002194  0.20991359651088715
1100908  0.20989961922168732
1001927  0.20989136397838593
1005321  0.20988737046718597
1001523  0.20988574624061584
1006898  0.2098788619041443
1006487  0.2098781019449234
1003713  0.20987440645694733
1101125  0.20986945927143097
1004246  0.20985756814479828
1001456  0.2098551094532013
1004021  0.209853395819664
1000663  0.20985008776187897
1005712  0.2098436802625656
1001092  0.20983938872814178
1002748  0.20983684062957764
1001705  0.20983509719371796
1006435  0.2098323255777359
1005819  0.20983178913593292
1002320  0.2098250687122345
1006973  0.2098243534564972
1100509  0.2098209112882614
1101378  0.20981964468955994
1101143  0.20981867611408234
1100633  0.20981794595718384
1000728  0.20981788635253906
1006860  0.20981423556804657
1005032  0.20981261134147644
1005403  0.2098095715045929
1000924  0.20980338752269745
1003813  0.20979198813438416
1100609  0.20979177951812744
1006310  0.20979061722755432
1003042  0.20978526771068573
1003769  0.20977884531021118
1004044  0.20977605879306793
1006939  0.20976582169532776
1100872  0.20976361632347107
1002706  0.2097601294517517
1003849  0.20975910127162933
1006835  0.20975355803966522
1101305  0.20974741876125336
1003767  0.20974180102348328
1002990  0.20974023640155792
1001010  0.20973728597164154
1100927  0.20973709225654602
1003101  0.2097359150648117
1004841  0.209735706448555
1001316  0.2097335308790207
1004781  0.2097334861755371
1003763  0.20973260700702667
1003513  0.20973125100135803
1005195  0.2097202092409134
1005887  0.20971469581127167
1005330  0.20971457660198212
1002995  0.2097112089395523
1101304  0.2097100019454956
1003047  0.20970767736434937
1002911  0.20970718562602997
1001657  0.20970191061496735
1006859  0.20969003438949585
1001885  0.20968827605247498
1000561  0.20968754589557648
1005669  0.20968429744243622
1100960  0.20967984199523926
1006809  0.20967935025691986
1004890  0.20967771112918854
1002985  0.20967745780944824
1002977  0.20967383682727814
1100100  0.2096620351076126
1006708  0.20965813100337982
1002860  0.20965230464935303
1004429  0.2096511870622635
1004903  0.2096484750509262
1003019  0.20964761078357697
1100755  0.20964065194129944
1003265  0.20963914692401886
1006668  0.20963817834854126
1004981  0.20963668823242188
1101343  0.20963478088378906
1000633  0.2096301168203354
1006695  0.2096293717622757
1006830  0.2096250355243683
1100127  0.20962196588516235
1005888  0.2096208930015564
1003024  0.20962020754814148
1002712  0.2096182256937027
1005531  0.20961789786815643
1006861  0.20961476862430573
1005270  0.20960633456707
1004109  0.20960505306720734
1002747  0.2095930278301239
1002229  0.20959167182445526
1006807  0.20958144962787628
1003847  0.2095794379711151
1004068  0.2095777541399002
1005743  0.20957721769809723
1002717  0.20957063138484955
1101110  0.20956742763519287
1006511  0.2095620483160019
1006438  0.2095605880022049
1100279  0.209556445479393
1002428  0.20955292880535126
1005854  0.20954638719558716
1001484  0.20954404771327972
1004694  0.20954068005084991
1003396  0.20954008400440216
1101127  0.20953933894634247
1003909  0.20953185856342316
1004475  0.20953123271465302
1003609  0.20953109860420227
1004678  0.20953072607517242
1005850  0.20952452719211578
1100830  0.20951996743679047
1001611  0.20951607823371887
1101412  0.2095159888267517
1100829  0.2095036506652832
1005322  0.2095032036304474
1004626  0.2094968855381012
1002727  0.20949000120162964
1004277  0.20948512852191925
1002856  0.2094842791557312
1003125  0.20948132872581482
1100550  0.20947928726673126
1006070  0.2094789445400238
1000634  0.20947794616222382
1002191  0.2094774693250656
1003266  0.20947718620300293
1005620  0.2094750553369522
1002563  0.20946873724460602
1004143  0.2094671130180359
1004982  0.20946283638477325
1006297  0.20945987105369568
1005714  0.20945397019386292
1001399  0.20944330096244812
1002590  0.20943602919578552
1004070  0.20943589508533478
1006972  0.2094174325466156
1101370  0.20941168069839478
1005038  0.2094065546989441
1101180  0.20940561592578888
1003028  0.20939725637435913
1100953  0.20939534902572632
1001825  0.2093859612941742
1005209  0.2093825340270996
1002746  0.20937713980674744
1001287  0.2093755155801773
1101130  0.20937204360961914
1004782  0.20936982333660126
1100328  0.20936928689479828
1100455  0.20936784148216248
1006354  0.20936669409275055
1005585  0.2093620002269745
1003951  0.2093612551689148
1001537  0.20936070382595062
1001861  0.20935854315757751
1004414  0.20935340225696564
1006671  0.20934635400772095
1100452  0.2093397080898285
1006592  0.20933346450328827
1000937  0.20933307707309723
1004178  0.20933274924755096
1001877  0.20933248102664948
1002017  0.20933203399181366
1002529  0.20933161675930023
1004620  0.20933020114898682
1003808  0.20932923257350922
1001314  0.2093195915222168
1006943  0.20931941270828247
1003936  0.20931704342365265
1001873  0.20931696891784668
1003994  0.20930826663970947
1005706  0.2093081772327423
1005323  0.20930640399456024
1001374  0.20930588245391846
1006674  0.2093055695295334
1006294  0.20929615199565887
1001876  0.20929363369941711
1005663  0.20929211378097534
1004897  0.20929180085659027
1006203  0.2092907577753067
1001011  0.2092873752117157
1100932  0.2092844545841217
1006448  0.20928430557250977
1007051  0.2092786729335785
1004180  0.20927271246910095
1001445  0.20926879346370697
1002849  0.2092588096857071
1000236  0.20925794541835785
1100601  0.2092519998550415
1005216  0.20924389362335205
1004980  0.20924386382102966
1002726  0.20924173295497894
1006353  0.2092384248971939
1005073  0.20923838019371033
1003935  0.209237203001976
1002187  0.2092348039150238
1006869  0.20923258364200592
1000519  0.2092285305261612
1002022  0.20921428501605988
1100591  0.20921163260936737
1001448  0.20920662581920624
1002146  0.20920434594154358
1004041  0.2092013955116272
1005375  0.20919910073280334
1006667  0.20919813215732574
1101213  0.20918908715248108
1001864  0.20918209850788116
1003008  0.20917151868343353
1001667  0.20917057991027832
1005105  0.2091681808233261
1004894  0.20915420353412628
1002039  0.20915228128433228
1002714  0.20914967358112335
1001526  0.2091463804244995
1003204  0.20914016664028168
1004213  0.2091304361820221
1002984  0.20912905037403107
1007101  0.2091246247291565
1005030  0.20912028849124908
1002996  0.20911286771297455
1002417  0.20911280810832977
1003510  0.2091117799282074
1001380  0.2091088742017746
1100374  0.20910786092281342
1007297  0.2091025561094284
1003012  0.20908555388450623
1002872  0.2090824693441391
1003805  0.20907294750213623
1003611  0.20907200872898102
1003762  0.20906195044517517
1100603  0.20905719697475433
1005201  0.20905683934688568
1101020  0.20905035734176636
1001397  0.2090485692024231
1000695  0.20904769003391266
1002104  0.2090444415807724
1101333  0.2090435028076172
1003657  0.20903266966342926
1004772  0.20902703702449799
1002741  0.20901866257190704
1003428  0.20901629328727722
1007149  0.2090042233467102
1005676  0.20899903774261475
1000929  0.20899862051010132
1002271  0.2089937925338745
1006248  0.20899353921413422
1006293  0.20899227261543274
1001931  0.20898954570293427
1100571  0.2089795470237732
1100170  0.2089761346578598
1005969  0.2089749127626419
1006692  0.2089746743440628
1100736  0.20897065103054047
1002980  0.20896896719932556
1001711  0.20896776020526886
1101023  0.20896586775779724
1006662  0.2089635729789734
1004144  0.20896218717098236
1001231  0.2089616358280182
1006493  0.2089598923921585
1004775  0.20895957946777344
1003568  0.2089579999446869
1001926  0.20895710587501526
1003765  0.20895211398601532
1004001  0.20895211398601532
1003710  0.20895123481750488
1001405  0.20895075798034668
1100551  0.2089504897594452
1101146  0.20894914865493774
1001437  0.20894809067249298
1101330  0.20894461870193481
1004183  0.208944171667099
1100511  0.20893411338329315
1001789  0.2089313268661499
1002148  0.20892666280269623
1003175  0.20892183482646942
1004645  0.2089216262102127
1003560  0.208919495344162
1002075  0.20891942083835602
1005311  0.20891930162906647
1002719  0.20890848338603973
1101339  0.20890314877033234
1005450  0.20890110731124878
1005931  0.20889601111412048
1001772  0.2088884562253952
1002110  0.20888780057430267
1004976  0.20888450741767883
1004834  0.20888105034828186
1000731  0.20888052880764008
1001013  0.2088777720928192
1003040  0.20887477695941925
1001781  0.2088707834482193
1003949  0.20886953175067902
1006686  0.2088661938905716
1101340  0.20886430144309998
1100699  0.20886245369911194
1003122  0.20885950326919556
1100648  0.2088574916124344
1101347  0.208857461810112
1006032  0.20885135233402252
1101053  0.20885050296783447
1000941  0.2088422030210495
1100805  0.20884007215499878
1005781  0.20882995426654816
1005671  0.20882980525493622
1005199  0.20882490277290344
1101025  0.2088240385055542
1101050  0.2088213860988617
1100079  0.20881782472133636
1002432  0.20881454646587372
1001516  0.2088111788034439
1100573  0.20880883932113647
1004217  0.20880788564682007
1005619  0.20879529416561127
1003425  0.20879508554935455
1004623  0.20879113674163818
1005160  0.20878861844539642
1001618  0.20878581702709198
1004978  0.20878277719020844
1004276  0.20877304673194885
1005998  0.20876693725585938
1006744  0.2087557166814804
1000571  0.20874865353107452
1001777  0.20874135196208954
1003522  0.2087385058403015
1004378  0.20872877538204193
1100226  0.20872849225997925
1101372  0.20872828364372253
1000637  0.20872808992862701
1003939  0.20872405171394348
1001967  0.20872193574905396
1001710  0.2087092399597168
1000367  0.20870864391326904
1006660  0.20870812237262726
1003132  0.20870457589626312
1001665  0.20869408547878265
1002314  0.2086913138628006
1006703  0.20869041979312897
1006135  0.20868992805480957
1004247  0.2086898684501648
1000763  0.20868617296218872
1000482  0.20867657661437988
1007353  0.20867525041103363
1005709  0.2086743265390396
1002382  0.20866765081882477
1005780  0.20866604149341583
1002421  0.20866519212722778
1002987  0.2086639553308487
1004064  0.2086622714996338
1005077  0.20865777134895325
1100378  0.2086533159017563
1001826  0.20865082740783691
1005581  0.20865057408809662
1100222  0.20864801108837128
1001521  0.20864711701869965
1004111  0.20864373445510864
1004610  0.2086385041475296
1100996  0.20863604545593262
1101367  0.20863455533981323
1101145  0.20862804353237152
1005455  0.20862700045108795
1002864  0.20862534642219543
1001376  0.20862334966659546
1003664  0.20862270891666412
1000727  0.20862196385860443
1100554  0.20862114429473877
1004279  0.20861844718456268
1005044  0.20861728489398956
1005018  0.20861347019672394
1001284  0.2086072862148285
1000564  0.20860716700553894
1002763  0.20860566198825836
1100604  0.2086029052734375
1003667  0.2085944563150406
1004850  0.20858921110630035
1006534  0.20858579874038696
1002868  0.20858487486839294
1004635  0.2085806429386139
1003993  0.20857501029968262
1005664  0.20857080817222595
1101301  0.20857064425945282
1002317  0.2085653394460678
1101327  0.20855888724327087
1100955  0.20855534076690674
1006661  0.20855529606342316
1006675  0.20855338871479034
1004071  0.20855297148227692
1101270  0.20855137705802917
1101033  0.2085428088903427
1007052  0.2085384577512741
1101337  0.20852817595005035
1001524  0.20851674675941467
1005970  0.20851640403270721
1003979  0.20851165056228638
1000286  0.20849426090717316
1000940  0.20849303901195526
1100078  0.2084910273551941
1004647  0.20848970115184784
1004599  0.2084888219833374
1004905  0.2084878385066986
1003804  0.20848476886749268
1003013  0.20848163962364197
1003944  0.2084815949201584
1004774  0.20847730338573456
1100543  0.2084750086069107
1100227  0.20846813917160034
1002145  0.20846669375896454
1006586  0.20846441388130188
1101106  0.20846223831176758
1003039  0.20845751464366913
1001776  0.2084568738937378
1002414  0.20845328271389008
1100174  0.2084527313709259
1005037  0.2084515243768692
1005967  0.20844870805740356
1002991  0.2084442526102066
1003899  0.20844349265098572
1003567  0.2084387242794037
1004149  0.20842085778713226
1101368  0.2084149420261383
1101334  0.20841220021247864
1004835  0.20841200649738312
1005672  0.20840224623680115
1004609  0.20840182900428772
1003995  0.20839987695217133
1006866  0.20839917659759521
1100751  0.20839883387088776
1000486  0.20839564502239227
1005553  0.20839539170265198
1101128  0.2083945870399475
1002419  0.20839166641235352
1100727  0.20838847756385803
1007130  0.20838592946529388
1100575  0.2083844542503357
1001740  0.20838366448879242
1000867  0.20836350321769714
1005029  0.2083633840084076
1003426  0.20835891366004944
1006178  0.20835857093334198
1006838  0.20835314691066742
1001916  0.20835016667842865
1100880  0.20834913849830627
1000930  0.20834881067276
1004585  0.20834462344646454
1000696  0.2083411067724228
1005274  0.20833763480186462
1100599  0.20833279192447662
1000572  0.2083224356174469
1101234  0.2083086520433426
1007125  0.20830336213111877
1000566  0.20830272138118744
1004420  0.20830023288726807
1005036  0.2082975059747696
1100532  0.20828233659267426
1003043  0.20828206837177277
1005277  0.20827510952949524
1005505  0.2082746922969818
1001119  0.20826959609985352
1006523  0.20826244354248047
1100556  0.20825929939746857
1006795  0.20825012028217316
1004423  0.2082434594631195
1003617  0.20824337005615234
1000265  0.2082432061433792
1001402  0.20823577046394348
1003720  0.20822365581989288
1002867  0.20821881294250488
1003889  0.20821310579776764
1001203  0.20821304619312286
1003940  0.20820413529872894
1003711  0.20820213854312897
1004639  0.20819821953773499
1101338  0.2081979364156723
1003514  0.20819714665412903
1005784  0.20819281041622162
1004731  0.20819120109081268
1101089  0.20818112790584564
1004627  0.20817892253398895
1006942  0.20817816257476807
1003665  0.20817247033119202
1100126  0.2081720232963562
1005328  0.20817090570926666
1003050  0.20816846191883087
1004785  0.20816658437252045
1005588  0.20816044509410858
1001278  0.20815834403038025
1004411  0.20815421640872955
1005482  0.20815321803092957
1005744  0.2081528902053833
1100490  0.20815210044384003
1101331  0.20814248919487
1007129  0.208136647939682
1002708  0.20813360810279846
1002993  0.2081311196088791
1003471  0.20812223851680756
1100330  0.20811744034290314
1006309  0.2081090211868286
1100719  0.20810014009475708
1000258  0.20809946954250336
1004636  0.2080972045660019
1100526  0.20809350907802582
1001230  0.20809169113636017
1000192  0.2080913782119751
1002978  0.208090677857399
1000932  0.20809026062488556
1005554  0.20808832347393036
1005507  0.20807932317256927
1003469  0.20807719230651855
1002142  0.20807713270187378
1101374  0.20807470381259918
1006291  0.2080734521150589
1003017  0.20807184278964996
1002078  0.20807111263275146
1004421  0.20806148648262024
1100808  0.20806148648262024
1003564  0.20805343985557556
1001615  0.2080516219139099
1100613  0.20804926753044128
1000761  0.20804773271083832
1006799  0.20804478228092194
1004698  0.20804443955421448
1006839  0.20804113149642944
1006302  0.2080385684967041
1002853  0.2080381214618683
1003709  0.20803704857826233
1005327  0.20803655683994293
1000796  0.20803426206111908
1000425  0.2080257385969162
1003620  0.208021879196167
1000217  0.2080158293247223
1006498  0.2080024927854538
1100728  0.20799903571605682
1001444  0.2079971432685852
1001783  0.20799551904201508
1007152  0.20799441635608673
1003036  0.2079906463623047
1100983  0.20798437297344208
1002038  0.2079799771308899
1003938  0.2079697996377945
1002378  0.20796889066696167
1004413  0.20796842873096466
1003364  0.2079603224992752
1006814  0.2079589068889618
1100594  0.2079586535692215
1100611  0.20795585215091705
1003990  0.20794780552387238
1002424  0.20794758200645447
1002143  0.20794686675071716
1100731  0.20794649422168732
1003955  0.20794318616390228
1100930  0.20794086158275604
1003660  0.2079397737979889
1100587  0.2079373300075531
1001279  0.20793288946151733
1101407  0.2079307585954666
1007100  0.20792733132839203
1005674  0.20792452991008759
1100176  0.20792441070079803
1101051  0.20792238414287567
1101164  0.20791983604431152
1001443  0.2079174965620041
1002030  0.20791275799274445
1005165  0.20791082084178925
1001870  0.20790961384773254
1003669  0.20790721476078033
1100593  0.2079046219587326
1004674  0.20789170265197754
1003016  0.20789161324501038
1002874  0.20789124071598053
1002999  0.2078815996646881
1006945  0.20788082480430603
1004415  0.2078770399093628
1007048  0.20787695050239563
1000701  0.20787523686885834
1005409  0.2078680843114853
1003048  0.20784878730773926
1007252  0.20784659683704376
1003811  0.2078426629304886
1005740  0.20784109830856323
1007335  0.2078397423028946
1001269  0.2078341543674469
1004778  0.2078334391117096
1100626  0.20783206820487976
1001401  0.20782332122325897
1007128  0.20782236754894257
1003807  0.2078208029270172
1004695  0.20781312882900238
1004432  0.2078111320734024
1000630  0.20780983567237854
1003809  0.20780633389949799
1006524  0.20779858529567719
1001704  0.2077942192554474
1001880  0.20779265463352203
1003902  0.20779237151145935
1004684  0.20779156684875488
1003009  0.20778508484363556
1001977  0.2077832967042923
1000730  0.20777398347854614
1001438  0.20777034759521484
1004067  0.20775938034057617
1002998  0.20775844156742096
1005210  0.20775346457958221
1006580  0.20775341987609863
1004838  0.20774605870246887
1004335  0.20773953199386597
1004425  0.20773473381996155
1001607  0.20772893726825714
1001122  0.20772479474544525
1100537  0.20772340893745422
1005928  0.2077215313911438
1002869  0.20771920680999756
1001793  0.20771875977516174
1001379  0.20770660042762756
1100762  0.20769816637039185
1002025  0.20769262313842773
1004839  0.20768561959266663
1100664  0.20767824351787567
1002862  0.20767052471637726
1003014  0.20766766369342804
1002230  0.20766089856624603
1001575  0.20765870809555054
1101420  0.20765787363052368
1100718  0.20765522122383118
1001160  0.2076500803232193
1100595  0.20764976739883423
1101252  0.20764900743961334
1005673  0.20764830708503723
1005484  0.20764727890491486
1005130  0.2076461762189865
1002730  0.20763525366783142
1001784  0.20763340592384338
1100812  0.20762594044208527
1101071  0.20762521028518677
1003997  0.20760774612426758
1004974  0.2075994312763214
1001272  0.2075953632593155
1005407  0.20759320259094238
1100280  0.2075929343700409
1005159  0.20758643746376038
1003983  0.20758143067359924
1002310  0.20758110284805298
1100171  0.20758023858070374
1006287  0.2075776904821396
1001373  0.2075730413198471
1001612  0.20757301151752472
1001396  0.20757046341896057
1004112  0.20757003128528595
1006810  0.20756277441978455
1002195  0.2075611650943756
1005533  0.20755131542682648
1101375  0.20754903554916382
1100501  0.20753590762615204
1001620  0.20753547549247742
1100858  0.2075279802083969
1005045  0.2075248509645462
1001862  0.2075241655111313
1001671  0.20750832557678223
1002433  0.20750337839126587
1006442  0.20750075578689575
1100831  0.20749537646770477
1005205  0.20749393105506897
1101395  0.20749016106128693
1004214  0.20748215913772583
1003932  0.2074817568063736
1003816  0.20746995508670807
1005412  0.20746207237243652
1006834  0.20745530724525452
1004779  0.2074500471353531
1001779  0.20744796097278595
1101400  0.20744632184505463
1004657  0.20743511617183685
1100492  0.20743167400360107
1001773  0.20742468535900116
1002041  0.20742318034172058
1000971  0.2074173539876938
1004670  0.2074170559644699
1003904  0.20741580426692963
1003569  0.20739983022212982
1004784  0.2073957920074463
1100469  0.20739267766475677
1003146  0.2073822319507599
1003037  0.20737841725349426
1001962  0.20737530291080475
1001378  0.2073739469051361
1100274  0.20737314224243164
1001661  0.2073604166507721
1004146  0.20735393464565277
1003073  0.20734846591949463
1007006  0.20734520256519318
1002441  0.20734356343746185
1100723  0.2073308378458023
1100496  0.20732565224170685
1005163  0.20732256770133972
1007250  0.2073201984167099
1004895  0.20731046795845032
1004669  0.20730158686637878
1100521  0.2072940468788147
1006670  0.2072892040014267
1004216  0.20728671550750732
1000905  0.2072831094264984
1000942  0.20728003978729248
1005413  0.20727570354938507
1002016  0.20727437734603882
1101212  0.20727355778217316
1100757  0.20727351307868958
1100373  0.20727266371250153
1003980  0.20726430416107178
1003988  0.2072634994983673
1001343  0.20725524425506592
1005776  0.20724916458129883
1101251  0.20721809566020966
1004595  0.20719864964485168
1005454  0.20719774067401886
1003989  0.20719192922115326
1005314  0.20718972384929657
1006500  0.2071760892868042
1100802  0.20717373490333557
1003511  0.20717109739780426
1101109  0.2071392983198166
1100899  0.20713631808757782
1001919  0.2071276307106018
1002383  0.20712512731552124
1100715  0.2071245014667511
1005307  0.20710489153862
1002851  0.20708979666233063
1004418  0.20708684623241425
1005275  0.2070862352848053
1101302  0.20708419382572174
1001616  0.20707863569259644
1100605  0.20707225799560547
1006587  0.2070675790309906
1005313  0.2070653885602951
1001669  0.2070641964673996
1100701  0.2070545107126236
1101391  0.20703670382499695
1005889  0.20703576505184174
1006066  0.20703361928462982
1002703  0.2070315182209015
1005213  0.2070256918668747
1003982  0.207024946808815
1005741  0.20702405273914337
1004777  0.20702356100082397
1001483  0.207020103931427
1005326  0.20701776444911957
1000426  0.20700643956661224
1100505  0.20700490474700928
1101028  0.20700357854366302
1005582  0.20699961483478546
1100681  0.20698264241218567
1100485  0.20697808265686035
1005200  0.2069682478904724
1006436  0.2069675773382187
1004615  0.20696529746055603
1006362  0.206960067152977
1005851  0.20695316791534424
1005591  0.2069465070962906
1004410  0.2069428712129593
1006406  0.20693804323673248
1000423  0.20693396031856537
1002983  0.20693042874336243
1100666  0.20691943168640137
1004659  0.20691607892513275
1004906  0.20690354704856873
1003135  0.20689310133457184
1001089  0.20689056813716888
1005208  0.2068898230791092
1004783  0.20687860250473022
1004065  0.20684772729873657
1100877  0.20684103667736053
1101358  0.20682135224342346
1006396  0.20682094991207123
1000927  0.2068130373954773
1000600  0.20681001245975494
1002197  0.206791952252388
1005267  0.20678409934043884
1100956  0.20678052306175232
1100540  0.2067716270685196
1006747  0.20676498115062714
1101216  0.20676277577877045
1006033  0.20674917101860046
1002745  0.20674437284469604
1100979  0.20672541856765747
1002858  0.20671257376670837
1003003  0.20667849481105804
1007055  0.2066652476787567
1002273  0.20665256679058075
1101329  0.20665191113948822
1100352  0.20664706826210022
1001923  0.20664341747760773
1000524  0.20662270486354828
1001630  0.2066212296485901
1003298  0.2066131979227066
1100516  0.20661254227161407
1005305  0.20659974217414856
1100854  0.2065846174955368
1004668  0.2065727710723877
1003912  0.20657135546207428
1004699  0.20656362175941467
1002732  0.20655104517936707
1101052  0.20654752850532532
1002828  0.2065156102180481
1007249  0.20650595426559448
1100902  0.20647433400154114
1004794  0.2064555138349533
1006820  0.20644958317279816
1003147  0.20644360780715942
1003566  0.2064351737499237
1006290  0.20643065869808197
1001442  0.20642803609371185
1002385  0.2064225673675537
1101056  0.20639826357364655
1002270  0.20639342069625854
1003666  0.20638447999954224
1003138  0.20637792348861694
1006808  0.20635898411273956
1101047  0.2063552439212799
1003716  0.2063336819410324
1005885  0.20632010698318481
1003460  0.2062767744064331
1101248  0.20627112686634064
1004023  0.2062661051750183
1003933  0.20626166462898254
1100488  0.20625291764736176
1000926  0.2062453329563141
1003463  0.20624491572380066
1005408  0.2062423676252365
1002080  0.20623888075351715
1000485  0.20622873306274414
1000760  0.20622573792934418
1001778  0.2062191665172577
1001527  0.20621603727340698
1004525  0.20621521770954132
1002021  0.20619937777519226
1004108  0.20617419481277466
1003764  0.2061467170715332
1101362  0.2061457633972168
1002850  0.20614080131053925
1101029  0.20613881945610046
1100716  0.2061176300048828
1006656  0.20609262585639954
1006538  0.20604616403579712
1003362  0.20604540407657623
1006288  0.20603755116462708
1100559  0.20602253079414368
1100570  0.20602065324783325
1100499  0.20601896941661835
1002728  0.20600201189517975
1005930  0.20599806308746338
1002437  0.2059742957353592
1100275  0.20596976578235626
1004076  0.20595255494117737
1004852  0.205947145819664
1100536  0.20593522489070892
1100625  0.20593445003032684
1000520  0.20592720806598663
1005272  0.20592062175273895
1003891  0.20591147243976593
1100977  0.20591095089912415
1001577  0.20589490234851837
1003898  0.20584167540073395
1006849  0.20584146678447723
1003462  0.2058117687702179
1006702  0.20580801367759705
1004431  0.20579929649829865
1100628  0.20578964054584503
1004282  0.20578600466251373
1100223  0.20575062930583954
1101006  0.20574849843978882
1006296  0.20568886399269104
1003466  0.20567919313907623
1100329  0.20567026734352112
1101200  0.20564359426498413
1006826  0.20560817420482635
1101024  0.20560131967067719
1000729  0.20560120046138763
1100552  0.20559942722320557
1006029  0.2055896371603012
1005162  0.20557980239391327
1003615  0.2055652141571045
1003718  0.20555706322193146
1003707  0.20554852485656738
1100324  0.20554828643798828
1003393  0.20554502308368683
1001869  0.20553703606128693
1002621  0.20552100241184235
1001973  0.2055167853832245
1006669  0.20550264418125153
1100825  0.20548893511295319
1002074  0.20546269416809082
1006303  0.20538657903671265
1100630  0.20537139475345612
1001780  0.2053704708814621
1101142  0.2053503543138504
1005710  0.20534753799438477
1004078  0.2053443193435669
1001658  0.20532788336277008
1002650  0.2052883803844452
1002430  0.20521867275238037
1000515  0.20513297617435455
1005444  0.20512907207012177
1100650  0.20512603223323822
1004983  0.205117329955101
1004424  0.20508940517902374
1100722  0.20508940517902374
1100806  0.20508836209774017
1001617  0.20505298674106598
1004426  0.20505012571811676
1100545  0.20504333078861237
1004844  0.20498640835285187
1100125  0.20488975942134857
1006349  0.20487459003925323
1100663  0.20481708645820618
1001798  0.2047913372516632
1005193  0.2047176957130432
1006490  0.20471060276031494
1100907  0.20468242466449738
1101094  0.20460167527198792
1004786  0.20459747314453125
1100121  0.2045961618423462
1101055  0.20459306240081787
1101091  0.20453323423862457
1005312  0.20450343191623688
1001664  0.20444704592227936
1100729  0.20442906022071838
1004661  0.2044101506471634
1001708  0.20433062314987183
1100737  0.2043062001466751
1100518  0.20426128804683685
1001741  0.2041345238685608
1100507  0.2040688544511795
1006486  0.20404799282550812
1003559  0.20404058694839478
1100764  0.20403006672859192
1100754  0.20399874448776245
1004851  0.2039966881275177
1100875  0.2039879858493805
1100497  0.20389790832996368
1001022  0.20389358699321747
1101026  0.20381329953670502
1004666  0.20378617942333221
1002418  0.20377761125564575
1100779  0.20375670492649078
1100785  0.20371578633785248
1101326  0.20357927680015564
1100489  0.20354585349559784
1100486  0.2034211903810501
1003658  0.2034020870923996
1100517  0.20321913063526154
1003129  0.20297080278396606
1100476  0.20261363685131073
1100481  0.20245984196662903
1001014  0.20231258869171143
1101306  0.2020953893661499
1101073  0.20156046748161316
1101075  0.20150166749954224
1100750  0.20103584229946136
1100480  0.20066596567630768
1101072  0.1992437094449997
1100056  0.1928064376115799
1101070  0.19061166048049927
1100064  0.19014734029769897
1100048  0.19008643925189972
1100050  0.18962784111499786
1100044  0.1894783079624176
1100034  0.18892310559749603
1100052  0.18875759840011597
1100040  0.18831926584243774
1100058  0.1875666379928589
1100060  0.18736429512500763
1100046  0.1872035264968872
1100062  0.1868218630552292
1100042  0.18612933158874512
1100036  0.185894176363945
1100038  0.184923455119133
1100054  0.1844651699066162
1100068  0.18439452350139618
1100066  0.1843176633119583
