10000033  0.3674100339412689
8100033  0.3671374022960663
14500033  0.3671213388442993
15400033  0.36688461899757385
15600033  0.3668147027492523
10700032  0.3666206896305084
7700033  0.3665926158428192
14700033  0.36635279655456543
7800033  0.3662582039833069
15600032  0.3661952316761017
5700033  0.3661814033985138
13600033  0.36600592732429504
4200029  0.3658604025840759
15800033  0.3658277690410614
10800033  0.36580896377563477
9000033  0.365764856338501
10300033  0.36572059988975525
12700028  0.3656837046146393
6900029  0.3656303882598877
11600033  0.3656078577041626
13300026  0.36560118198394775
8900026  0.3655827045440674
12500033  0.3655727505683899
4200027  0.3655508756637573
3000033  0.3655014634132385
8800033  0.3654845952987671
10900029  0.3654797077178955
10100032  0.3654761016368866
13000032  0.36547210812568665
10100033  0.36546674370765686
10800027  0.3654666841030121
15300033  0.36544936895370483
10400032  0.3654196560382843
14500027  0.36531466245651245
8200032  0.3653082847595215
14400031  0.3653048872947693
14000028  0.365283727645874
3300032  0.36527833342552185
10300032  0.3652600049972534
9100027  0.36524081230163574
2500029  0.36521533131599426
15000032  0.3652063310146332
3600032  0.3651943802833557
8400026  0.3651675283908844
1500033  0.36515283584594727
8600033  0.3650590181350708
7600031  0.3650504946708679
10200026  0.3650466799736023
6600032  0.36503171920776367
7700032  0.36502885818481445
10100027  0.3650278151035309
8600032  0.3650045394897461
10400033  0.3649953603744507
14000032  0.36499491333961487
10400029  0.3649844825267792
14300028  0.3649629056453705
9700032  0.3649453818798065
12900033  0.3649314045906067
14000030  0.3648802936077118
12500032  0.3648766875267029
9700027  0.3648405373096466
7700027  0.36483630537986755
15500033  0.3648040294647217
14000029  0.3647848963737488
15400032  0.3647557199001312
11500032  0.36475399136543274
11900031  0.36475202441215515
14700029  0.36473947763442993
13300029  0.3647371828556061
5000031  0.3647220730781555
10900028  0.3647162616252899
14400026  0.3647136092185974
11800030  0.3647022247314453
9700033  0.36468783020973206
14600028  0.36468517780303955
15300032  0.3646821975708008
12400032  0.3646585941314697
13600030  0.36464744806289673
8200026  0.364640474319458
13100028  0.364620566368103
13300031  0.36461466550827026
5600033  0.36461150646209717
4500028  0.3646114468574524
15100029  0.36459463834762573
11700032  0.3645765781402588
5700027  0.36456623673439026
9400027  0.3645488917827606
14700028  0.36454176902770996
11300026  0.36453843116760254
7600032  0.3645362854003906
8200027  0.3645181655883789
14600027  0.36450400948524475
10500029  0.3645032048225403
5000029  0.36449867486953735
10000029  0.3644948899745941
12100028  0.36449095606803894
11600031  0.36448875069618225
3600033  0.3644793629646301
2400027  0.3644634485244751
9000026  0.36445459723472595
14000033  0.3644518256187439
14900029  0.364439457654953
12000026  0.36442553997039795
10200030  0.36441001296043396
8100032  0.36440691351890564
5200031  0.3644026219844818
11500029  0.36439818143844604
11000028  0.3643626570701599
13100031  0.36431699991226196
14900030  0.3643166422843933
10300029  0.3643006384372711
15100031  0.36429888010025024
13400032  0.36429256200790405
5600032  0.3642876148223877
14900031  0.3642794191837311
11600032  0.3642715811729431
14700030  0.36426112055778503
12100032  0.3642565906047821
13400029  0.3642565906047821
13400028  0.3642461895942688
8600028  0.36423805356025696
10500030  0.3642265498638153
2700033  0.36421075463294983
7100027  0.36418449878692627
14400027  0.36418139934539795
3000029  0.3641701340675354
12700031  0.3641662001609802
7600030  0.3641602694988251
2500031  0.36414533853530884
3900028  0.3641102612018585
4900031  0.36409643292427063
8000028  0.36409124732017517
9000032  0.36405906081199646
15500031  0.3640427589416504
10500028  0.3640407919883728
11400029  0.364031046628952
13300032  0.3640173077583313
8600030  0.3640030026435852
10300030  0.36398494243621826
5100028  0.36398062109947205
5600029  0.36397692561149597
9100029  0.3639734983444214
9800029  0.36395126581192017
10300028  0.36394041776657104
10300027  0.3639373779296875
10100031  0.36393263936042786
5500027  0.36392682790756226
13100029  0.3639175295829773
11700027  0.36391526460647583
5500031  0.3639034330844879
15400030  0.36389678716659546
12300031  0.3638840913772583
13100030  0.3638821840286255
11300030  0.3638801574707031
15100030  0.363869845867157
10400026  0.36385378241539
14200031  0.3638475835323334
5100030  0.36383047699928284
8200029  0.36382851004600525
15200031  0.3638273775577545
15300031  0.36379876732826233
15500030  0.36379602551460266
3900030  0.3637814521789551
15000028  0.3637794852256775
13200029  0.3637527823448181
11900027  0.3637438416481018
9100026  0.36373910307884216
12700029  0.36373549699783325
14000031  0.36372870206832886
13900030  0.3637162148952484
14400028  0.3637091815471649
9000028  0.36370858550071716
10800032  0.36369380354881287
14800027  0.3636879622936249
12000029  0.36366361379623413
12400029  0.3636375367641449
7600027  0.36362019181251526
5700028  0.36361777782440186
3500027  0.36361056566238403
4500032  0.3636072278022766
11900028  0.36360660195350647
14500031  0.3636028468608856
9700028  0.3635522723197937
4700028  0.3635471761226654
15600031  0.3635285496711731
11200032  0.3635164499282837
8800031  0.3635140359401703
9000027  0.3635053336620331
5100027  0.3634791672229767
14200032  0.363462895154953
13900031  0.36343032121658325
8600027  0.36342543363571167
11000029  0.36341890692710876
12200031  0.36339858174324036
5700030  0.3633858263492584
9500030  0.36336931586265564
14300026  0.3633628487586975
9700029  0.3633617162704468
11200030  0.36334964632987976
11200028  0.36334455013275146
4700029  0.36332830786705017
9100028  0.36332646012306213
10700028  0.36331048607826233
14700027  0.36329662799835205
14300031  0.36328351497650146
13900028  0.36327773332595825
3500030  0.36326801776885986
6900031  0.3632638454437256
12900032  0.36324846744537354
13600029  0.36324846744537354
10700029  0.3632296323776245
10700030  0.3632127642631531
11300031  0.3631945252418518
7100032  0.3631836473941803
12000028  0.3631807565689087
15200030  0.36314359307289124
3300029  0.36313289403915405
15500032  0.36312997341156006
6500030  0.3630848824977875
6600029  0.3630828857421875
12700030  0.3630777895450592
15700032  0.3630688190460205
13000031  0.3630526661872864
2700029  0.36304229497909546
13200027  0.3630419373512268
4900030  0.3630208671092987
3000030  0.3629927933216095
10200032  0.36298155784606934
10300031  0.3629739284515381
5200029  0.362964004278183
6600028  0.36295637488365173
11400028  0.3629528880119324
9900027  0.3629516363143921
12000030  0.3629429042339325
15300030  0.3629412055015564
14900028  0.36290839314460754
8100027  0.3628998100757599
14500030  0.3628982603549957
10800031  0.36287298798561096
13300030  0.3628520965576172
5200028  0.36284828186035156
14000027  0.3628180921077728
10400030  0.3628084063529968
4600028  0.3627849817276001
5000030  0.36275190114974976
13000029  0.3627468943595886
13900029  0.36273831129074097
3700030  0.3627241253852844
14400030  0.3627215027809143
12900026  0.3627091348171234
8100028  0.36269378662109375
6500027  0.36267396807670593
10200028  0.36266055703163147
3900031  0.36265772581100464
11200031  0.36265334486961365
13400027  0.36263445019721985
3900029  0.36261531710624695
13600031  0.36259540915489197
7700028  0.3625902533531189
12300027  0.3625141978263855
3300030  0.36247894167900085
11500028  0.36244285106658936
8200030  0.3623921871185303
3500028  0.36234334111213684
6900030  0.36232438683509827
7600026  0.3623184859752655
5000027  0.3623116612434387
12000027  0.36227306723594666
14300027  0.36227184534072876
8400028  0.3622693717479706
7100028  0.36226293444633484
13000026  0.36220163106918335
14300030  0.36215275526046753
15200029  0.3621324896812439
2900030  0.362018346786499
3500029  0.36200299859046936
9400026  0.36189937591552734
2500030  0.36170920729637146
13300027  0.3614603579044342
3000026  0.32791024446487427
14000053  0.28375309705734253
15200053  0.2836143970489502
16500053  0.2834365665912628
13800054  0.28342577815055847
6500054  0.2829972207546234
15500052  0.28298911452293396
4500052  0.28292927145957947
5100042  0.28286099433898926
12200045  0.2826695442199707
10300053  0.28262367844581604
11300053  0.2825227677822113
8800053  0.2823246121406555
12400052  0.28229227662086487
17100051  0.28221598267555237
16000052  0.28221210837364197
14300052  0.28220370411872864
12300053  0.282152384519577
16900053  0.2821362614631653
12900053  0.2821257710456848
16700051  0.2821255624294281
15300053  0.2819649875164032
15000052  0.28196418285369873
6500044  0.28194138407707214
3000053  0.2818905711174011
17200052  0.28185802698135376
5100053  0.28184446692466736
3700046  0.2818129360675812
10000053  0.28180402517318726
14900043  0.281783789396286
16300047  0.28177115321159363
7800053  0.28176039457321167
13000051  0.28175148367881775
14200051  0.28174930810928345
3300053  0.28173550963401794
13900053  0.2817312180995941
12300052  0.2817102074623108
15100042  0.28169360756874084
14900047  0.28168120980262756
13900052  0.28166261315345764
7600053  0.28165748715400696
13300047  0.28164151310920715
11500051  0.28163978457450867
13900050  0.2816349267959595
13100043  0.28156229853630066
16300044  0.2815081477165222
12400045  0.2815016806125641
7600051  0.2814869284629822
14000045  0.28148412704467773
13600051  0.28145650029182434
14200044  0.2814059555530548
16400050  0.2813988924026489
7800046  0.2813909947872162
16800047  0.28138330578804016
16700045  0.2813628315925598
14700050  0.2813475728034973
13100045  0.2813414931297302
14100052  0.2813408672809601
9300050  0.2813374996185303
10200047  0.28132978081703186
11700053  0.28130999207496643
14300051  0.2813078463077545
14800051  0.2813010513782501
13300048  0.2812436819076538
11500052  0.2811671793460846
11200044  0.28116658329963684
16100047  0.28114619851112366
4500048  0.2811265289783478
16800043  0.28112009167671204
16300052  0.2811051607131958
14700046  0.2811035215854645
16800045  0.28109681606292725
10000051  0.28107643127441406
16000044  0.2810686230659485
15600051  0.2810533940792084
13200051  0.2810528576374054
14400050  0.28105130791664124
16600043  0.2810482680797577
14200046  0.2810395061969757
6600053  0.28103697299957275
15300051  0.28103432059288025
12900045  0.28096580505371094
12100043  0.2809623181819916
16400043  0.2809548079967499
11200053  0.2809361219406128
11300043  0.28092750906944275
6600044  0.2809155285358429
13300043  0.2809050977230072
15500044  0.28089094161987305
12000050  0.2808549404144287
10300044  0.28081661462783813
14200047  0.28081420063972473
10000050  0.28080928325653076
16400049  0.2808054983615875
14400047  0.2807954251766205
13300044  0.2807815372943878
15300048  0.2807498276233673
16400051  0.28074848651885986
10800044  0.28074368834495544
16000043  0.28073009848594666
16500048  0.280727356672287
3000052  0.28067436814308167
16300045  0.280661940574646
12300046  0.2806491553783417
6600049  0.2806483209133148
10800049  0.28062471747398376
16200050  0.2806198000907898
9300048  0.28061458468437195
11300049  0.2806064784526825
14400044  0.2805875539779663
10000044  0.28057387471199036
14400051  0.28056150674819946
13900051  0.28055641055107117
7800052  0.28054365515708923
11400043  0.28054168820381165
13200045  0.28053855895996094
5100046  0.2805247902870178
15300050  0.2805030941963196
15000043  0.2804954946041107
16000048  0.2804916203022003
7600050  0.2804885804653168
15300052  0.28048214316368103
14900044  0.2804814577102661
17300053  0.28047624230384827
16400052  0.28047484159469604
13800048  0.2804727256298065
9300044  0.28046852350234985
16300048  0.28045809268951416
12300048  0.2804461121559143
6500045  0.28044119477272034
16800051  0.28043824434280396
11600046  0.28043290972709656
16900052  0.28041431307792664
16900051  0.2804001271724701
15100043  0.28038763999938965
17100048  0.2803557813167572
13600046  0.2803438901901245
10200043  0.2803390920162201
17400053  0.2803385555744171
14700047  0.28033554553985596
14700045  0.28033506870269775
14800049  0.28033074736595154
15400048  0.2803186774253845
5100044  0.2802990972995758
16900048  0.28028690814971924
14900042  0.2802841067314148
9300047  0.28028297424316406
12400049  0.28027209639549255
13400045  0.2802586257457733
14200049  0.2802443504333496
14300050  0.28023678064346313
11600051  0.28022897243499756
15600046  0.2802233397960663
8800046  0.28021299839019775
12500047  0.2801907956600189
6600052  0.2801738977432251
15100046  0.28017163276672363
10200050  0.28017014265060425
11400047  0.2801244556903839
16100053  0.2801241874694824
11300050  0.28010302782058716
15600044  0.28008759021759033
10000048  0.2800828218460083
8000046  0.2800711393356323
13200050  0.2800460159778595
6600045  0.2800441086292267
16700046  0.2800428569316864
7100048  0.2800367474555969
16000045  0.28003188967704773
6500051  0.2800314426422119
15200050  0.2800300121307373
15500048  0.28000330924987793
16200045  0.27999046444892883
10000047  0.27998173236846924
14300047  0.2799760103225708
12200046  0.2799532115459442
14800050  0.27994129061698914
15400047  0.2799380123615265
10000043  0.2799365818500519
3700042  0.27990666031837463
8800052  0.27990105748176575
10800050  0.2798959016799927
5100049  0.2798910140991211
10300051  0.27988219261169434
12000046  0.2798427939414978
15400050  0.2798367440700531
10200045  0.27982279658317566
14800048  0.2798091173171997
7600047  0.2797863781452179
16800050  0.27977752685546875
13100048  0.27975931763648987
10800048  0.27975329756736755
14800047  0.27974700927734375
16000050  0.27974700927734375
14200043  0.27974146604537964
14300048  0.27973830699920654
13900049  0.2797318696975708
14300046  0.2797299325466156
16800048  0.27969372272491455
15000051  0.2796840965747833
12300044  0.2796739935874939
13600050  0.27966946363449097
14800043  0.2796599268913269
14200050  0.27965977787971497
3000049  0.2796505391597748
10300048  0.27964431047439575
15200052  0.27963361144065857
3600043  0.27962392568588257
16300049  0.2796037793159485
11700046  0.2795923948287964
16500045  0.2795692980289459
16200049  0.2795633375644684
7600042  0.2795305848121643
17000046  0.2795180082321167
12300045  0.2795169949531555
16500043  0.2795163094997406
14400048  0.27951523661613464
16700052  0.2795017957687378
15000050  0.2794991433620453
13100044  0.27946001291275024
16300046  0.27945393323898315
5300044  0.27942579984664917
14700048  0.27940797805786133
14100043  0.2793855369091034
12400050  0.2793603539466858
12300049  0.27935317158699036
6500048  0.2793506383895874
15200051  0.27933403849601746
16800049  0.27931857109069824
16000049  0.2792750597000122
14800044  0.2792596220970154
14300043  0.2792561650276184
13200049  0.2792395055294037
16800046  0.27923741936683655
11200049  0.2792351543903351
12900044  0.2792189121246338
10200044  0.27921417355537415
8600043  0.2791970372200012
13000047  0.2791920304298401
16800044  0.2791551947593689
9300045  0.27915462851524353
16500052  0.2791222929954529
4500044  0.27910882234573364
8800049  0.2790890336036682
16000047  0.27907606959342957
8800047  0.27901220321655273
16700047  0.27899494767189026
10300049  0.27898815274238586
5300046  0.2789875566959381
5100043  0.2789812386035919
16400048  0.27897003293037415
13200046  0.2789466679096222
12500048  0.2789403200149536
14400045  0.27892839908599854
3000044  0.2789265811443329
16900043  0.2789139747619629
7600044  0.278895765542984
10000049  0.2788549065589905
16500044  0.27884986996650696
11600043  0.27884453535079956
7600048  0.2788407504558563
3000043  0.2788223922252655
14000049  0.27879998087882996
14200045  0.27879902720451355
14200048  0.27879598736763
11500046  0.27875980734825134
15200049  0.2787119746208191
14200052  0.27870869636535645
12900046  0.2787001430988312
17000047  0.2786986529827118
6500049  0.27864888310432434
9700047  0.27861449122428894
6600048  0.27859705686569214
16700042  0.27844423055648804
15400043  0.2784048914909363
13000048  0.27835792303085327
14300044  0.27829667925834656
7800048  0.27817749977111816
13100049  0.2781335413455963
7800047  0.27813029289245605
7100043  0.2776780426502228
14000026  0.2761334776878357
11900026  0.27598291635513306
10000026  0.2757630944252014
3500025  0.2754019498825073
13700026  0.2750849723815918
10500026  0.27484744787216187
11800026  0.2748192250728607
9500026  0.27479323744773865
6500026  0.2746918499469757
11600026  0.27465471625328064
7100022  0.2745456099510193
11200020  0.27445805072784424
7100025  0.27445632219314575
14100026  0.2744172513484955
4900026  0.2743493616580963
12100025  0.2743227183818817
3100021  0.2742689251899719
9600026  0.2742607891559601
13600026  0.27425718307495117
10800026  0.27423736453056335
10300026  0.274199515581131
11800021  0.27419713139533997
3900026  0.2741689383983612
5000026  0.2741685211658478
10800025  0.27409759163856506
5100025  0.2740764617919922
8100025  0.27399295568466187
13100025  0.2739808261394501
2600025  0.27397969365119934
10700022  0.27395033836364746
11400025  0.2739108204841614
12700025  0.27383142709732056
3600026  0.2738252282142639
11800025  0.27381300926208496
8100020  0.27378928661346436
5000025  0.27376076579093933
13100026  0.27374032139778137
9500019  0.27368634939193726
5200024  0.27367648482322693
12400025  0.27367186546325684
13500025  0.2736395001411438
12700022  0.2736354172229767
13400024  0.2735825479030609
6100021  0.2735516130924225
9000020  0.27354875206947327
10100026  0.2735218107700348
10700021  0.273492693901062
3700026  0.27347028255462646
9200021  0.27346956729888916
12400022  0.27346503734588623
4200024  0.273454874753952
7600020  0.27343809604644775
3500021  0.273436039686203
7100021  0.2733817398548126
9900020  0.27337467670440674
13400026  0.27337267994880676
7800026  0.2733672559261322
4100025  0.2733600437641144
11800020  0.2733362317085266
4100021  0.2733279764652252
3200020  0.2732952833175659
9700023  0.2732648551464081
6500022  0.2732286751270294
13900025  0.27321386337280273
12400024  0.2732081711292267
5000024  0.2731969952583313
3500023  0.27316784858703613
10500025  0.27316269278526306
6100025  0.273150771856308
9700025  0.2731136083602905
2700025  0.2731010913848877
9800020  0.27310070395469666
8100023  0.27309370040893555
4100024  0.27308738231658936
5000020  0.2730763852596283
9600025  0.27306246757507324
6600022  0.27305904030799866
13000022  0.2730517089366913
9000022  0.273041695356369
9300025  0.2730233669281006
9400022  0.2730215787887573
3100022  0.27302080392837524
4200025  0.2730187177658081
5700026  0.273016095161438
5700024  0.27298635244369507
7800025  0.2729809284210205
4700024  0.2729561924934387
10300022  0.27294257283210754
9000021  0.27294135093688965
10700019  0.2729410231113434
9900023  0.27292683720588684
11900021  0.2729074954986572
3100023  0.272901713848114
13800025  0.2728986144065857
9700020  0.27289125323295593
8400024  0.2728720009326935
8000020  0.2728462815284729
3900021  0.27284255623817444
10800021  0.2728358507156372
8800021  0.27281782031059265
12500022  0.2728128731250763
13300023  0.2727530002593994
7100026  0.27273669838905334
1900019  0.2727341055870056
3600020  0.27272623777389526
9800025  0.27272099256515503
9300024  0.27271899580955505
12300022  0.2727048099040985
10500020  0.27268192172050476
12800025  0.27267831563949585
2500022  0.2726651132106781
12200023  0.27266108989715576
9600021  0.27265018224716187
3600023  0.27264028787612915
4200026  0.27263665199279785
3400020  0.27263495326042175
13900026  0.2726347744464874
2900025  0.2725914716720581
3500022  0.2725834846496582
2000024  0.27258291840553284
3400021  0.2725699841976166
8700022  0.2725687325000763
12700024  0.2725633382797241
11400020  0.27255547046661377
9800021  0.27253201603889465
11900024  0.2725157141685486
4600022  0.27251410484313965
13200023  0.27250978350639343
12000021  0.2725089192390442
12600022  0.27246353030204773
13600025  0.27245739102363586
11600024  0.2724562883377075
11800023  0.2724553942680359
10500021  0.27245476841926575
6500025  0.2724388539791107
12200022  0.2724274694919586
11000021  0.27241718769073486
11700020  0.27241653203964233
11800024  0.2723940908908844
3900023  0.27237939834594727
6900024  0.27236995100975037
4900022  0.27231618762016296
5100022  0.27229318022727966
8200020  0.27227357029914856
6700021  0.2722695767879486
2900020  0.27226558327674866
13600024  0.27223753929138184
10400022  0.27223652601242065
11400024  0.27222496271133423
11600020  0.27222248911857605
12300024  0.2722184956073761
10800024  0.2722179591655731
11900023  0.2722063362598419
9100025  0.27220529317855835
5500024  0.2722014784812927
3000025  0.27218225598335266
10700023  0.27217090129852295
7600021  0.2721704840660095
4500020  0.27216172218322754
5000023  0.27216002345085144
8100022  0.2721524238586426
8400021  0.27214646339416504
5600023  0.27214494347572327
8200024  0.27212461829185486
10400024  0.27211618423461914
5600022  0.2720780670642853
6500023  0.2720753848552704
10000025  0.2720542848110199
14200026  0.2720421850681305
10100024  0.27203264832496643
10900021  0.27201253175735474
13500024  0.27200740575790405
11100024  0.27199989557266235
10400023  0.27198338508605957
9900024  0.27194109559059143
7700022  0.2719258666038513
6900021  0.27191463112831116
6700025  0.2719128727912903
11600025  0.2718930244445801
5500020  0.27188464999198914
9800022  0.2718683183193207
10700024  0.27186793088912964
8500019  0.2718570828437805
1900020  0.2718518078327179
3100024  0.27184951305389404
12100021  0.2718361020088196
8300021  0.27183523774147034
3500024  0.2718290686607361
13100022  0.2718128263950348
11200024  0.2718055248260498
5000021  0.2717878520488739
12400023  0.27177441120147705
10900020  0.271759957075119
3000021  0.2717501223087311
12000023  0.271729975938797
13700024  0.27172571420669556
13500023  0.27169957756996155
9600020  0.27169641852378845
10000022  0.27166131138801575
6600021  0.2716597020626068
4300020  0.2716318964958191
6600024  0.27162230014801025
8400022  0.2716096043586731
4500024  0.2716063857078552
12100024  0.2715941071510315
8600022  0.27159014344215393
7900021  0.27157777547836304
10200022  0.27156195044517517
8200023  0.2715612053871155
9900022  0.2715369164943695
3900022  0.27152153849601746
10300024  0.2715045213699341
5700025  0.27148520946502686
9300020  0.27148428559303284
3700022  0.27148008346557617
10900024  0.2714799642562866
11500024  0.27144232392311096
10300025  0.27141258120536804
3600021  0.27141210436820984
10200023  0.2713945209980011
11500021  0.2713916599750519
2500020  0.27138611674308777
3100025  0.27138277888298035
11000024  0.27137234807014465
12100023  0.27136147022247314
8600023  0.2713426649570465
12800022  0.2713254988193512
9500022  0.27132076025009155
6200020  0.27125585079193115
7700023  0.27125099301338196
4200020  0.2712405025959015
4900023  0.2712257504463196
8200025  0.271197646856308
9100023  0.27117919921875
2800020  0.2711741626262665
6900020  0.2711706757545471
8900020  0.27115145325660706
12800024  0.2711400091648102
9700021  0.27112817764282227
11200021  0.27109092473983765
5200020  0.27104344964027405
3600022  0.27104172110557556
2600024  0.2709614038467407
6700022  0.2709578573703766
12000022  0.2709445655345917
11300021  0.27093878388404846
5600024  0.2709346413612366
2600020  0.2709200382232666
4100023  0.2708796560764313
7800024  0.270870178937912
4700020  0.2708273231983185
5600020  0.2708033323287964
4100020  0.27079567313194275
11300022  0.2707846462726593
7600023  0.270743191242218
2700021  0.27073928713798523
10300023  0.27073556184768677
11400021  0.27073466777801514
13400023  0.2706831097602844
5100023  0.2706446349620819
11500020  0.27061450481414795
12100022  0.2706144154071808
5300020  0.2705484926700592
2500023  0.2705013155937195
1500023  0.270487904548645
4900021  0.2704628109931946
12700023  0.27043506503105164
2600019  0.27042698860168457
11900022  0.2704119384288788
8400023  0.27038535475730896
12900022  0.27037057280540466
5700023  0.27036306262016296
9200020  0.2702726423740387
5500023  0.27021151781082153
10100023  0.2702101171016693
3200023  0.27015939354896545
3000022  0.2700909376144409
11000020  0.27002131938934326
10500022  0.26987046003341675
18300066  0.2645162045955658
12000066  0.2643461227416992
12900065  0.2642194926738739
6600065  0.26419851183891296
18400066  0.26411277055740356
15400064  0.2640979290008545
12900066  0.2639246881008148
16500066  0.2637689709663391
7800066  0.26361557841300964
15400065  0.2634868919849396
17000065  0.2634066939353943
11300054  0.2633573114871979
17300066  0.26335278153419495
13200065  0.2631840705871582
11300057  0.26313841342926025
15600066  0.2630906403064728
16900064  0.2630874812602997
13000059  0.2630670666694641
12500066  0.26302579045295715
17900065  0.2630102038383484
17600066  0.26293718814849854
3000064  0.2628912925720215
11300065  0.2628909647464752
17000064  0.2628883123397827
6500064  0.26275765895843506
16900066  0.2627336382865906
15200064  0.26272833347320557
3300064  0.26265791058540344
12900064  0.2625693082809448
11300059  0.26255932450294495
15300064  0.2625060975551605
13900059  0.26245230436325073
10300064  0.2624424993991852
17600065  0.26242613792419434
11500054  0.262372225522995
5100063  0.2623320519924164
18000062  0.2623201906681061
13600054  0.2623196840286255
14200064  0.26231521368026733
13500056  0.2622538208961487
11300064  0.2622503340244293
6500057  0.26224270462989807
16500057  0.26223069429397583
17300064  0.26222965121269226
7600066  0.262190580368042
3000059  0.26215389370918274
13500065  0.26214492321014404
12300056  0.26213210821151733
9300055  0.2621127665042877
14800059  0.26211121678352356
7800065  0.26205453276634216
16900060  0.26203835010528564
16800054  0.26202401518821716
13900057  0.26201963424682617
17500054  0.2620123624801636
12300066  0.262006551027298
12900055  0.26199397444725037
13200060  0.26198863983154297
15300065  0.26198792457580566
14300056  0.2619796097278595
17500064  0.2619665563106537
16100065  0.2619606852531433
15400063  0.261954665184021
13500057  0.26192551851272583
12000058  0.2619137167930603
13200054  0.2619084417819977
16500060  0.2619023025035858
7800064  0.2618989944458008
16500061  0.2618941068649292
13900065  0.2618882656097412
3700058  0.2618696391582489
7600064  0.2618548572063446
11200055  0.26185303926467896
16800066  0.2618417739868164
7800055  0.26184093952178955
6600060  0.2618406116962433
16400055  0.26182666420936584
5100057  0.2617869973182678
13500063  0.2617863416671753
12000054  0.261779248714447
12900063  0.2617626190185547
13200063  0.2617596387863159
15300063  0.26174411177635193
11200056  0.261721134185791
17800056  0.26171571016311646
3000065  0.2617128789424896
15300058  0.2616843581199646
10000062  0.2616690993309021
18300064  0.26166650652885437
11200066  0.2616632580757141
6500065  0.2616616189479828
14800055  0.2616545557975769
17100059  0.26165372133255005
16500065  0.2616462707519531
16100057  0.2616267502307892
14700063  0.2615983784198761
11500064  0.2615889310836792
17700056  0.26158562302589417
3300058  0.26158085465431213
13200064  0.26157668232917786
9300058  0.2615657150745392
5100062  0.2615552246570587
13900063  0.26155197620391846
3300065  0.26153677701950073
16100061  0.2614898979663849
13200059  0.2614481747150421
12300057  0.2614375948905945
14000057  0.26142293214797974
8800054  0.2614147365093231
17600055  0.2614043951034546
18100060  0.26140332221984863
17600058  0.26140156388282776
12400063  0.2613787055015564
16800058  0.2613639235496521
12900056  0.261361688375473
17700062  0.261361300945282
14700059  0.2613571882247925
12900054  0.2613517940044403
11500019  0.2613281309604645
16400062  0.2613281309604645
4500056  0.26131343841552734
12400062  0.26129716634750366
16300063  0.26129063963890076
17700058  0.26127874851226807
16700058  0.2612588405609131
8800055  0.2612449526786804
3700062  0.26124337315559387
17900062  0.26124221086502075
17600059  0.26123103499412537
14000063  0.2612094581127167
15300054  0.2611865997314453
17100062  0.26117226481437683
9300063  0.2611559331417084
7800058  0.2611526548862457
17100063  0.26114556193351746
14400055  0.26114538311958313
18200064  0.26114383339881897
12300060  0.26113736629486084
17300063  0.2611372470855713
17000062  0.261091411113739
15500060  0.2610906660556793
16100066  0.2610817849636078
11200059  0.26106634736061096
14700058  0.2610616981983185
3300063  0.2610456943511963
12400057  0.2610456943511963
17900060  0.2610069513320923
15200054  0.2610049843788147
6600064  0.26100340485572815
9300059  0.26098302006721497
7600059  0.26097822189331055
15400059  0.2609443962574005
5100065  0.26090890169143677
16700056  0.26089510321617126
10000058  0.26089200377464294
15200062  0.26088961958885193
15500056  0.2608805000782013
17700063  0.2608771026134491
15200058  0.2608700692653656
16300061  0.26086676120758057
10300057  0.26085153222084045
3700055  0.26083752512931824
16700054  0.2608354389667511
12500056  0.26083338260650635
14800063  0.2608310282230377
16900065  0.2608140707015991
17600062  0.2608112692832947
17900059  0.26080384850502014
6500060  0.26079902052879333
3300060  0.26079535484313965
3300062  0.26079389452934265
15300062  0.2607805132865906
15600060  0.26077115535736084
17700057  0.26077017188072205
5100061  0.2607633173465729
15200063  0.26074928045272827
11500055  0.2607223391532898
12500063  0.26072123646736145
14400059  0.2607201933860779
3000055  0.2607068419456482
15700055  0.26069119572639465
11300063  0.26067906618118286
17900061  0.2606756091117859
11300058  0.26060420274734497
17300065  0.26059889793395996
5100060  0.26059553027153015
6500055  0.26059049367904663
11200064  0.2605880796909332
17100057  0.2605791985988617
17600063  0.26057571172714233
15400062  0.26055845618247986
3000058  0.26054829359054565
14400054  0.26053568720817566
12500057  0.2605293393135071
9300060  0.2605285346508026
13500062  0.2605035901069641
14000062  0.2604864537715912
7800062  0.2604827582836151
15400058  0.26047006249427795
10300063  0.260469526052475
17400055  0.26046308875083923
12500059  0.2604508697986603
17600056  0.26042640209198
16900056  0.26040348410606384
16400057  0.26040297746658325
14700062  0.26039204001426697
17500057  0.26038968563079834
17100058  0.2603816092014313
14000064  0.26037976145744324
9300056  0.2603711187839508
3300061  0.26032623648643494
13000063  0.260325163602829
12000062  0.2603079676628113
11200063  0.26030126214027405
12300058  0.2602764070034027
10300059  0.2602623701095581
17300056  0.26026222109794617
14200059  0.26024648547172546
14200060  0.26024332642555237
7800059  0.260165274143219
14200055  0.2601543068885803
12500062  0.2601379156112671
13900056  0.2601313292980194
16400060  0.2601274251937866
16300054  0.260102242231369
16900061  0.2600603699684143
10300058  0.26005861163139343
17000061  0.2600536644458771
3000061  0.26003602147102356
3300059  0.26003172993659973
14100062  0.26002827286720276
12400065  0.25999411940574646
15000055  0.2599790394306183
15700063  0.25997281074523926
13200058  0.2599654495716095
16800062  0.2599462568759918
16500058  0.2599189281463623
7800061  0.2598949372768402
15300055  0.25987669825553894
14800054  0.2598735988140106
16700057  0.2598540484905243
13200061  0.25983357429504395
3700060  0.25982367992401123
13500061  0.2598207890987396
16000055  0.2598041594028473
3700059  0.2597781717777252
15300060  0.2597506046295166
10300060  0.2597314715385437
16400056  0.2597302198410034
13500060  0.2597239017486572
6600056  0.2597021460533142
12500061  0.2597000300884247
8000055  0.2596932053565979
9300062  0.2596738636493683
16700055  0.259656697511673
5100058  0.2596031427383423
10300056  0.25958824157714844
13200055  0.25956201553344727
16300058  0.2595590054988861
17300057  0.2595389783382416
16400061  0.25953707098960876
13900058  0.2595054805278778
3700056  0.2594856321811676
15600055  0.2594810128211975
13900062  0.2594437599182129
6600061  0.2594359219074249
15600059  0.2594292163848877
7800054  0.2594020664691925
16700061  0.2593781352043152
9300057  0.2593289613723755
18000060  0.259282648563385
15700059  0.2592749297618866
15300061  0.2592571973800659
14700054  0.2591920495033264
7800060  0.2591519057750702
11500060  0.25908997654914856
13000055  0.2590603530406952
6500061  0.2590298652648926
16500059  0.25864377617836
13500055  0.25861263275146484
16300059  0.25831133127212524
19902028  0.21617405116558075
19901768  0.21595264971256256
19901275  0.21574777364730835
19901750  0.21561890840530396
19902388  0.21544787287712097
19902380  0.21542207896709442
19902216  0.21506525576114655
19902095  0.21486173570156097
19901997  0.21482940018177032
19901843  0.21480190753936768
19901673  0.21467667818069458
19400182  0.21454209089279175
19902163  0.21452964842319489
19500257  0.21448729932308197
19901879  0.2144857496023178
19600219  0.21447934210300446
17500329  0.21440432965755463
19902179  0.21414592862129211
17500816  0.21412979066371918
17500780  0.21412043273448944
19901125  0.21410682797431946
17500695  0.2140704244375229
19500256  0.21399152278900146
19901905  0.213987335562706
19902347  0.2139604538679123
17500726  0.21393978595733643
19700247  0.21390873193740845
19901212  0.21381373703479767
19901947  0.21380870044231415
19800330  0.21379858255386353
14800188  0.2137916088104248
18700259  0.21376819908618927
19902111  0.21373198926448822
18700642  0.21372750401496887
19902196  0.21368491649627686
16500183  0.2136702835559845
19901704  0.21363188326358795
19901351  0.2136273831129074
18700793  0.21362346410751343
19400188  0.21358910202980042
19902147  0.21354664862155914
17500820  0.21352393925189972
17500796  0.21352361142635345
19700238  0.21350891888141632
17500324  0.2135048657655716
19901256  0.21347133815288544
17500230  0.21343810856342316
19600235  0.21342778205871582
19901769  0.21341104805469513
18700809  0.2133764773607254
19901749  0.21337340772151947
19901293  0.21335050463676453
18500390  0.21332430839538574
19500260  0.21329423785209656
18700769  0.21324187517166138
17500406  0.21324047446250916
17500749  0.21322301030158997
19600229  0.21321514248847961
18700573  0.2132038176059723
19400187  0.21319645643234253
19901067  0.21316762268543243
19500277  0.2131669670343399
19400189  0.2131461650133133
19800315  0.2131357043981552
19902346  0.2131170630455017
17500388  0.21311068534851074
19902257  0.2130843549966812
18500209  0.21308042109012604
18700330  0.2130715399980545
17500566  0.21306687593460083
17500754  0.21305440366268158
18500398  0.21304933726787567
17500320  0.21303769946098328
17500427  0.21303556859493256
18700200  0.21298763155937195
17500806  0.21298566460609436
19901822  0.21298068761825562
19500262  0.21297897398471832
18700757  0.2129596620798111
19800351  0.21295037865638733
17500203  0.21292954683303833
17500751  0.2129291146993637
17500628  0.21289943158626556
18700805  0.2128724753856659
17500315  0.21286939084529877
19901112  0.21284523606300354
19902132  0.2128387838602066
17500297  0.2127978801727295
19700239  0.2127663493156433
17500323  0.21276596188545227
17500239  0.21275492012500763
17500296  0.2127256542444229
18700745  0.21272362768650055
17500740  0.2127230167388916
14800187  0.21271736919879913
19901246  0.21271169185638428
17500347  0.2127094268798828
17500446  0.21270623803138733
17500829  0.2127009630203247
18700281  0.21269764006137848
17500456  0.21267998218536377
18500406  0.21265538036823273
18500310  0.2126389443874359
19901378  0.2126033455133438
19500258  0.21260280907154083
18700627  0.21259762346744537
18700562  0.21259072422981262
17500639  0.212570920586586
17500389  0.21256864070892334
17500325  0.21255484223365784
17500258  0.21252916753292084
18700187  0.21250905096530914
17500321  0.2125062197446823
17500758  0.21249622106552124
17500221  0.21248169243335724
17500212  0.2124737650156021
19500261  0.21246875822544098
17500302  0.21245932579040527
18700681  0.21244768798351288
18500374  0.2124399095773697
19901705  0.2124331146478653
18700781  0.21239924430847168
19901804  0.21238195896148682
18700445  0.21235649287700653
17500617  0.21234607696533203
17500425  0.2123294621706009
16500187  0.21230794489383698
17500745  0.21229255199432373
19600220  0.212286114692688
18700244  0.2122797966003418
17500573  0.21227434277534485
19901647  0.21226941049098969
19700255  0.2122674584388733
18700721  0.2122480422258377
14800182  0.2122412770986557
19500280  0.21223363280296326
17500651  0.21222436428070068
17500713  0.21221578121185303
19400186  0.21220903098583221
19600230  0.21219921112060547
17500675  0.2121957689523697
17500311  0.21218281984329224
17500424  0.21218262612819672
17500744  0.2121816873550415
19901616  0.21217983961105347
19901069  0.21217477321624756
19500278  0.21216706931591034
17500587  0.21215875446796417
17500473  0.21214559674263
18700733  0.21211540699005127
17500399  0.212082639336586
18700497  0.2120727300643921
18700341  0.21206972002983093
17500748  0.21206830441951752
18700586  0.21206620335578918
19901550  0.21205660700798035
19500245  0.21205192804336548
19800344  0.21204586327075958
19600221  0.21203874051570892
17500696  0.2120385468006134
18700311  0.21203264594078064
17500662  0.21203181147575378
19500267  0.21202075481414795
17500416  0.2120138555765152
17500784  0.21200363337993622
18500382  0.21199704706668854
19500247  0.21198183298110962
17500702  0.21197913587093353
14800186  0.21196238696575165
17500719  0.2119002789258957
19500270  0.21189583837985992
19500271  0.2118948996067047
19800365  0.2118777483701706
19400190  0.21186856925487518
18700458  0.21185985207557678
19400185  0.2118193656206131
17500581  0.21181534230709076
17500671  0.2118118852376938
18700471  0.21175789833068848
17500295  0.21172194182872772
17500360  0.21172185242176056
18500191  0.2117198407649994
17500361  0.21171531081199646
17500330  0.21169906854629517
19902297  0.21169817447662354
18700709  0.2116663157939911
19800317  0.21165956556797028
18700372  0.2116321623325348
19400196  0.2116241753101349
19901328  0.21161095798015594
17500741  0.21157562732696533
17500739  0.21156756579875946
19800358  0.21145710349082947
18700614  0.21144622564315796
19500254  0.21144384145736694
18700523  0.21140427887439728
19500244  0.2113855630159378
19600223  0.2113536149263382
18700694  0.21134062111377716
19500286  0.2113383561372757
19500243  0.21133634448051453
14800190  0.21132181584835052
19500263  0.21131432056427002
19800316  0.21131044626235962
17500698  0.21130691468715668
17500746  0.21129295229911804
17500286  0.21127909421920776
17500623  0.21127314865589142
18900182  0.21123826503753662
17500298  0.21123681962490082
19400192  0.21123239398002625
19500253  0.21122252941131592
18700300  0.21121498942375183
19500246  0.21120959520339966
17500512  0.21119606494903564
19500284  0.21118754148483276
19901461  0.21117925643920898
19500268  0.21116672456264496
18700599  0.21116244792938232
17500534  0.21113021671772003
18700270  0.21112407743930817
19600222  0.21112123131752014
18700361  0.21111631393432617
17500685  0.21111145615577698
19600217  0.2110406458377838
18500414  0.21102282404899597
17500607  0.21101844310760498
18700391  0.21099552512168884
19901495  0.21099528670310974
18700668  0.2109086513519287
19400193  0.2108926922082901
17500366  0.21085964143276215
19901080  0.2108469158411026
19800323  0.21082426607608795
18700655  0.2108120173215866
18700484  0.21079646050930023
19500265  0.21079149842262268
19700240  0.2107561230659485
18700406  0.21073269844055176
19500264  0.21072910726070404
17500396  0.21070855855941772
17500410  0.21070784330368042
19500287  0.2107008546590805
17500184  0.21070052683353424
18700547  0.2107003927230835
6900019  0.21066343784332275
19500216  0.21064291894435883
17500545  0.21063633263111115
9300184  0.2106262594461441
17500279  0.2106238752603531
17500516  0.21057730913162231
17500485  0.21057075262069702
18700510  0.21055284142494202
17500500  0.21052466332912445
19400183  0.21052458882331848
19500250  0.2104983776807785
17500412  0.21047480404376984
17500598  0.21047045290470123
19500266  0.2104354202747345
18700419  0.21043121814727783
17500679  0.2104237824678421
19800337  0.210421621799469
17500560  0.21037214994430542
17500377  0.21037159860134125
19600231  0.21032412350177765
18700227  0.21031612157821655
19500283  0.21030190587043762
17500194  0.21030175685882568
19600232  0.21029308438301086
19500288  0.21027183532714844
5600019  0.21024881303310394
19400195  0.21020358800888062
17500334  0.21019162237644196
19400191  0.2101886123418808
17500338  0.21018171310424805
19500251  0.21013310551643372
2900018  0.2101031094789505
4400019  0.21003659069538116
6200019  0.21003659069538116
10900019  0.20997048914432526
17500333  0.20993435382843018
11000019  0.2098216414451599
17500437  0.20980878174304962
19600225  0.20967493951320648
9300183  0.20951175689697266
11200019  0.20947708189487457
9400019  0.20947696268558502
17500418  0.20935535430908203
3700019  0.20934318006038666
18700432  0.20928284525871277
5500019  0.2092810869216919
9700019  0.2092360109090805
1800013  0.2092169225215912
5000015  0.2091004103422165
10600019  0.20908617973327637
10300019  0.20908130705356598
4200019  0.2090456634759903
2800018  0.20900018513202667
9600019  0.2089708000421524
2500011  0.20895318686962128
11400019  0.20893478393554688
8200018  0.20893149077892303
2900017  0.20892301201820374
7700019  0.2089025229215622
7600017  0.2088998705148697
5400018  0.2088523507118225
4700019  0.20882543921470642
2800017  0.20881220698356628
6900018  0.20876525342464447
1000005  0.20875127613544464
3200019  0.20873484015464783
1000007  0.20870429277420044
4400013  0.20870374143123627
3900012  0.20870183408260345
8400018  0.2086881846189499
9100018  0.2086798995733261
6900015  0.20864985883235931
10000018  0.208636075258255
9800019  0.20862334966659546
3000018  0.20862014591693878
8000018  0.20861086249351501
10200018  0.20860126614570618
2600012  0.2085992395877838
4100013  0.20858989655971527
2500019  0.20858708024024963
6800015  0.20858395099639893
1100010  0.2085568755865097
6600018  0.20852088928222656
1700008  0.20850636065006256
3600012  0.20849859714508057
6700015  0.2084791213274002
1300011  0.20842264592647552
6500018  0.20841015875339508
1900008  0.20840539038181305
1300013  0.20839162170886993
2200008  0.20838889479637146
4200013  0.20838241279125214
8200019  0.20837169885635376
6900017  0.20837125182151794
3600018  0.20836950838565826
5100018  0.20836792886257172
3400016  0.20835328102111816
6200016  0.20835302770137787
10600018  0.2083396017551422
8800017  0.2083343118429184
10100018  0.20832881331443787
6300016  0.2083211988210678
2000009  0.2083091139793396
5400019  0.20830567181110382
6300015  0.20830038189888
7700018  0.20829468965530396
11300019  0.20829015970230103
1900011  0.20828044414520264
1800010  0.2082425057888031
6700018  0.2082381695508957
8100019  0.20823560655117035
5100014  0.20823386311531067
5600015  0.2082182615995407
7800018  0.20821674168109894
10300018  0.2081957906484604
8000019  0.20819371938705444
2300009  0.20819301903247833
7200015  0.2081889808177948
1300010  0.20817233622074127
8700018  0.20816482603549957
4800015  0.20814986526966095
6700016  0.20813502371311188
3900018  0.2081325352191925
4500013  0.2081306129693985
11100019  0.2081291377544403
3000013  0.20811042189598083
6100017  0.20810703933238983
9000017  0.2081039398908615
9900018  0.20809757709503174
2900013  0.2080897092819214
7700016  0.20805828273296356
3200015  0.2080579400062561
2600017  0.20803028345108032
6200015  0.20802690088748932
5600014  0.20801791548728943
2400011  0.20801137387752533
2000008  0.20800432562828064
5200016  0.20800332725048065
3700012  0.20800040662288666
3100011  0.20797798037528992
8100016  0.20797735452651978
7800017  0.20796868205070496
3600019  0.20796309411525726
2100008  0.2079574465751648
8600018  0.2079525589942932
4500016  0.20792564749717712
3100015  0.2079254537820816
1600012  0.20792055130004883
9500018  0.20791593194007874
6000015  0.20789888501167297
6400015  0.2078966498374939
8700019  0.20789258182048798
8700017  0.20788446068763733
3300014  0.20787546038627625
4900018  0.20787160098552704
9600017  0.20786981284618378
9100017  0.20785856246948242
1500015  0.20783747732639313
8100018  0.20782820880413055
7800016  0.20782235264778137
2900014  0.2078181505203247
7100015  0.2078116089105606
6500017  0.20781084895133972
5900015  0.20780645310878754
8300017  0.20779851078987122
5000014  0.20775079727172852
8000017  0.20773716270923615
4300013  0.2077265977859497
7200016  0.20771433413028717
1800008  0.2076951414346695
1200006  0.2076926827430725
7000015  0.20768460631370544
2400009  0.20767545700073242
3000011  0.20767514407634735
5900016  0.20767363905906677
2000019  0.20765464007854462
4000014  0.20764568448066711
7700017  0.2076437920331955
1300017  0.20764054358005524
1900012  0.20763903856277466
2900015  0.20763550698757172
5200014  0.20763544738292694
5500014  0.20763471722602844
6100015  0.20762640237808228
7900017  0.20762312412261963
3200016  0.20761457085609436
3700018  0.20760686695575714
7000016  0.20760023593902588
9500017  0.20758898556232452
1600007  0.2075771540403366
1100011  0.20757189393043518
5000017  0.20755016803741455
3900016  0.2075498104095459
4100017  0.20754681527614594
4900014  0.20754441618919373
1700007  0.20752611756324768
2800010  0.2075205296278
4300016  0.2075204700231552
4600018  0.2075134664773941
4300018  0.20749907195568085
9800018  0.20749898254871368
3400013  0.2074984312057495
6100016  0.20748192071914673
2800016  0.20747235417366028
8600019  0.20744894444942474
2300012  0.2074425220489502
7300015  0.20743368566036224
5600016  0.2074175924062729
6100018  0.20741373300552368
1300012  0.20740316808223724
3800017  0.20740118622779846
1600009  0.20739416778087616
9100019  0.2073937952518463
9400017  0.20738469064235687
1100005  0.20737139880657196
4800014  0.20736482739448547
2600016  0.2073543518781662
6400016  0.2073437124490738
9300017  0.20734147727489471
1200011  0.20732979476451874
9700018  0.20732338726520538
3100017  0.20728904008865356
7500015  0.20728036761283875
3800012  0.20727458596229553
7600015  0.20727364718914032
1800014  0.20727023482322693
1900016  0.2072538286447525
10400018  0.20724545419216156
3300013  0.20724423229694366
6500015  0.20723988115787506
7300016  0.20723006129264832
4700015  0.2072124481201172
4900017  0.2072092890739441
1800012  0.20720429718494415
5800014  0.2071937769651413
5400015  0.20719076693058014
3100014  0.20716539025306702
1900017  0.2071630358695984
2100009  0.2071593850851059
3900017  0.20714809000492096
2500009  0.20714347064495087
2700010  0.20713070034980774
8400017  0.20711509883403778
3000017  0.20710182189941406
10500018  0.20708979666233063
9200017  0.20708447694778442
7400015  0.20708182454109192
4000013  0.2070493996143341
2200011  0.207038015127182
8900017  0.20702634751796722
3500014  0.20701779425144196
5700014  0.20701763033866882
3500017  0.2070065140724182
4700016  0.207002654671669
1400009  0.20700153708457947
8200016  0.2069576531648636
8300016  0.20695190131664276
1500012  0.20695047080516815
10800018  0.20694878697395325
2600015  0.20694807171821594
2500017  0.20693056285381317
3200011  0.2069198340177536
6700017  0.20690689980983734
10700018  0.20689666271209717
7400016  0.20687684416770935
5400014  0.20687268674373627
7900016  0.20686644315719604
1100007  0.20686541497707367
4600013  0.20684562623500824
6600015  0.2068193107843399
1400007  0.20681099593639374
3700017  0.2067791074514389
2700017  0.20677673816680908
5300014  0.2067665010690689
1400012  0.2067648321390152
1500007  0.20674018561840057
2900016  0.20672902464866638
2900010  0.2067238837480545
2700013  0.20669469237327576
4200014  0.2066809982061386
6800016  0.20666123926639557
3500011  0.20665794610977173
8500016  0.2066512405872345
3200017  0.20665106177330017
4300017  0.2066495567560196
2400017  0.20663779973983765
4100016  0.20662149786949158
3200014  0.20661848783493042
5800015  0.2065935730934143
2000014  0.20657280087471008
3700016  0.20654135942459106
3300011  0.20653200149536133
6000016  0.20649908483028412
4400016  0.2064899057149887
3400011  0.20648503303527832
8600017  0.20642410218715668
9800033  0.2064080536365509
1800015  0.2063930183649063
8400016  0.20639239251613617
5000016  0.2063533365726471
1100013  0.20631256699562073
1200014  0.20629994571208954
1300009  0.2062583565711975
3500015  0.20623193681240082
1300014  0.20623113214969635
3900015  0.20621727406978607
8000016  0.20617301762104034
1500009  0.20616601407527924
2600010  0.20615623891353607
1400016  0.2061370313167572
4700014  0.20613634586334229
3000016  0.20611616969108582
7500016  0.20611540973186493
1800011  0.2060781717300415
4200015  0.20604828000068665
1300007  0.20556652545928955
17900066  0.14350011944770813
14000083  0.12226574867963791
16800084  0.12213920056819916
9300084  0.12210167944431305
3300085  0.12195692211389542
15700083  0.12192696332931519
16800082  0.12174127995967865
9300085  0.12164734303951263
12000070  0.12162472307682037
16500084  0.12154404073953629
16100085  0.12151443213224411
9300082  0.12148706614971161
3300084  0.12147334218025208
17300084  0.12142578512430191
15400072  0.12127386033535004
11300084  0.1212487444281578
15500083  0.12124662846326828
13200084  0.12124158442020416
13200067  0.12122628837823868
12300084  0.12120044976472855
16400081  0.12119665741920471
3000084  0.12119626253843307
17600081  0.12115897238254547
15400083  0.12115646153688431
16100084  0.12114991247653961
17800068  0.12112374603748322
16500067  0.12110777944326401
12500080  0.12109014391899109
18600072  0.12107881903648376
16100081  0.1210751011967659
14800083  0.1210676059126854
15500084  0.12106543034315109
17000082  0.12104368209838867
13500069  0.12101135402917862
15500078  0.12100490927696228
14200081  0.12100451439619064
16400085  0.12100423872470856
18600081  0.12100116163492203
14800082  0.12099424004554749
3000072  0.12095687538385391
11300085  0.1209552139043808
5100072  0.12094758450984955
16300081  0.12093616276979446
15500082  0.12092605978250504
16300071  0.1209183931350708
5100080  0.12088403105735779
3300081  0.12087558209896088
18000083  0.12087348103523254
10300070  0.12087183445692062
15300080  0.12085280567407608
9300079  0.12084830552339554
17600072  0.12084658443927765
16800079  0.12083055078983307
15500068  0.12081540375947952
3300070  0.12079420685768127
16300068  0.12079067528247833
12900080  0.12077182531356812
15700067  0.12076965719461441
16500070  0.1207677498459816
14000084  0.12076537311077118
15400071  0.12075205892324448
16500074  0.12074436992406845
17800078  0.12072741240262985
5100076  0.12071000784635544
14200069  0.12070570141077042
18200078  0.12069898098707199
17300083  0.12069236487150192
17700073  0.12068676948547363
3300072  0.12066290527582169
15700084  0.12066086381673813
15400069  0.12065976858139038
11200070  0.12065639346837997
12500072  0.12065507471561432
14800067  0.12064269185066223
5100068  0.12062272429466248
18600079  0.12061190605163574
11300074  0.12061060965061188
13200081  0.1206090897321701
15400082  0.12060850113630295
17600067  0.12060104310512543
10300074  0.12059861421585083
3300083  0.12059220671653748
17800075  0.12058929353952408
7600070  0.12058357894420624
16500080  0.12058011442422867
10300068  0.12057656049728394
17600068  0.12055887281894684
11500071  0.12055844813585281
14800077  0.12055697292089462
3000083  0.12054867297410965
12500070  0.12054841220378876
17100067  0.12054648250341415
13200069  0.12054155021905899
12500074  0.12053913623094559
13200079  0.12053908407688141
16400077  0.12053468078374863
18600078  0.12052517384290695
6600068  0.1205148845911026
17300078  0.12050201743841171
17300069  0.12050039321184158
9300072  0.12049511820077896
15300077  0.12049337476491928
15500081  0.12049254029989243
16400074  0.12047819048166275
16400067  0.12046447396278381
9300081  0.12046387791633606
14000067  0.12046070396900177
17300079  0.12045978009700775
10300067  0.1204565241932869
16800070  0.12045539170503616
15300072  0.12044712156057358
9300077  0.12043945491313934
3700068  0.12043794989585876
16300077  0.12042433768510818
14800081  0.12041984498500824
11300081  0.12041334062814713
17900071  0.12039729207754135
3300080  0.12039434909820557
18600077  0.12038032710552216
15700075  0.12037676572799683
6600073  0.12036866694688797
16500085  0.12036066502332687
12900082  0.1203484982252121
18000078  0.12034335732460022
18000080  0.12030922621488571
14000068  0.12030142545700073
18500067  0.12029460817575455
15400085  0.12029136717319489
3300073  0.12028968334197998
16800074  0.12028510123491287
17600082  0.12027724087238312
7600069  0.12027507275342941
17000067  0.12027499079704285
3300082  0.12027391046285629
15400079  0.12027066946029663
13500073  0.12024767696857452
3000080  0.12024229019880295
10300071  0.12023454159498215
18600074  0.12023407220840454
13500075  0.12022744119167328
11300072  0.12022741138935089
12300078  0.12022588402032852
16400071  0.12021619081497192
13200078  0.12021077424287796
3300071  0.12020300328731537
17800079  0.1202019602060318
3000079  0.12020060420036316
18000077  0.12019763141870499
17100069  0.12019743770360947
10300072  0.12019561976194382
13200080  0.12019254267215729
15400067  0.12019068747758865
15400066  0.12018195539712906
13200070  0.12015038728713989
3000073  0.12014377117156982
17600076  0.12014295905828476
3300079  0.1201336681842804
16400070  0.12013360857963562
18000073  0.12013021111488342
16100068  0.12012545019388199
14200073  0.12012320756912231
3300069  0.12012121081352234
11300083  0.12009508162736893
14800071  0.1200934574007988
14100076  0.12009245902299881
11300076  0.12009190768003464
17600071  0.12009064108133316
12900081  0.12009047716856003
17600077  0.12008605152368546
14000072  0.12008480727672577
7600072  0.12007122486829758
12300070  0.12005168944597244
15300076  0.120041124522686
15500079  0.12002353370189667
13200077  0.12000846117734909
3000069  0.12000272423028946
15400073  0.11999975889921188
3000068  0.1199965551495552
9300078  0.11999274045228958
14800076  0.11998381465673447
9300068  0.11996838450431824
16400079  0.11995252221822739
17300071  0.1199464425444603
16300074  0.11994611471891403
13200073  0.11994363367557526
14100071  0.11994094401597977
15500069  0.11993397027254105
17000066  0.11993194371461868
14200068  0.11992431432008743
14100077  0.11991868913173676
13000067  0.11991705745458603
13500071  0.11990499496459961
17000074  0.11989804357290268
16400069  0.11989644914865494
17000069  0.11989450454711914
3000078  0.11989318579435349
3300074  0.11988671869039536
17700072  0.1198628842830658
17100073  0.11985736340284348
17800072  0.11984597891569138
12500073  0.11984140425920486
12300082  0.11983512341976166
16400078  0.11983399838209152
12500076  0.11983166635036469
17000073  0.11982621997594833
17000068  0.11981844156980515
16500079  0.11981477588415146
11300068  0.11981116235256195
18600073  0.11979728937149048
15200067  0.11979366838932037
17800071  0.11979066580533981
18000081  0.1197819784283638
11300071  0.11977989971637726
16300076  0.11977950483560562
12900076  0.11976857483386993
17000083  0.1197592169046402
13500077  0.1197570264339447
17800077  0.11974619328975677
14000069  0.11974509060382843
18000079  0.11974191665649414
17100071  0.11972934752702713
6600072  0.11971688270568848
16800078  0.11970420181751251
15500067  0.11970271170139313
15700079  0.11969712376594543
9300067  0.11967793107032776
14200077  0.11967339366674423
9300071  0.11966895312070847
16900068  0.11966683715581894
11200073  0.11966614425182343
6600077  0.11966204643249512
5300068  0.1196611151099205
13500068  0.11966021358966827
14000078  0.11965233832597733
3300076  0.11963042616844177
12500071  0.1195988655090332
16500075  0.119588702917099
17700067  0.1195753812789917
12900075  0.11956571042537689
17000071  0.11955990642309189
18000076  0.11955805122852325
5300071  0.11954259127378464
13200082  0.1195409893989563
9300069  0.11953318119049072
6600076  0.11952193826436996
15400068  0.11952172219753265
17900070  0.11951310932636261
17500071  0.1195029467344284
17300075  0.11949611455202103
11200071  0.11949113011360168
14100078  0.11949006468057632
16500068  0.11948840320110321
16100076  0.11948761343955994
3300078  0.11946433782577515
9300076  0.11946357786655426
16900071  0.11946289241313934
12900073  0.11944101005792618
17000072  0.11942950636148453
12400069  0.11942542344331741
16100077  0.11942025274038315
3300075  0.11941619962453842
15400075  0.1193976029753685
6500069  0.11935624480247498
16300075  0.11934530735015869
11300073  0.11934304237365723
17100068  0.11933699995279312
3000075  0.11932812631130219
15700076  0.11932450532913208
12300074  0.11927585303783417
12900074  0.1192532405257225
5300069  0.11924172937870026
18400067  0.11922629922628403
14800072  0.11920957267284393
17800069  0.11920467019081116
16100072  0.11911378055810928
17300067  0.1190483570098877
15700071  0.11900912970304489
17100070  0.11898750811815262
17800076  0.11884181201457977
15300068  0.11851654946804047
7100042  0.10082969814538956
14000085  0.08495943248271942
5300042  0.07408465445041656
15300042  0.0740116611123085
13000042  0.07398787885904312
7600041  0.07397189736366272
10800041  0.07386573404073715
10300042  0.07382755726575851
11600042  0.07379987835884094
9000041  0.07375065982341766
3600042  0.07366261631250381
16100042  0.0736447423696518
10800042  0.07362561672925949
5100041  0.0736197903752327
13600042  0.0735614225268364
15100041  0.07355856150388718
9000042  0.0735284611582756
16200041  0.07352518290281296
13400042  0.0735098347067833
7100035  0.0734977200627327
15600042  0.07349329441785812
10200042  0.07348886132240295
8600041  0.07342170923948288
13400037  0.07340450584888458
2900041  0.07337141782045364
14200041  0.07337081432342529
13300042  0.0733688548207283
8600042  0.07336358726024628
13900037  0.0733618214726448
11300042  0.07334890216588974
13100042  0.07334687560796738
14700041  0.07332136482000351
16600041  0.07331311702728271
11300041  0.07330603897571564
12500034  0.073288694024086
14400041  0.07328866422176361
9700042  0.07326626777648926
14900035  0.07325403392314911
15200041  0.07324451953172684
11300040  0.07324210554361343
3000035  0.0732327327132225
4900034  0.07322485744953156
13900041  0.07321886718273163
7600039  0.07319150120019913
13400041  0.07318920642137527
14200042  0.07318629324436188
3000034  0.07317212224006653
13300037  0.07316916435956955
14000034  0.07315723598003387
12900041  0.07315093278884888
15000041  0.07314792275428772
11400033  0.073147714138031
3000042  0.07313664257526398
15100039  0.07312733680009842
13000037  0.07312609255313873
9000036  0.07311972230672836
7100041  0.07311875373125076
10300034  0.07311777025461197
6500037  0.07311607152223587
13200041  0.0731116235256195
12500035  0.07310876995325089
16000040  0.07310169190168381
3600035  0.0731009840965271
7800035  0.07309277355670929
14000041  0.07309070974588394
3600034  0.07308778911828995
6500042  0.0730874314904213
12100037  0.07308479398488998
8800035  0.07307006418704987
14500036  0.07306895405054092
4600039  0.0730660930275917
7700037  0.07305817306041718
16100041  0.07305311411619186
13300041  0.07305190712213516
12200035  0.07304693013429642
14900040  0.0730455294251442
10100034  0.07304538041353226
12300040  0.07304178178310394
13100041  0.07304049283266068
14000037  0.07303351908922195
13200037  0.07302825897932053
15800038  0.07302606105804443
15000035  0.07301183044910431
13200034  0.07301176339387894
15600036  0.07300972938537598
10800035  0.07300955057144165
4700033  0.07300374656915665
5300041  0.07300088554620743
15500035  0.0729968249797821
15100036  0.07299210876226425
14200040  0.07299023866653442
10200036  0.0729883685708046
6500041  0.07298485189676285
2900037  0.07298333197832108
14300034  0.07298237085342407
4500040  0.07297578454017639
9000035  0.07297434657812119
8800034  0.07296449691057205
8800036  0.07296115905046463
14400034  0.07296093553304672
15600041  0.07295934855937958
14800034  0.07295901328325272
14400037  0.07295504212379456
14500035  0.07295340299606323
13200042  0.0729529857635498
9500039  0.07294654846191406
16500041  0.0729435533285141
3600036  0.07293979823589325
10200034  0.0729391798377037
15100035  0.07293392717838287
11800034  0.07293316721916199
6600040  0.07291898131370544
3000040  0.07291817665100098
12000038  0.07291801273822784
11500038  0.07291731238365173
12200041  0.07291162759065628
11400038  0.07290452718734741
10400035  0.07289320230484009
15500041  0.07289241254329681
11600039  0.0728745311498642
12200038  0.0728701800107956
16100036  0.0728619322180748
8800040  0.0728575810790062
13100039  0.07285530120134354
10200037  0.07285051792860031
14800039  0.07284305989742279
13100037  0.07283803820610046
3300042  0.0728362575173378
12100039  0.07283573597669601
11800039  0.07283128798007965
11600034  0.07282676547765732
12200037  0.07282531261444092
14300036  0.07281938940286636
13000038  0.07281913608312607
7600034  0.07281149923801422
12400037  0.07280360162258148
13400034  0.07280123233795166
12300033  0.07279838621616364
16100037  0.07279590517282486
8800041  0.07278889417648315
12300036  0.07277589291334152
14400040  0.07277285307645798
15300037  0.07276998460292816
13200035  0.07276952266693115
5600034  0.07276841253042221
13200040  0.07276663184165955
10800036  0.07276641577482224
15800040  0.072755366563797
13100038  0.07274463772773743
13900034  0.07273296266794205
15200040  0.07273215800523758
15300038  0.0727309063076973
11300036  0.0727260485291481
12100040  0.07272461801767349
3600041  0.07272358983755112
13900036  0.07272357493638992
9000040  0.07272306084632874
10800040  0.07272214442491531
15400035  0.07272004336118698
13100040  0.07271556556224823
13500035  0.07270966470241547
12400036  0.07270435243844986
11700039  0.0727042481303215
11500041  0.07270368933677673
16000036  0.07270140200853348
13400040  0.07269574701786041
15400036  0.07269185781478882
10000039  0.0726877897977829
15500037  0.0726822167634964
14200037  0.07268144190311432
15100034  0.07267335057258606
14800038  0.07267271727323532
15300040  0.07266950607299805
15500040  0.07266920059919357
13000040  0.07266606390476227
13300040  0.07265754044055939
3700034  0.07265344262123108
11500036  0.07265260070562363
10300040  0.07265069335699081
14900036  0.07264968752861023
12400040  0.07263736426830292
12000039  0.07263629138469696
8000037  0.07262944430112839
12000034  0.07261741906404495
16300040  0.07261578738689423
7600035  0.07261351495981216
16100038  0.07261078804731369
15800037  0.07259268313646317
9000038  0.07257887721061707
12300037  0.07257289439439774
15300041  0.07256320118904114
11400037  0.07255645096302032
14300035  0.07255184650421143
12300035  0.07254558801651001
13200036  0.07254453003406525
5100039  0.07254382222890854
5100034  0.07254168391227722
11200040  0.07254066318273544
3600040  0.07253693789243698
11300035  0.07253092527389526
10200035  0.07253004610538483
11500039  0.07252314686775208
10100038  0.0725201666355133
15700034  0.07251463085412979
2700037  0.07250872999429703
13400036  0.07250722497701645
12900040  0.07250436395406723
6500035  0.07250374555587769
4600034  0.07250364869832993
13800036  0.07250288128852844
10300036  0.07250168919563293
12100041  0.0725003257393837
4500037  0.072490394115448
5600036  0.0724899098277092
7100036  0.07248352468013763
11500037  0.07248207181692123
4500038  0.07247647643089294
15300039  0.07247569411993027
11900035  0.07247287034988403
13100034  0.07247229665517807
14100034  0.07246652990579605
12000041  0.07246269285678864
14400035  0.07245779037475586
10300041  0.07244383543729782
9700035  0.07244081050157547
14300040  0.07244060188531876
3700038  0.07243528217077255
13900040  0.07243238389492035
13400035  0.07242660224437714
7100034  0.07242565602064133
8800039  0.0724228024482727
14400038  0.07241906970739365
15700037  0.07240382581949234
5100038  0.07239950448274612
10000034  0.07237990945577621
5600039  0.07237822562456131
8800037  0.07237811386585236
15000038  0.07237779349088669
13300035  0.07237621396780014
13100036  0.07236944139003754
13000039  0.07236287742853165
3000037  0.07236141711473465
13000034  0.07235176861286163
15900035  0.07234714925289154
16400040  0.07234460115432739
8600034  0.07233844697475433
9000034  0.07233486324548721
14500034  0.0723303034901619
13400039  0.07232131063938141
10000035  0.07231973856687546
7600038  0.07231148332357407
10300035  0.07229790836572647
11600038  0.07229150086641312
13600035  0.07229108363389969
10100035  0.07228921353816986
10300038  0.07228820770978928
13300039  0.07227347046136856
3600039  0.07226420938968658
10300039  0.07225262373685837
14700036  0.07225135713815689
9700038  0.07224895060062408
6600036  0.07224039733409882
16300039  0.07220395654439926
15400034  0.0721815675497055
16200038  0.07218017429113388
12100036  0.07217749208211899
13400038  0.0721563771367073
14700037  0.07215148955583572
2900035  0.07212908565998077
10200038  0.0721215233206749
14300039  0.07211259007453918
10300037  0.07210540771484375
2900034  0.07209742069244385
14300038  0.07208660244941711
11300034  0.07208384573459625
14700038  0.07205506414175034
10500034  0.07205039262771606
6600037  0.07201248407363892
9500034  0.07196082919836044
15000037  0.07185593992471695
7800034  0.07182522863149643
16500108  0.0661892518401146
16500109  0.0660947635769844
15500110  0.06606410443782806
17300109  0.06603818386793137
13200110  0.06601319462060928
14000106  0.06599103659391403
11300109  0.06596189737319946
17000108  0.06589749455451965
14000104  0.06587453931570053
14200110  0.06584606319665909
11300090  0.06583061069250107
16400108  0.06582046300172806
18700110  0.06581893563270569
13200108  0.06580393016338348
15500107  0.0658012330532074
9300108  0.06579627841711044
16400110  0.06579171866178513
12900106  0.06579109281301498
16100105  0.0657639428973198
15700110  0.06575240194797516
18000108  0.0657343715429306
16300094  0.06573257595300674
15500108  0.06573113799095154
16900110  0.06572018563747406
15500106  0.06571464985609055
14200106  0.06570502370595932
18200109  0.06570285558700562
14000105  0.06570086628198624
12900086  0.06568965315818787
13500090  0.06566579639911652
17300089  0.06566250324249268
16100106  0.06566142290830612
14200094  0.0656525120139122
14800104  0.06565041095018387
16800109  0.06564802676439285
12900101  0.06564110517501831
17600086  0.06563153117895126
18600087  0.06563018262386322
15700101  0.06562448292970657
17300110  0.06562209874391556
12300085  0.0656205490231514
16400109  0.06561913341283798
13200103  0.06561627238988876
13200109  0.06561504304409027
16500105  0.06561118364334106
12900087  0.0656033605337143
17300093  0.06559666991233826
18100091  0.0655907541513443
14000086  0.06557931005954742
15700105  0.06557612121105194
13200087  0.06557038426399231
11300105  0.06556908041238785
15500104  0.06556817889213562
14800108  0.06554201990365982
17600092  0.06554128974676132
16500104  0.06553950905799866
16500090  0.06553057581186295
11300093  0.06553053110837936
15500090  0.0655258446931839
12900094  0.06552057713270187
16500106  0.06551609188318253
13500095  0.06551607698202133
15500086  0.06551486253738403
18200098  0.06551442295312881
17300108  0.06551361083984375
14200085  0.06551268696784973
18200094  0.06550990045070648
14000093  0.06550732254981995
18000105  0.06550375372171402
16800101  0.06550278514623642
18000095  0.06550019234418869
17300104  0.0654945820569992
16500089  0.06549163162708282
3000090  0.06549020111560822
18200108  0.06548141688108444
18200090  0.06547943502664566
15700087  0.06547722965478897
16100089  0.06547613441944122
17300102  0.06547190994024277
15500105  0.06547119468450546
13500094  0.06547059118747711
17300096  0.06546783447265625
14800093  0.06546707451343536
17300107  0.06545939296483994
12900095  0.06545039266347885
16300105  0.06544987112283707
16800105  0.06544949859380722
14000096  0.0654466450214386
11300089  0.06544515490531921
16100099  0.0654437318444252
12900096  0.0654410719871521
11300094  0.06544091552495956
15700102  0.06543881446123123
14000088  0.06543436646461487
14800094  0.06542926281690598
16800093  0.06542892754077911
17600095  0.06542468816041946
16900101  0.0654212012887001
9300103  0.06541646271944046
17300101  0.06541448086500168
11300097  0.0654139295220375
16300093  0.0654061883687973
16100108  0.0654042512178421
3300086  0.06540348380804062
17000104  0.06540326029062271
14000091  0.06539641320705414
17300105  0.06539542227983475
14000087  0.06538870185613632
16400107  0.06538662314414978
12900088  0.06538207083940506
14800103  0.06538086384534836
17000110  0.06537662446498871
18000107  0.06537624448537827
16400096  0.06537611782550812
12900104  0.06536925584077835
18000087  0.06536515057086945
15700095  0.06536019593477249
16500101  0.06535674631595612
17300100  0.06535528600215912
11300104  0.06535068154335022
16900089  0.06534864753484726
14000107  0.0653461143374443
15700086  0.06534433364868164
16100086  0.06534407287836075
16300086  0.06534326821565628
16500096  0.06532910466194153
17300097  0.06532478332519531
18000103  0.0653238371014595
18000102  0.06532379239797592
15700100  0.06532278656959534
3000101  0.06531602144241333
9300110  0.06530651450157166
17300099  0.06530223786830902
9300100  0.06530039012432098
17000090  0.06529939919710159
17600087  0.06529849767684937
9300099  0.06529657542705536
14800089  0.06529451161623001
18200091  0.06529320031404495
3000095  0.06528935581445694
16300095  0.06528767198324203
16900106  0.06528409570455551
16400090  0.06528324633836746
18100090  0.06528321653604507
16400093  0.06528109312057495
17300091  0.06528043001890182
14100086  0.06527165323495865
13200095  0.06526749581098557
13200107  0.06526731699705124
14200090  0.06526388972997665
9300093  0.06526336073875427
11300103  0.06526120752096176
13500096  0.06525847315788269
14000098  0.06525738537311554
11300086  0.06525532156229019
16300106  0.06525301933288574
17000088  0.06525151431560516
16300098  0.06524954736232758
17600091  0.0652475580573082
17300092  0.06524637341499329
16400089  0.06524602323770523
14100090  0.06524409353733063
15500092  0.0652427226305008
15500099  0.06523489207029343
14000103  0.06522661447525024
13500092  0.0652259811758995
17300090  0.06522420048713684
3000093  0.06522414833307266
9300102  0.06521923094987869
16300091  0.06521838158369064
16400088  0.06521474570035934
17000095  0.0652104988694191
12900103  0.06520909070968628
16500086  0.06520669162273407
16100102  0.0652034655213356
9300089  0.06520242989063263
13200092  0.0652003213763237
15500101  0.06519952416419983
17300103  0.06519889086484909
16100103  0.06519834697246552
12900102  0.06519727408885956
14000102  0.0651947632431984
16100088  0.06519263982772827
14200098  0.0651925802230835
18600086  0.06518880277872086
11300106  0.06518767029047012
14000092  0.06518559157848358
14200089  0.06518520414829254
14000100  0.06518226116895676
17000096  0.06518011540174484
12900090  0.0651712492108345
13500091  0.06516698747873306
17300087  0.06516556441783905
17000098  0.06516522914171219
18000097  0.06516508013010025
18200103  0.06516469269990921
17000102  0.06516408175230026
17000101  0.06516381353139877
16500098  0.06515225768089294
17300094  0.06515106558799744
18200102  0.06515010446310043
13500100  0.06514636427164078
15700091  0.0651443600654602
12500086  0.06514077633619308
16500095  0.06513499468564987
18000093  0.06513220816850662
13500097  0.06512869149446487
14200102  0.0651274174451828
12900085  0.06512568891048431
15500103  0.06512059271335602
9300098  0.06511267274618149
17500102  0.0651121512055397
14800085  0.0651061087846756
12900098  0.06510558724403381
9300107  0.06510277092456818
16900097  0.06510235369205475
5300089  0.06509498506784439
16400095  0.06509430706501007
17300095  0.06509385257959366
18200101  0.06509299576282501
18200095  0.06509146839380264
12300087  0.06508946418762207
17300098  0.06508725881576538
13500101  0.06508668512105942
18100089  0.06508225202560425
17600093  0.06508025527000427
16400100  0.06507448107004166
16800088  0.06507356464862823
17300106  0.06507135182619095
3000088  0.06506954878568649
14800098  0.06506512314081192
18700100  0.06506075710058212
18000090  0.06505859643220901
14000095  0.06505339592695236
16500099  0.0650516077876091
17500089  0.06504373997449875
15500098  0.0650411993265152
18000092  0.0650327205657959
14000089  0.06503260135650635
14000090  0.06503097712993622
13200096  0.06503065675497055
18000089  0.06502643972635269
18700098  0.06501580029726028
14000097  0.06500838696956635
16100098  0.0650065541267395
13200091  0.06500303745269775
16100092  0.06500279158353806
14000101  0.06500107795000076
17000107  0.06499814987182617
14000099  0.06499806046485901
18600085  0.06499777734279633
16900090  0.06497155874967575
16400094  0.06496533751487732
3000094  0.06494971364736557
17600094  0.06494373828172684
16300097  0.06494166702032089
16300087  0.06494053453207016
17000087  0.06493870913982391
18000091  0.06492765247821808
14800099  0.06492189317941666
16300088  0.06491418927907944
17000086  0.06491168588399887
9300097  0.06491097807884216
16800097  0.06490515917539597
18600088  0.06490271538496017
15500087  0.06490140408277512
17300088  0.06488224864006042
15700099  0.06487968564033508
18000096  0.06487573683261871
16500087  0.06485765427350998
3000087  0.06485110521316528
16100096  0.0648382380604744
16500094  0.06483388692140579
16400092  0.0648297443985939
12300090  0.0648081824183464
13200099  0.06480297446250916
9300087  0.06476228684186935
14000094  0.06474491208791733
13200085  0.06470554322004318
14800181  0.05139635130763054
17300111  0.05044408142566681
9300181  0.03388063982129097
9300177  0.033878907561302185
18900178  0.03383856266736984
15500174  0.0338243804872036
16500177  0.03382372483611107
14800174  0.03381485864520073
18900174  0.033779364079236984
14800168  0.03377567604184151
14800179  0.03376559540629387
18900168  0.03376498073339462
19400181  0.033761028200387955
9300178  0.03374333679676056
19400172  0.033736102283000946
16500176  0.03372926637530327
14800161  0.03371945023536682
9300176  0.03371544927358627
18700176  0.033714473247528076
16500179  0.03371254727244377
19400175  0.03370233252644539
15500126  0.0336967371404171
14800167  0.03368229791522026
19400176  0.03368065506219864
19400179  0.03368043899536133
14800127  0.03367972373962402
17500157  0.033678390085697174
11300120  0.0336705707013607
15500168  0.03366442397236824
17000119  0.03366437181830406
15500172  0.03365972638130188
15500161  0.033659182488918304
16500174  0.03365234285593033
9300127  0.033652156591415405
15500157  0.03364960849285126
16500181  0.03364718705415726
16900120  0.0336470864713192
14800175  0.0336468368768692
16500178  0.033645737916231155
14800144  0.03364524245262146
16500168  0.03364521265029907
14800178  0.03364488482475281
16900160  0.033638279885053635
16500144  0.033635128289461136
18900161  0.03363465517759323
16800120  0.03363293409347534
16500160  0.03363015130162239
16500175  0.03362684324383736
16900163  0.03362579271197319
16500169  0.033624984323978424
14800120  0.03362405672669411
18000126  0.03362377732992172
16300120  0.03362306207418442
16500161  0.03362167626619339
19400178  0.03362138196825981
16400113  0.033619530498981476
15700153  0.03361888229846954
15500155  0.033615194261074066
18200130  0.03361445292830467
17300119  0.03361360728740692
11300116  0.03361206501722336
18000114  0.03361165523529053
17000113  0.03360994532704353
17500174  0.03360910713672638
19300164  0.03360843285918236
13200112  0.03360791504383087
16500156  0.033604253083467484
11300113  0.03360160440206528
17300114  0.03360111638903618
16400128  0.0336005724966526
15700156  0.03360040485858917
18000115  0.03360036015510559
19300165  0.03359898179769516
18200117  0.03359856829047203
14800157  0.03359478339552879
19400169  0.03359333798289299
9300179  0.03359316661953926
15700116  0.03359084576368332
16900156  0.033587779849767685
12900113  0.033587656915187836
18000120  0.03358721360564232
9300111  0.033585596829652786
14200114  0.03358520194888115
16500116  0.03358340635895729
16300111  0.033579323440790176
15700150  0.033578060567379
18000128  0.03357696905732155
14800169  0.03357662260532379
9300149  0.033576272428035736
17000124  0.03357625752687454
12900115  0.03357502073049545
18900134  0.03357481211423874
17500145  0.03356986865401268
19200157  0.03356865420937538
16500170  0.033568523824214935
14800116  0.033568307757377625
14800130  0.03356793522834778
13200125  0.033567581325769424
16500140  0.03356470912694931
16500131  0.03356470167636871
16800113  0.0335625521838665
13200133  0.03356216475367546
17000116  0.03356140851974487
14800140  0.03355982154607773
19200152  0.03355938196182251
14800149  0.03355448693037033
15500123  0.0335531122982502
16300121  0.03355120122432709
17500134  0.03355070576071739
18000113  0.03354984149336815
9300126  0.033549677580595016
18900140  0.03354845196008682
15700154  0.03354770690202713
16800124  0.03354613855481148
16500155  0.033545203506946564
16300124  0.03354483097791672
16800128  0.033543750643730164
16500139  0.03354339301586151
15500154  0.03354239836335182
16500114  0.033541593700647354
13200121  0.03353922814130783
16500148  0.03353872522711754
19200154  0.03353755176067352
17300115  0.033536579459905624
9300118  0.03353416919708252
17500130  0.033532898873090744
16500124  0.033532220870256424
18200139  0.033531539142131805
17300113  0.03352922201156616
16500111  0.033528123050928116
19400171  0.03352710232138634
18700143  0.03352605178952217
15700120  0.03352520614862442
16400123  0.03352200612425804
17500165  0.03352174535393715
14800180  0.033518530428409576
16500154  0.03351818397641182
11300117  0.03351517766714096
19200153  0.03351445123553276
14800112  0.03351304680109024
16300115  0.03351210430264473
15500127  0.03351103886961937
18900154  0.033508799970149994
15700152  0.03350740298628807
18800128  0.033506784588098526
16500112  0.03350389748811722
17300112  0.03350325673818588
18200112  0.03350288048386574
16900119  0.03350270912051201
19000142  0.03350260853767395
15500121  0.03350101783871651
15500128  0.03349949046969414
15700132  0.03349774330854416
18200125  0.03349757567048073
18200126  0.033497028052806854
14800132  0.03349519893527031
15700151  0.0334947369992733
16400125  0.03349081426858902
16500125  0.03348977863788605
17300116  0.03348948806524277
16500134  0.03348889946937561
19000145  0.03348870575428009
12900117  0.03348835930228233
13200129  0.03348701074719429
18800134  0.03348501771688461
15500153  0.033482860773801804
14800131  0.03348127752542496
15700135  0.03348027542233467
17000120  0.0334802120923996
17000121  0.03347952663898468
19000140  0.03347943350672722
15500150  0.03347434848546982
15500117  0.033473383635282516
15700124  0.03347334638237953
19100150  0.03347334638237953
9300131  0.033472683280706406
18900133  0.03347260504961014
14800121  0.03346879407763481
16800129  0.03346856310963631
17500117  0.03346683084964752
15500171  0.0334661491215229
18700154  0.033464301377534866
11300114  0.03346126899123192
9300121  0.033459849655628204
15700146  0.0334593802690506
14800165  0.033457715064287186
16400124  0.033455248922109604
9300119  0.03345351293683052
13200117  0.03345242515206337
16300128  0.03345227241516113
14800142  0.033451683819293976
14800153  0.03345127031207085
18200124  0.03344995155930519
16900115  0.033448755741119385
18800130  0.03344793990254402
15500129  0.03344745188951492
19100147  0.033445898443460464
12900124  0.033440086990594864
19000141  0.03343994542956352
18900147  0.03343977779150009
19100146  0.03343931585550308
16500149  0.03343929350376129
16500150  0.03343876823782921
18800129  0.03343871235847473
16900114  0.03343780338764191
18900132  0.033436208963394165
15700136  0.03343569487333298
16300129  0.0334349162876606
15700134  0.033434584736824036
9300116  0.033432457596063614
16500121  0.03343209624290466
19400170  0.03343179449439049
18000121  0.03342973068356514
16800116  0.033428091555833817
18700165  0.03342621028423309
18200138  0.033425625413656235
18000125  0.033425141125917435
18200122  0.033422768115997314
18200114  0.03342236578464508
15700112  0.03342105820775032
15700142  0.03341782093048096
16400117  0.03341512754559517
16500113  0.03341510519385338
15500170  0.03341490402817726
14800145  0.033414602279663086
18200135  0.03341269493103027
12900112  0.03341258689761162
13200113  0.03340914472937584
9300129  0.033405788242816925
18200129  0.03340323269367218
18000112  0.03340309485793114
16500141  0.033402007073163986
16500135  0.033396750688552856
16800137  0.03339574113488197
18000117  0.0333954356610775
18200123  0.03339455649256706
16500122  0.033392585813999176
18200121  0.03339080139994621
14800128  0.03338884562253952
18200141  0.03338789567351341
16500129  0.03338656201958656
18000116  0.0333855003118515
19100148  0.033384330570697784
14800134  0.033383145928382874
18800137  0.033381737768650055
14800123  0.03338170796632767
15500113  0.03338155150413513
16800114  0.033381324261426926
18200115  0.03338063880801201
16500137  0.03338006138801575
14800141  0.033379774540662766
18000118  0.03337539732456207
18700121  0.03337506204843521
16500128  0.0333746001124382
9300134  0.03337344527244568
15500122  0.03337271511554718
12900123  0.03336770087480545
11300121  0.0333663709461689
16800121  0.033365409821271896
16500123  0.03336408734321594
18200132  0.033362824469804764
9300133  0.03336277976632118
15700133  0.03335254639387131
13200137  0.03334634378552437
16800132  0.03334420174360275
16500118  0.03334198147058487
16800136  0.03334102779626846
15700138  0.0333402045071125
16300132  0.03333059325814247
12900114  0.033330079168081284
18700132  0.03332901746034622
15700137  0.033328112214803696
17000114  0.03332582488656044
14800136  0.033317577093839645
16400114  0.03331218659877777
16500115  0.03330982103943825
16500138  0.033308546990156174
9300128  0.033299773931503296
15700128  0.03329319506883621
18200128  0.033284641802310944
16400112  0.03325052931904793
