10000044  0.29649001359939575
14800098  0.2960284352302551
13600050  0.2948836088180542
14000092  0.29464319348335266
11500071  0.29463979601860046
3600012  0.2945611774921417
5100065  0.29452991485595703
14000104  0.29450252652168274
2800010  0.29431211948394775
14000107  0.2943069338798523
17600063  0.2942826747894287
8200023  0.29420557618141174
9300047  0.2941807508468628
17100063  0.2939503788948059
18700330  0.2938793897628784
11300073  0.2938704788684845
12900073  0.2938530743122101
18700781  0.293846070766449
17500117  0.29384392499923706
16500174  0.2937907874584198
11700046  0.2937687337398529
12900095  0.29374071955680847
19100148  0.2937300503253937
17700072  0.2937152683734894
14300050  0.29359519481658936
14700038  0.29358646273612976
12900041  0.2935791015625
10300018  0.29356881976127625
16900066  0.29355958104133606
15500108  0.2935471832752228
5400018  0.2935442328453064
11500041  0.29354333877563477
15100046  0.29353249073028564
4400019  0.29350554943084717
16900110  0.29349109530448914
14000037  0.29341235756874084
17500751  0.29340922832489014
16200050  0.29339829087257385
15700059  0.2933851182460785
17900070  0.2933787405490875
17500726  0.2933526635169983
18200078  0.293324738740921
3000058  0.29331326484680176
9100025  0.2932833433151245
16100061  0.2932828366756439
13100031  0.29328256845474243
18900134  0.2932776212692261
17500130  0.2932765483856201
8100023  0.2932758331298828
13500075  0.29318445920944214
17500607  0.2931816875934601
1100011  0.29313424229621887
16900053  0.29312774538993835
16300081  0.293127179145813
10900019  0.29308050870895386
14800116  0.29306674003601074
16100053  0.2930631935596466
13100048  0.2930460572242737
3600021  0.29301533102989197
12300084  0.29301515221595764
10000034  0.29297202825546265
4900034  0.2929697036743164
15700095  0.2929491400718689
13900056  0.2929438650608063
19200154  0.29294270277023315
18000093  0.29293498396873474
3000061  0.2929343581199646
19600235  0.2929018437862396
10200035  0.292900949716568
10200034  0.29288941621780396
15500041  0.29288774728775024
18700721  0.29288747906684875
15300080  0.2928544282913208
17300088  0.29282769560813904
6900031  0.2928229570388794
16800044  0.29281049966812134
3600022  0.2927919328212738
7600042  0.2927907109260559
7600053  0.29279017448425293
12700031  0.29278892278671265
12000030  0.29278621077537537
3000022  0.29278016090393066
9000036  0.29277974367141724
3000053  0.2927766740322113
16800079  0.29277554154396057
4500048  0.29277509450912476
14000105  0.29277104139328003
18700154  0.29273733496665955
2900034  0.2927347719669342
3000035  0.29272952675819397
19200153  0.29271337389945984
16100042  0.2927115857601166
10700030  0.29271143674850464
16000044  0.2926943302154541
19400192  0.2926931083202362
16400088  0.29267191886901855
9300181  0.292665034532547
14500036  0.2926531136035919
16500175  0.29265281558036804
18100089  0.29265084862709045
14400055  0.2926385998725891
18700681  0.2926296591758728
16800093  0.29262930154800415
17700062  0.2926187217235565
17900061  0.29261091351509094
2900035  0.2925857901573181
12300087  0.2925669848918915
19500264  0.2925465703010559
17300113  0.2925436496734619
18000120  0.2925342917442322
18700281  0.292534202337265
3600032  0.29252874851226807
19500270  0.29252782464027405
18700098  0.2925160825252533
7700017  0.29251596331596375
10300029  0.2925158441066742
15300054  0.29250696301460266
14000090  0.29248684644699097
10900029  0.2924790382385254
14800043  0.2923937737941742
13200058  0.2923884689807892
10300074  0.29237881302833557
17500437  0.29236558079719543
19500257  0.29233458638191223
12300060  0.29232925176620483
15700120  0.29231956601142883
11500046  0.29231753945350647
3000073  0.2922931909561157
17500258  0.2922842502593994
7000016  0.292270302772522
19901705  0.292263388633728
13400032  0.29225993156433105
19100150  0.29224520921707153
4900023  0.29222989082336426
15700128  0.2922273874282837
15500087  0.2922157049179077
5100027  0.292214959859848
11200056  0.2922096848487854
18000092  0.2922055721282959
5200029  0.29220062494277954
8400028  0.29219093918800354
13200109  0.29218682646751404
3300053  0.2921859323978424
3700046  0.2921852171421051
7800062  0.2921840250492096
11200020  0.2921645939350128
18700484  0.29216134548187256
3000030  0.29215043783187866
17500320  0.2921478748321533
16500161  0.29212528467178345
17500323  0.29211679100990295
7700028  0.2921121418476105
11900026  0.29210981726646423
16100072  0.2921070456504822
11900021  0.2920907139778137
7700033  0.29208996891975403
9100027  0.292085736989975
17500324  0.2920801639556885
12300048  0.2920735776424408
18700586  0.29207274317741394
16900114  0.29207131266593933
12400025  0.2920684218406677
18700793  0.29206520318984985
14700059  0.2920597195625305
17700073  0.29205718636512756
7200015  0.2920551002025604
12400069  0.2920530140399933
3700022  0.2920505106449127
10200026  0.2920493483543396
17300084  0.29204726219177246
11900035  0.2920469641685486
11400024  0.2920401990413666
8600033  0.2920357882976532
7800034  0.2920243740081787
16400090  0.2920229732990265
4900022  0.2920209467411041
19800358  0.2920199930667877
3800017  0.29200905561447144
17500581  0.2920069992542267
17500194  0.29200536012649536
16000052  0.2919965386390686
17500416  0.2919887602329254
10000025  0.29198575019836426
16500168  0.2919841706752777
7300015  0.29197707772254944
18000079  0.29197654128074646
4500037  0.29197171330451965
15700112  0.29196277260780334
15500168  0.29194703698158264
17300094  0.29194390773773193
19500267  0.29193153977394104
16800114  0.29193034768104553
7100022  0.29192978143692017
8600023  0.29192399978637695
11500039  0.2919136881828308
9000042  0.2919130027294159
15500154  0.2919110953807831
3000068  0.29190707206726074
11200071  0.2919004261493683
3900031  0.29189833998680115
15700083  0.29189568758010864
15300051  0.29189544916152954
18000118  0.29186728596687317
18000096  0.29186007380485535
13200049  0.29185593128204346
13400040  0.2918541729450226
18700757  0.29185181856155396
3600033  0.2918512225151062
19500253  0.2918459177017212
6000016  0.29184430837631226
15300061  0.29184260964393616
3500021  0.2918386161327362
9300076  0.2918340563774109
16400079  0.29182204604148865
18000090  0.29181957244873047
7100036  0.29181796312332153
8600019  0.29181715846061707
17300116  0.2918151319026947
19800351  0.29180946946144104
15500083  0.2918071746826172
16500148  0.2918030917644501
18700270  0.29180189967155457
17500064  0.29178863763809204
19902297  0.2917843759059906
16300059  0.29177868366241455
19902346  0.2917783856391907
16900048  0.2917739152908325
17100070  0.2917724847793579
16300121  0.2917713224887848
18500406  0.29177039861679077
16900068  0.2917676568031311
19901328  0.2917487621307373
16100099  0.2917484939098358
9700027  0.2917465269565582
13600054  0.2917361557483673
9300127  0.29172763228416443
17500174  0.291719526052475
9300098  0.2917191684246063
13300042  0.29171183705329895
12000046  0.29170989990234375
12900087  0.2917093336582184
4900026  0.29170137643814087
19500256  0.29170000553131104
18000083  0.29169559478759766
17900060  0.2916955053806305
17500806  0.29169005155563354
16900052  0.29168763756752014
17500334  0.2916792333126068
3000055  0.2916783392429352
13300044  0.29167643189430237
13200107  0.2916662096977234
17500651  0.2916647493839264
5900016  0.29165515303611755
18000115  0.291654497385025
9000035  0.29165413975715637
16100066  0.2916421592235565
15300050  0.2916385531425476
9300107  0.29162678122520447
18700709  0.291617214679718
13600051  0.2916170358657837
18700165  0.29161569476127625
12900032  0.2916133403778076
18100091  0.29161161184310913
17300103  0.29160013794898987
5000026  0.291599839925766
10300041  0.29159432649612427
7800066  0.29159241914749146
14900035  0.2915911376476288
18000080  0.29158586263656616
17500406  0.2915755808353424
5100042  0.291561096906662
14400037  0.2915600836277008
6500018  0.2915595471858978
14300043  0.29155153036117554
7700027  0.2915504574775696
10400026  0.29154762625694275
16400043  0.29154497385025024
12700023  0.29153817892074585
9300058  0.29153358936309814
16500113  0.2915327847003937
18700733  0.2915310263633728
13100022  0.29153090715408325
16500075  0.291528582572937
16500141  0.29152730107307434
17000088  0.2915230691432953
2900037  0.2915189564228058
5400014  0.2915095090866089
18600074  0.2915031909942627
16800121  0.29150301218032837
9800033  0.29150065779685974
3400020  0.29149556159973145
17300098  0.29149293899536133
10300030  0.2914925813674927
17500748  0.2914908528327942
9300133  0.2914718687534332
11600025  0.2914718687534332
17800077  0.2914718687534332
8800049  0.29147079586982727
13900058  0.2914646863937378
13200069  0.29146236181259155
3000087  0.2914575934410095
18700391  0.29145726561546326
5500031  0.29145708680152893
5700014  0.2914569675922394
19901550  0.29145312309265137
5700033  0.29144179821014404
7600027  0.29144036769866943
11300085  0.29142770171165466
13100030  0.29142746329307556
19901704  0.2914249897003174
19500266  0.2914247512817383
7600048  0.2914218306541443
9300060  0.2914104163646698
12900101  0.29140976071357727
17500829  0.29140302538871765
13900026  0.29140087962150574
5100039  0.29139959812164307
15500171  0.29139813780784607
9300108  0.2913951873779297
14400059  0.29139435291290283
15300058  0.2913823127746582
6300016  0.2913813889026642
16100106  0.2913649380207062
14000089  0.29136231541633606
10400033  0.29135942459106445
14500033  0.2913559377193451
15400069  0.2913542091846466
19700240  0.29135337471961975
4500024  0.2913430631160736
6500048  0.291337788105011
14000100  0.2913368344306946
15500170  0.2913316488265991
16800105  0.29133161902427673
2200011  0.2913292646408081
11900027  0.29131975769996643
16400060  0.29131290316581726
4200029  0.2913079559803009
14900047  0.29129648208618164
3100023  0.2912885844707489
13400041  0.2912783622741699
6500069  0.29127752780914307
16500096  0.2912755310535431
9300050  0.29127371311187744
18700497  0.29127031564712524
10200028  0.29126930236816406
4200015  0.29126879572868347
1800011  0.29125872254371643
16400112  0.29125839471817017
15700075  0.29125818610191345
4500052  0.29125216603279114
17300099  0.2912489175796509
14800099  0.2912479043006897
17900066  0.29124048352241516
5200014  0.29124021530151367
3700055  0.2912391126155853
15000043  0.2912391126155853
18000078  0.29123616218566895
15100043  0.2912060618400574
14700054  0.2912036180496216
10300053  0.2912013530731201
1400016  0.29119357466697693
18700458  0.2911913990974426
14000095  0.29118213057518005
18200130  0.29117894172668457
3500028  0.2911757826805115
16100081  0.2911721467971802
17300097  0.2911679148674011
19400190  0.2911624610424042
1400007  0.29116103053092957
14800128  0.29115748405456543
14800049  0.29115644097328186
12700022  0.2911525368690491
13400034  0.29115235805511475
6500061  0.2911495268344879
9700035  0.2911485433578491
13500035  0.29114827513694763
19600219  0.29114794731140137
16800120  0.29114770889282227
6100016  0.2911401391029358
5100018  0.2911394536495209
10200032  0.2911364734172821
18000128  0.2911325991153717
15500056  0.29113253951072693
17100062  0.2911229133605957
12900054  0.2911204695701599
16500111  0.2911197245121002
9400017  0.2911164462566376
2600016  0.29110684990882874
5100022  0.29110532999038696
3000095  0.29110339283943176
17500184  0.29110243916511536
18000107  0.2911013066768646
18700642  0.29109814763069153
19700247  0.2910972535610199
19500251  0.291096031665802
7100042  0.2910926043987274
13200113  0.2910884618759155
19901461  0.2910865843296051
13100045  0.29108595848083496
10000035  0.2910831570625305
16500139  0.29107657074928284
16400051  0.2910763621330261
7100032  0.29107531905174255
5600023  0.2910744845867157
13400024  0.291073203086853
8600041  0.29107317328453064
13900050  0.291068971157074
10300044  0.2910688519477844
6200019  0.29105931520462036
13800025  0.29105812311172485
16900064  0.2910517752170563
15400050  0.29105016589164734
6100021  0.2910473644733429
3600041  0.2910434901714325
9000038  0.2910430133342743
14600027  0.29104214906692505
11500060  0.2910270094871521
17700067  0.29102593660354614
5800015  0.2910248935222626
16400110  0.2910234332084656
14700037  0.29102078080177307
13900041  0.2910151779651642
14400047  0.2910127639770508
18700745  0.2910076975822449
9500017  0.29100021719932556
17500598  0.29099899530410767
17500298  0.29099711775779724
9300072  0.290993869304657
3000042  0.29098787903785706
8600028  0.2909867465496063
9300044  0.29098621010780334
10300063  0.29098600149154663
9300099  0.29098567366600037
18700547  0.2909855544567108
16000043  0.2909839153289795
12100041  0.29098305106163025
15100031  0.29097431898117065
3000072  0.29097282886505127
3200023  0.2909707725048065
17100069  0.29097020626068115
16800078  0.29097017645835876
9600025  0.2909694015979767
16500134  0.29096508026123047
10300024  0.29096418619155884
19700255  0.29096344113349915
16700061  0.29096096754074097
16400071  0.2909581661224365
12200038  0.29095467925071716
14700045  0.29094579815864563
14300038  0.29094475507736206
15000041  0.290944367647171
17500325  0.2909430265426636
9200017  0.290941447019577
13300039  0.2909413278102875
16500109  0.2909396290779114
14300051  0.2909333109855652
3100011  0.2909323275089264
16500080  0.2909323275089264
3500025  0.2909320592880249
17500623  0.29092976450920105
14000083  0.2909221649169922
3400021  0.2909184992313385
16300075  0.29091838002204895
18700244  0.2909182608127594
12900114  0.2909136116504669
9300079  0.290910005569458
12900022  0.2909091114997864
18200064  0.29090872406959534
3500017  0.29090794920921326
4100025  0.2909078001976013
8800055  0.2908971905708313
17600093  0.29089677333831787
14800071  0.290893018245697
4000013  0.2908894419670105
12300078  0.29088935256004333
15300040  0.29088908433914185
16900160  0.29088738560676575
7100034  0.2908782958984375
3700019  0.2908766567707062
13500055  0.290871798992157
3100015  0.29086530208587646
15500153  0.2908633053302765
2900025  0.2908632159233093
19902216  0.29085803031921387
11900023  0.2908530831336975
14300035  0.290852814912796
16800116  0.2908457815647125
12200045  0.29084163904190063
17500456  0.2908399701118469
15300060  0.29083311557769775
4600028  0.2908293604850769
17300091  0.2908264398574829
16500085  0.29082420468330383
16800058  0.290823757648468
18700523  0.29081490635871887
7800035  0.2908100485801697
18000108  0.29080528020858765
17500702  0.2908051013946533
17500388  0.29080092906951904
17300101  0.2907922863960266
14000068  0.2907892167568207
13200051  0.29078641533851624
12700028  0.29078367352485657
17500696  0.29078209400177
3200017  0.29078155755996704
17500719  0.2907780110836029
18700471  0.29077672958374023
8800040  0.29077401757240295
7200016  0.29077357053756714
14000053  0.2907693088054657
11300040  0.2907685339450836
19901673  0.2907664179801941
17500410  0.2907659113407135
16900061  0.2907533347606659
19901293  0.2907335162162781
3900030  0.29073306918144226
3300076  0.29072967171669006
13200084  0.29072895646095276
9900020  0.29072853922843933
1000007  0.29071611166000366
19600229  0.2907159924507141
15300042  0.29071271419525146
16900115  0.2907101511955261
7400015  0.2907019555568695
14400034  0.290701687335968
14000030  0.29069945216178894
12400062  0.29069921374320984
13200054  0.29069679975509644
16500112  0.2906814217567444
9100029  0.2906780540943146
14800141  0.29067015647888184
18400067  0.2906690537929535
19000142  0.2906687557697296
17600062  0.2906629741191864
18900132  0.29066258668899536
13600042  0.2906619608402252
17500560  0.2906569242477417
16400062  0.2906566262245178
5500023  0.2906534671783447
8100028  0.29065075516700745
19600221  0.29065003991127014
14800051  0.29064762592315674
12200031  0.2906471788883209
6500057  0.29064351320266724
7600064  0.29064294695854187
12900104  0.2906418740749359
18900154  0.29063934087753296
1900011  0.2906384766101837
1700007  0.2906372547149658
14000086  0.29063549637794495
12900106  0.2906301021575928
14500034  0.29062914848327637
17000061  0.2906258702278137
10000049  0.29062455892562866
14000063  0.2906216084957123
18000121  0.290620356798172
18900133  0.29061612486839294
16400070  0.2906145453453064
11400028  0.29061436653137207
3500029  0.29060885310173035
5100053  0.29060450196266174
5000025  0.2906011939048767
19600230  0.29059821367263794
10300023  0.29059165716171265
17500685  0.29059067368507385
10500020  0.29058966040611267
10300057  0.2905871272087097
10000062  0.2905814051628113
14800076  0.2905779182910919
17500366  0.2905738651752472
7000015  0.2905728816986084
5300068  0.29057055711746216
14700027  0.2905704379081726
3600020  0.2905692756175995
17300100  0.2905692160129547
8700022  0.29056811332702637
5100044  0.2905679941177368
16100038  0.2905677556991577
16800049  0.2905658781528473
6100017  0.2905542552471161
7500015  0.2905505299568176
12100037  0.2905484437942505
2100009  0.2905467450618744
12400022  0.29054540395736694
12900082  0.29054540395736694
14800136  0.29054322838783264
11800026  0.2905411422252655
17500796  0.29054051637649536
16500149  0.2905401289463043
17500746  0.29053670167922974
13200055  0.2905358374118805
15000052  0.2905291020870209
5100058  0.29052743315696716
5700026  0.2905251085758209
4900021  0.29052215814590454
12200041  0.2905215919017792
13400035  0.2905176877975464
4000014  0.29051199555397034
2500020  0.29051172733306885
18500209  0.2905045449733734
14700047  0.29049384593963623
11300053  0.2904917597770691
17500566  0.2904915511608124
16500122  0.29049062728881836
3600040  0.2904864251613617
17500425  0.2904837131500244
3000043  0.2904776930809021
14400038  0.29047691822052
5700030  0.29047125577926636
8800034  0.29047107696533203
9900022  0.2904697060585022
11500036  0.2904663383960724
13200046  0.29046136140823364
17500057  0.290460467338562
12400040  0.2904486060142517
17500295  0.2904455065727234
4500020  0.29044321179389954
10300068  0.2904413640499115
15800038  0.29043999314308167
11100024  0.29043975472450256
12900075  0.29043692350387573
17500329  0.29043084383010864
17500424  0.29042649269104004
7300016  0.29042425751686096
5600024  0.29042041301727295
16500160  0.29041942954063416
14000041  0.2904171347618103
16500183  0.29041409492492676
5300069  0.2904089391231537
16300120  0.2904032766819
18700627  0.29039517045021057
12400037  0.2903924584388733
16500187  0.290391206741333
12700025  0.2903900742530823
4800014  0.29038798809051514
3700056  0.2903851866722107
13100039  0.2903851270675659
17700063  0.2903825342655182
15600055  0.290378212928772
4400016  0.29037442803382874
3500022  0.29037290811538696
1300007  0.2903714179992676
17500239  0.290371298789978
15500079  0.29037076234817505
14000072  0.29037073254585266
14800050  0.29036620259284973
16900120  0.29036620259284973
18700668  0.29036539793014526
3000033  0.29036393761634827
16000045  0.29036203026771545
7700018  0.29036083817481995
6500026  0.29035964608192444
15700084  0.29035934805870056
9700023  0.2903561294078827
18000073  0.290355920791626
14800048  0.29035571217536926
1300014  0.2903538942337036
16500074  0.29035240411758423
3600043  0.29034703969955444
15700153  0.2903430163860321
11500054  0.29034164547920227
9300069  0.290336012840271
13400026  0.29033276438713074
16500084  0.2903319001197815
17500330  0.2903299927711487
4200013  0.2903289198875427
16500065  0.29032841324806213
19600220  0.29032567143440247
9300067  0.29032087326049805
16100068  0.2903207540512085
19400188  0.2903168797492981
15300055  0.29031437635421753
9000041  0.2903129756450653
17500671  0.2903124690055847
13200092  0.290310800075531
10300022  0.2903084456920624
11600024  0.29030710458755493
5100063  0.2903065085411072
6500042  0.29030337929725647
17000108  0.2903010845184326
17300106  0.29029592871665955
13400023  0.29029518365859985
14800083  0.29029059410095215
4700033  0.29028984904289246
13200112  0.29028981924057007
12900081  0.2902856767177582
18600087  0.29028093814849854
16900097  0.29028064012527466
14400051  0.29027989506721497
14400044  0.29027873277664185
3900028  0.29027503728866577
16800048  0.2902749180793762
15600059  0.2902745008468628
14800054  0.2902742326259613
3600023  0.29027295112609863
13900040  0.29027190804481506
11300097  0.29027146100997925
19500288  0.2902684211730957
16500048  0.29026830196380615
11700053  0.29026615619659424
19500265  0.29025977849960327
6500049  0.29025694727897644
19100147  0.2902568280696869
13200061  0.2902526259422302
15700091  0.29024815559387207
10900020  0.2902475595474243
13300035  0.29024598002433777
17500297  0.29024380445480347
11800025  0.2902420461177826
3400013  0.2902400493621826
2700017  0.29023677110671997
5500024  0.29023104906082153
8600043  0.2902284860610962
10800036  0.2902284264564514
12300045  0.2902255058288574
8600030  0.2902217209339142
6500041  0.2902202904224396
10300034  0.29021933674812317
11500028  0.2902165353298187
19500260  0.2902098596096039
11800039  0.2902083098888397
9300024  0.2902050316333771
10800035  0.2902049124240875
13900029  0.29019442200660706
13300043  0.29019394516944885
7600051  0.2901872992515564
11700032  0.29018449783325195
14700048  0.29018351435661316
5100034  0.29018253087997437
14000027  0.29018229246139526
8700019  0.29018163681030273
15000050  0.2901802062988281
16300124  0.2901793122291565
14400030  0.29017698764801025
3000079  0.29017624258995056
9300077  0.29017478227615356
15300064  0.2901742458343506
13200067  0.2901739776134491
10100035  0.2901706397533417
16400107  0.29016995429992676
18000117  0.2901681363582611
6900030  0.2901674807071686
15400047  0.2901666760444641
15400071  0.2901666462421417
3300011  0.29016292095184326
19200152  0.29015782475471497
15300076  0.29015421867370605
9000027  0.29015350341796875
10000033  0.2901517450809479
10400030  0.2901459038257599
10300031  0.2901443541049957
15700067  0.2901376783847809
12900053  0.2901371717453003
18600073  0.29013702273368835
15400068  0.2901327311992645
3000059  0.2901324927806854
4100023  0.29013219475746155
3000018  0.2901315689086914
12100039  0.290129691362381
8200019  0.2901237905025482
4100024  0.2901202142238617
11500024  0.2901167571544647
17300067  0.29011598229408264
16300132  0.29011309146881104
10100034  0.2901126742362976
18700694  0.2901078462600708
12900046  0.2901073098182678
14900031  0.29010528326034546
11900024  0.2900991141796112
9600019  0.29009753465652466
9300179  0.2900967597961426
17800069  0.2900967299938202
8800053  0.29009634256362915
18200129  0.2900962233543396
11500020  0.2900919020175934
4700024  0.2900916337966919
19902132  0.290088027715683
3400011  0.2900836765766144
3200011  0.29008328914642334
16500101  0.29007500410079956
15700055  0.29007333517074585
14400048  0.29007309675216675
19902179  0.2900658845901489
14000033  0.2900630533695221
18800128  0.290058434009552
9000022  0.2900572419166565
16500099  0.29005566239356995
15500157  0.2900548279285431
18500310  0.2900426387786865
13900037  0.29004156589508057
5500019  0.29003995656967163
14000106  0.2900395691394806
2600015  0.2900317907333374
3600039  0.2900279760360718
17500545  0.2900276482105255
10300019  0.29002320766448975
2700013  0.290022611618042
19500268  0.29002028703689575
2600025  0.29001981019973755
17100067  0.2900162935256958
18000081  0.2900156080722809
13300041  0.2900155186653137
12400052  0.2900102436542511
8400021  0.29000765085220337
16700052  0.2900060713291168
17300092  0.2900041937828064
4500016  0.2900019884109497
16500114  0.289999395608902
16300088  0.28999850153923035
16000048  0.2899962067604065
14600028  0.28999558091163635
9000026  0.28998878598213196
5600022  0.2899865210056305
19500245  0.28998619318008423
17500741  0.28998586535453796
14300056  0.28998449444770813
16700051  0.28998318314552307
11300121  0.2899812161922455
9300089  0.28997617959976196
13300027  0.28997352719306946
15200054  0.28997156023979187
16100092  0.289966881275177
18700769  0.2899620831012726
13900034  0.28996196389198303
19400193  0.28996115922927856
12100040  0.2899606227874756
12000050  0.2899574935436249
9900023  0.2899566888809204
17100057  0.2899564504623413
6000015  0.2899520695209503
17500816  0.28995200991630554
5100025  0.2899516522884369
3900026  0.2899484932422638
7100043  0.2899470925331116
16000050  0.28994664549827576
18700187  0.2899458706378937
6600037  0.2899402976036072
18000091  0.28993919491767883
15300065  0.28993844985961914
11300036  0.289932519197464
19500284  0.28992870450019836
5600033  0.2899240553379059
14000087  0.28991803526878357
18500191  0.28991782665252686
17500165  0.28991594910621643
18900174  0.2899158000946045
18900182  0.28991368412971497
17500512  0.2899123430252075
19400185  0.28991061449050903
17500360  0.28990814089775085
7100026  0.28990456461906433
16400096  0.2899017333984375
7600050  0.2899002134799957
18600078  0.2899000346660614
7600031  0.2898993492126465
19901905  0.289896696805954
13400038  0.28989264369010925
2900030  0.2898905575275421
10300048  0.28988945484161377
10000022  0.28988707065582275
13200050  0.2898857295513153
17500500  0.2898852229118347
14800131  0.28988465666770935
16600043  0.2898824214935303
16300086  0.2898818552494049
19500286  0.28987905383110046
17800071  0.2898787558078766
12500072  0.2898764908313751
5300089  0.2898763120174408
14000094  0.289874792098999
16400055  0.28986501693725586
17300069  0.28986018896102905
17500662  0.2898596525192261
15500128  0.28985893726348877
3300032  0.28985753655433655
16400100  0.2898561358451843
11600042  0.2898557186126709
12900063  0.28985342383384705
18000102  0.28985297679901123
18600081  0.2898527681827545
17300104  0.289850115776062
10500026  0.289846807718277
12000066  0.2898465394973755
2000024  0.28984490036964417
7100028  0.2898420989513397
15300031  0.2898411154747009
8100033  0.2898384928703308
14800123  0.28983741998672485
11500029  0.2898351848125458
15300041  0.2898346483707428
15300037  0.2898299992084503
3000037  0.289817750453949
5700025  0.28981539607048035
14000078  0.2898150384426117
14700041  0.28981396555900574
13200096  0.2898056209087372
15000051  0.2898038327693939
14000091  0.28980356454849243
15700087  0.2898024618625641
15800040  0.28980034589767456
7800048  0.289800226688385
3300058  0.28979796171188354
13100044  0.28979796171188354
10300038  0.2897958755493164
17500675  0.28979235887527466
3000040  0.28979021310806274
15500174  0.2897861897945404
14000097  0.28978514671325684
12300058  0.28978103399276733
13200080  0.28978049755096436
7100035  0.2897779047489166
3600034  0.2897731363773346
16400078  0.2897699773311615
14700029  0.2897678017616272
14700033  0.28976401686668396
12900090  0.2897629141807556
10800033  0.28976258635520935
15500068  0.2897610366344452
10300067  0.2897588610649109
15700152  0.2897545397281647
5600029  0.28975364565849304
12400023  0.28975072503089905
17500758  0.2897501587867737
13200129  0.2897457182407379
12700030  0.2897436320781708
11900022  0.28974324464797974
4900030  0.28974270820617676
12200023  0.2897424101829529
14800132  0.2897424101829529
1600007  0.2897389233112335
18700432  0.2897370457649231
9300084  0.2897352874279022
6500017  0.28973454236984253
19600231  0.2897331416606903
16500087  0.2897298336029053
16400094  0.289725661277771
18200109  0.2897256314754486
7100048  0.28972190618515015
19902095  0.28972020745277405
9300081  0.2897198498249054
8600018  0.28971225023269653
13100040  0.2897118031978607
19500262  0.2897111773490906
1300009  0.2897098958492279
9300087  0.2897094488143921
3100025  0.28970882296562195
18700445  0.28970658779144287
16300128  0.2897018790245056
17500412  0.2896972894668579
13900065  0.28969234228134155
2200008  0.2896878123283386
14200085  0.28968602418899536
2600019  0.2896806597709656
5100023  0.2896782457828522
14300047  0.28967806696891785
5100030  0.2896759510040283
15000037  0.2896743416786194
1400012  0.2896732687950134
18000076  0.28967249393463135
2900016  0.2896646559238434
17600092  0.28966444730758667
6400016  0.2896619439125061
19500278  0.2896527647972107
8300016  0.2896527051925659
14900028  0.2896517813205719
10300056  0.2896507680416107
18000089  0.28964507579803467
16100077  0.2896431088447571
12100025  0.2896413505077362
11600043  0.2896401584148407
9300184  0.2896381616592407
16300091  0.2896375060081482
12900094  0.28963619470596313
9700042  0.2896357476711273
12000039  0.28963229060173035
12600022  0.28963157534599304
13300047  0.2896309494972229
19901947  0.28962719440460205
1900008  0.28962382674217224
3700026  0.2896234393119812
3300083  0.28962260484695435
12900066  0.28962260484695435
19500261  0.28962066769599915
13600033  0.2896197438240051
15800037  0.2896125614643097
15500035  0.28961220383644104
15600041  0.2896096706390381
11300064  0.2896091043949127
12000026  0.28960686922073364
12900080  0.2896066904067993
16500098  0.28960663080215454
14800145  0.28960418701171875
17000114  0.2896024286746979
6100015  0.28959667682647705
14800153  0.2895951271057129
16900056  0.2895873188972473
3000017  0.28958237171173096
18000126  0.2895817160606384
3600026  0.2895786166191101
15400083  0.2895738184452057
10200037  0.28957054018974304
4600018  0.28956902027130127
17500698  0.28956785798072815
5500027  0.2895668148994446
16500135  0.28956300020217896
10100032  0.2895611524581909
9300126  0.289556622505188
16400077  0.2895563244819641
12400036  0.28955599665641785
9300056  0.2895534336566925
5100049  0.2895529270172119
15500103  0.2895524799823761
12800025  0.2895512878894806
14400041  0.28954988718032837
19800330  0.28954967856407166
3700018  0.28954729437828064
10500021  0.2895434498786926
11300120  0.28954192996025085
10000050  0.2895389497280121
3000080  0.2895382344722748
11600046  0.2895311117172241
18000097  0.2895306646823883
14900044  0.2895270586013794
17900062  0.28952279686927795
10800049  0.2895214557647705
18600077  0.2895195484161377
19901351  0.2895165979862213
4500056  0.2895160913467407
18200126  0.28951573371887207
10400023  0.2895089387893677
9100017  0.289506196975708
17300109  0.2895033061504364
8800031  0.289495587348938
4600039  0.28949400782585144
15000035  0.2894914448261261
8800036  0.28948748111724854
10300072  0.28948307037353516
6600052  0.28947901725769043
15300052  0.2894780933856964
12900044  0.2894708514213562
6700021  0.2894693911075592
1300010  0.28946933150291443
5700028  0.2894654870033264
13700024  0.28945955634117126
13700026  0.2894582450389862
18200091  0.2894551157951355
13900036  0.2894536256790161
11300058  0.2894532084465027
8600032  0.2894522249698639
15500105  0.28945037722587585
17500617  0.2894493639469147
5100038  0.2894470989704132
6700022  0.2894461750984192
6500064  0.2894444465637207
16400125  0.289443701505661
14700036  0.28944337368011475
12300044  0.28944075107574463
15500122  0.2894337773323059
17500134  0.28943338990211487
12900086  0.2894325852394104
19901879  0.2894306182861328
18000125  0.28943026065826416
11000019  0.28942790627479553
6700015  0.28942179679870605
2900013  0.28941988945007324
13000067  0.28941914439201355
7900017  0.2894185483455658
3600035  0.289414644241333
16100086  0.28941407799720764
18700200  0.28941407799720764
18000116  0.28941383957862854
10300033  0.2894135117530823
10300059  0.2894085943698883
9300116  0.2894076108932495
17200052  0.28940436244010925
5000027  0.289402574300766
11200073  0.2894018888473511
8200024  0.28940072655677795
10200045  0.28939974308013916
17500695  0.28939583897590637
18900140  0.28939512372016907
12900115  0.2893942594528198
9100026  0.28939324617385864
12300090  0.2893929183483124
16500086  0.2893929183483124
18700300  0.2893901467323303
2900014  0.28938549757003784
4700019  0.2893851101398468
19800365  0.28938204050064087
12500063  0.28938058018684387
16100037  0.2893805205821991
11400033  0.2893785536289215
3500027  0.2893776297569275
19901067  0.2893694043159485
13300040  0.2893679440021515
15700134  0.2893664240837097
2600024  0.2893633544445038
8200029  0.28936317563056946
14300036  0.28935912251472473
3100024  0.2893584966659546
7800053  0.2893562614917755
11300034  0.28935497999191284
13900031  0.2893546521663666
4600034  0.2893526554107666
4900031  0.289348840713501
18000113  0.28934675455093384
19600222  0.28934571146965027
9300118  0.289343923330307
13900028  0.2893412113189697
13300032  0.2893393635749817
17000102  0.28933650255203247
8700017  0.2893359363079071
3000025  0.28933560848236084
13200078  0.28932878375053406
17500389  0.2893131375312805
5100061  0.28930872678756714
18900178  0.2893080711364746
14300027  0.2893070578575134
11600034  0.2893032133579254
6600032  0.28930041193962097
4600022  0.2893003821372986
13100049  0.28929832577705383
17500338  0.2892972230911255
5600032  0.28929585218429565
3200016  0.2892943024635315
16400092  0.28929367661476135
1300017  0.2892877161502838
18000077  0.2892875373363495
15300033  0.2892841696739197
9800022  0.2892833650112152
18000095  0.2892795503139496
9300119  0.2892790138721466
6500044  0.2892787456512451
16500131  0.2892785370349884
13200125  0.2892777919769287
14500031  0.2892758548259735
10500018  0.28927525877952576
14700050  0.28927260637283325
16500155  0.2892690598964691
6600076  0.28926852345466614
5200016  0.28926482796669006
9300085  0.28926339745521545
9300110  0.28926223516464233
15000032  0.2892615795135498
15400032  0.28925764560699463
13000051  0.2892534136772156
5000024  0.28925222158432007
15700071  0.28924715518951416
12300053  0.28924474120140076
16200045  0.2892440855503082
13600046  0.28924378752708435
15600046  0.289242148399353
2900041  0.28924012184143066
14000062  0.289238840341568
11200032  0.2892376482486725
17500534  0.2892366349697113
16800109  0.28923261165618896
13400045  0.2892281115055084
13200133  0.2892279028892517
16500123  0.2892264127731323
15500113  0.28922080993652344
6500025  0.2892206311225891
5600034  0.28921863436698914
14900040  0.289213627576828
19500254  0.28921326994895935
9700029  0.28921180963516235
15200064  0.2892115116119385
13100026  0.28920939564704895
14300044  0.28920814394950867
18300066  0.2892078459262848
17500145  0.2892073392868042
3900017  0.289206862449646
7700023  0.2892065942287445
16500170  0.28920629620552063
14000103  0.28920623660087585
14900029  0.2892059087753296
14800059  0.2892025411128998
17500739  0.2892020642757416
4400013  0.2892020046710968
3600042  0.28920188546180725
16100041  0.28919535875320435
13900062  0.28919094800949097
19300164  0.2891899347305298
1300013  0.2891892194747925
6500051  0.2891883850097656
15500069  0.2891881763935089
7600021  0.2891874611377716
13600026  0.28918567299842834
19800344  0.2891833186149597
18700227  0.2891812026500702
17000062  0.28917554020881653
13900025  0.2891741693019867
9100018  0.28917139768600464
17000121  0.2891699969768524
13900052  0.28916990756988525
15700116  0.2891692817211151
16700045  0.2891692817211151
10500034  0.2891661524772644
15500104  0.2891632616519928
17300079  0.28916195034980774
3000029  0.28915536403656006
10300049  0.28914913535118103
10700018  0.28914904594421387
7600044  0.28914886713027954
3500023  0.28914690017700195
16400114  0.28914645314216614
15700079  0.28914573788642883
12900055  0.2891334593296051
16500079  0.2891320288181305
13400027  0.2891300916671753
12300056  0.28912293910980225
10200050  0.2891213595867157
17100058  0.2891189754009247
3900029  0.2891162037849426
3200019  0.2891159951686859
16100084  0.28911536931991577
7700022  0.28911522030830383
12900045  0.2891142964363098
1600009  0.2891117036342621
12900113  0.2891106903553009
3300080  0.2891044020652771
18800130  0.28910186886787415
19800323  0.2891016900539398
11500055  0.289095938205719
9800018  0.2890942096710205
14700028  0.2890913784503937
1300012  0.2890892028808594
18200138  0.2890889644622803
16400128  0.28908467292785645
10000018  0.2890830934047699
16900060  0.2890816926956177
4200025  0.28908148407936096
12300085  0.2890784442424774
11000020  0.28907808661460876
5900015  0.2890748381614685
5300071  0.2890717089176178
11300031  0.28906840085983276
17500573  0.2890680432319641
17700057  0.2890675663948059
16600041  0.28906726837158203
17500102  0.2890613377094269
10000043  0.2890610992908478
10000053  0.28905975818634033
17500286  0.2890585660934448
3700062  0.2890564799308777
19500216  0.28905433416366577
19901275  0.28905168175697327
12900103  0.2890486419200897
11300072  0.28904375433921814
18900147  0.2890331745147705
11800024  0.28903114795684814
15500150  0.28903114795684814
14800034  0.2890300750732422
17300115  0.28902673721313477
17500744  0.28902652859687805
13200029  0.28902503848075867
12400065  0.28902384638786316
11700027  0.2890219986438751
17500296  0.2890194058418274
3800012  0.289019376039505
7800026  0.28901904821395874
17300066  0.28901663422584534
11300049  0.28901606798171997
19700239  0.28901365399360657
16100105  0.28900906443595886
7600070  0.2890072464942932
9200021  0.28900256752967834
12000058  0.2889980673789978
11600020  0.2889975309371948
18500374  0.28899291157722473
8200027  0.2889890670776367
17700056  0.2889872193336487
13800036  0.28898218274116516
8800037  0.2889813780784607
7900021  0.28898096084594727
8100027  0.28897881507873535
14800142  0.2889784574508667
12900074  0.2889750599861145
18200123  0.28897419571876526
11400047  0.28897368907928467
11800030  0.28897252678871155
6700016  0.2889714539051056
3000088  0.2889702022075653
1800010  0.2889665365219116
10300032  0.2889651358127594
3000052  0.2889634668827057
11600026  0.2889634668827057
10500025  0.288962185382843
1900019  0.288961261510849
14000101  0.2889607548713684
16100098  0.2889559268951416
13400039  0.28895530104637146
10800027  0.28895488381385803
9300093  0.2889534533023834
12300057  0.2889515161514282
14400050  0.2889511287212372
12700029  0.28894615173339844
17100059  0.28894397616386414
19500246  0.28893840312957764
11500052  0.28893640637397766
16500105  0.2889351546764374
12000041  0.2889348864555359
2100008  0.28893372416496277
8200030  0.2889309823513031
9100028  0.2889294922351837
13900049  0.28892698884010315
15500084  0.28892675042152405
15500052  0.288923978805542
14800140  0.2889237701892853
18000087  0.2889226973056793
11200021  0.28892236948013306
15600060  0.2889222800731659
16400056  0.28892025351524353
14000096  0.28891900181770325
11500019  0.28891876339912415
19901256  0.28891581296920776
10800041  0.28891468048095703
19600225  0.2889140248298645
14800130  0.288912832736969
19902111  0.2889108657836914
5100060  0.28890708088874817
3300079  0.28890201449394226
16500137  0.2888997197151184
10400032  0.288899302482605
4200026  0.28889572620391846
3300029  0.28889384865760803
13100038  0.2888915538787842
9300100  0.2888903319835663
14000102  0.2888871133327484
10200044  0.2888866662979126
16900101  0.28888559341430664
11300054  0.28888463973999023
11900031  0.28888407349586487
13200103  0.28887543082237244
16500124  0.288875013589859
17500485  0.28887489438056946
13200077  0.28887271881103516
16500104  0.28886887431144714
11200030  0.28886857628822327
4500038  0.2888678014278412
14000085  0.28886571526527405
18400066  0.28886333107948303
15500155  0.2888599634170532
16500106  0.28885817527770996
15400072  0.2888573408126831
19902388  0.2888537049293518
3600036  0.2888501286506653
3500014  0.28884878754615784
14800047  0.2888479232788086
8800035  0.2888476848602295
5100072  0.2888467609882355
9500019  0.2888467311859131
11800023  0.2888414263725281
17300108  0.28884026408195496
9300111  0.28883853554725647
16800054  0.28883472084999084
19000140  0.2888292670249939
17500279  0.2888292372226715
1800015  0.28882867097854614
15700037  0.28881776332855225
10200043  0.2888168394565582
14800103  0.2888162136077881
3700030  0.28881382942199707
17500333  0.2888115644454956
16500129  0.2888111472129822
18600088  0.288809597492218
15700032  0.2888064384460449
17300102  0.28880584239959717
18000103  0.2887977957725525
18700121  0.28879496455192566
16800137  0.2887926697731018
12900064  0.2887905240058899
19500247  0.28878849744796753
9300097  0.28878509998321533
11000024  0.28878262639045715
15600032  0.28878137469291687
16100089  0.2887800931930542
7100027  0.28878000378608704
7100021  0.28877532482147217
19500243  0.2887705862522125
18200121  0.2887701690196991
13200110  0.28876793384552
15000055  0.28876468539237976
15100034  0.28876394033432007
11000028  0.2887624204158783
3700059  0.2887568771839142
10000051  0.28875482082366943
14200046  0.28875452280044556
15500123  0.28875285387039185
10300039  0.2887519598007202
6500037  0.28874868154525757
17000096  0.28874847292900085
9300129  0.28874775767326355
18500398  0.2887444496154785
15700100  0.28874385356903076
8200025  0.2887413203716278
16900071  0.2887347638607025
7600034  0.288734495639801
19800316  0.2887342870235443
13200041  0.2887340188026428
14300039  0.28873100876808167
9300082  0.28872859477996826
16500066  0.2887277901172638
16500121  0.28872475028038025
16100102  0.2887205183506012
14900030  0.28872039914131165
17500302  0.2887186110019684
9300176  0.2887178957462311
7900016  0.2887164056301117
10100024  0.28871554136276245
7800054  0.2887147068977356
17300087  0.28871360421180725
10300036  0.28870919346809387
12900088  0.28870874643325806
14000032  0.28870856761932373
6600048  0.28870826959609985
11600051  0.2887078523635864
8600017  0.28870728611946106
12900056  0.2887067198753357
6600077  0.2887045443058014
14700063  0.28870147466659546
12000027  0.2886994481086731
12400024  0.2886979579925537
9000017  0.2886940836906433
14000064  0.28869205713272095
17300096  0.2886911630630493
18700599  0.28868788480758667
5100046  0.28867948055267334
19901647  0.2886785864830017
19400189  0.2886781394481659
17100068  0.28867655992507935
16100108  0.28867459297180176
2900010  0.28867027163505554
3700068  0.2886688709259033
11500064  0.2886679470539093
15200067  0.28866255283355713
6600053  0.2886601984500885
13100034  0.28865885734558105
10300028  0.28865864872932434
7800060  0.2886575162410736
10500028  0.28865188360214233
10100027  0.2886512875556946
18800137  0.28864866495132446
18200098  0.28864166140556335
19902028  0.2886403799057007
14300028  0.28864023089408875
19500250  0.2886393666267395
7100015  0.28863856196403503
15500040  0.2886354327201843
16500125  0.28863534331321716
4500032  0.2886350750923157
9800019  0.28863272070884705
17900059  0.28862857818603516
15300063  0.28862249851226807
18900168  0.28862032294273376
1700008  0.288618266582489
15000028  0.2886170446872711
3300072  0.28861698508262634
19902196  0.288616806268692
8200018  0.28861457109451294
7700037  0.28860989212989807
18700809  0.2886055111885071
6300015  0.2886044979095459
19400191  0.28860071301460266
11600039  0.28859850764274597
16400113  0.2885984182357788
19901822  0.2885981798171997
8100025  0.2885945439338684
19500280  0.28859156370162964
16800132  0.28859150409698486
19901495  0.28859052062034607
14700046  0.28858816623687744
15300053  0.2885839343070984
18700110  0.28857383131980896
6600045  0.28857260942459106
14800120  0.2885633707046509
15700110  0.2885609269142151
8500019  0.288557767868042
16500116  0.28855738043785095
15500078  0.2885536551475525
15200053  0.28855326771736145
15000038  0.288552850484848
10700028  0.2885510325431824
15400043  0.2885507643222809
16500154  0.2885480225086212
7600041  0.28854578733444214
14500035  0.288543164730072
5500020  0.28853562474250793
15300077  0.2885308265686035
8700018  0.2885265052318573
9300063  0.2885245978832245
12000062  0.28851941227912903
10200042  0.28851863741874695
16400108  0.2885158360004425
17100071  0.2885156273841858
17500516  0.28851237893104553
15700136  0.2885107398033142
17500427  0.2885102927684784
16100103  0.28850871324539185
12200035  0.28850382566452026
9300128  0.28850066661834717
16800101  0.2884994447231293
14000069  0.28849872946739197
19800315  0.28849852085113525
15700154  0.2884960174560547
14200049  0.28849121928215027
11300043  0.288490355014801
14700062  0.28848662972450256
19500277  0.2884863615036011
14300030  0.2884807884693146
13100042  0.2884799540042877
5800014  0.28847450017929077
13200065  0.28847143054008484
12300040  0.2884700298309326
11200019  0.28846976161003113
9400022  0.2884696424007416
3300073  0.2884681522846222
18600085  0.288455605506897
16400109  0.2884497344493866
11800021  0.2884491980075836
19902347  0.28844907879829407
16400040  0.28844618797302246
14000049  0.28843894600868225
9300057  0.2884374260902405
16500058  0.2884364128112793
9300131  0.2884353995323181
16900065  0.2884347438812256
12500056  0.2884325683116913
11300041  0.2884300649166107
12100036  0.2884294390678406
15700105  0.2884289622306824
18000112  0.2884258031845093
19200157  0.2884204089641571
18000114  0.28841903805732727
16700054  0.2884175777435303
19500244  0.28841641545295715
18000060  0.28841477632522583
16500144  0.28841423988342285
14800127  0.2884105443954468
17900065  0.28840795159339905
10900028  0.2884071469306946
18100090  0.28840434551239014
5500014  0.2884034514427185
7700019  0.2884032726287842
11300050  0.2884029448032379
16700047  0.28839802742004395
12900076  0.2883971631526947
17500745  0.2883946895599365
10700032  0.28839269280433655
9100019  0.28839170932769775
6600072  0.2883864939212799
6500030  0.28838619589805603
19800337  0.2883845567703247
16800124  0.2883841395378113
16500090  0.288382351398468
19300165  0.2883799374103546
16300106  0.28837719559669495
14400054  0.28837519884109497
10800031  0.28837352991104126
14200098  0.28837335109710693
17500396  0.288368284702301
14400040  0.28836795687675476
3500011  0.2883620262145996
12400049  0.28835612535476685
14500030  0.2883559465408325
6500035  0.28835567831993103
12100023  0.288354754447937
16900089  0.288350373506546
14000034  0.2883470952510834
14000088  0.2883456349372864
14200040  0.28834402561187744
19901750  0.2883411943912506
17300111  0.2883368134498596
13300030  0.2883354127407074
3500024  0.2883344888687134
3000013  0.28833064436912537
1600012  0.2883296608924866
15700099  0.28832679986953735
11300084  0.28832489252090454
11200040  0.28832441568374634
16500108  0.2883242666721344
16700046  0.2883225679397583
14200026  0.2883222699165344
6500060  0.28832072019577026
17500089  0.28832024335861206
11300057  0.28831925988197327
2700025  0.28831490874290466
9400019  0.28831228613853455
17500321  0.2883056104183197
13500057  0.2883044481277466
11000021  0.28829988837242126
8000055  0.2882915437221527
14300046  0.2882901430130005
13200063  0.28828924894332886
1400009  0.28828883171081543
15600066  0.28828540444374084
13100041  0.2882845103740692
3500015  0.2882842719554901
1800014  0.2882840633392334
3300070  0.28828102350234985
8000037  0.2882804870605469
3000075  0.2882796823978424
11500038  0.2882775366306305
18900161  0.2882741391658783
17500749  0.2882711589336395
17500203  0.2882687449455261
14200110  0.2882680892944336
17300112  0.28826791048049927
14900043  0.28826704621315
12000021  0.28826430439949036
5200031  0.2882634103298187
16500169  0.28826186060905457
14800134  0.28825974464416504
16300129  0.28825685381889343
13200117  0.2882561981678009
16100085  0.28825265169143677
13900051  0.2882518768310547
14400026  0.2882471978664398
3000083  0.2882470488548279
6600040  0.2882416248321533
16800047  0.28823965787887573
10300070  0.288239061832428
18700614  0.2882389426231384
9800029  0.2882368564605713
15500067  0.2882364094257355
12800024  0.2882358729839325
17300071  0.2882344722747803
10200018  0.28823423385620117
19901997  0.2882261872291565
19400186  0.2882228195667267
17500399  0.28821149468421936
16400117  0.28821036219596863
6100025  0.28820914030075073
15400064  0.28820720314979553
6700018  0.28820568323135376
17000087  0.28820377588272095
8300021  0.2882035970687866
16900119  0.2882017493247986
15200063  0.2882004678249359
2600012  0.28819942474365234
13300023  0.2881990075111389
3300013  0.28819605708122253
16100057  0.2881958484649658
16700057  0.28819018602371216
9300134  0.2881898880004883
14200052  0.2881873548030853
17500230  0.2881864607334137
17500713  0.2881864607334137
14200094  0.28818634152412415
18600086  0.28818538784980774
14300052  0.28818321228027344
17800078  0.28818145394325256
5200028  0.28817644715309143
17500212  0.2881719470024109
17500780  0.28817179799079895
16400067  0.2881707549095154
3900015  0.2881700098514557
13200087  0.28816619515419006
3000034  0.28816357254981995
2600017  0.2881605625152588
19902257  0.28815141320228577
19901804  0.28814762830734253
2900020  0.2881461977958679
10300058  0.2881407141685486
14200051  0.28814029693603516
3300082  0.2881383001804352
18200139  0.288136750459671
4700015  0.28813597559928894
8200032  0.2881339490413666
6600065  0.28812772035598755
11500021  0.2881227731704712
8100022  0.2881162762641907
10300042  0.28811565041542053
8400018  0.28811293840408325
15500127  0.2881016433238983
6800016  0.28810086846351624
17300090  0.28809911012649536
11500037  0.28809139132499695
14800044  0.2880881428718567
5100080  0.2880811393260956
14800039  0.2880811393260956
10900024  0.28807827830314636
8100018  0.28807762265205383
15400085  0.2880765199661255
13200045  0.28807172179222107
16800084  0.2880665361881256
13900053  0.28806400299072266
19901749  0.28806304931640625
5300020  0.2880547344684601
15400063  0.2880520224571228
13400037  0.28804832696914673
16900090  0.2880440652370453
15700102  0.2880316972732544
16400123  0.28802981972694397
13100029  0.288025826215744
2900017  0.28802117705345154
19901616  0.28802093863487244
10800025  0.28801554441452026
18700176  0.2880150079727173
10800048  0.2880147099494934
12100024  0.2880144417285919
5400015  0.28801408410072327
18700311  0.2880132496356964
5400019  0.2880120575428009
15900035  0.2880100905895233
9500026  0.2880088984966278
7100041  0.28800803422927856
15700086  0.28800785541534424
12300052  0.28800758719444275
9000021  0.28800705075263977
9300178  0.2880038917064667
14200031  0.2880016565322876
8800039  0.2879980206489563
9400027  0.28799203038215637
10000047  0.28799164295196533
12300031  0.287986695766449
9300102  0.287985235452652
12300066  0.2879839837551117
6500055  0.2879796624183655
13200108  0.2879749834537506
10900021  0.28797322511672974
12900085  0.28797176480293274
8400023  0.2879715859889984
11600033  0.2879710793495178
9300048  0.2879699468612671
19500287  0.2879699170589447
9500030  0.28796297311782837
9300059  0.2879628837108612
14800077  0.2879613935947418
6500023  0.28796130418777466
17400053  0.28796127438545227
16800129  0.2879473865032196
16800062  0.28793928027153015
6600036  0.28793802857398987
6700017  0.2879372537136078
3000065  0.2879354655742645
9300078  0.28793299198150635
15400067  0.28793084621429443
12900065  0.28792592883110046
3700016  0.28792521357536316
5200024  0.28792378306388855
16500178  0.2879231572151184
8600022  0.2879207730293274
16100096  0.2879156470298767
15500107  0.28791528940200806
13900030  0.2879127562046051
12900096  0.28791195154190063
17500639  0.2879087030887604
9700033  0.2879084050655365
13100028  0.2879057824611664
14800104  0.28789836168289185
16900051  0.2878970503807068
19400183  0.2878929376602173
8400022  0.28788766264915466
5100057  0.2878876030445099
18600072  0.28788530826568604
16800074  0.28788483142852783
9000034  0.28788211941719055
19500271  0.28788086771965027
11300065  0.2878791391849518
19901768  0.2878786027431488
13100037  0.2878729999065399
12900033  0.28786566853523254
17500361  0.2878655791282654
3300081  0.28785672783851624
16500176  0.2878537178039551
3300074  0.28784307837486267
7800065  0.2878425717353821
9500034  0.28784096240997314
13200064  0.28783783316612244
13300037  0.28783702850341797
12500076  0.2878306210041046
12000054  0.28783008456230164
7600039  0.28782525658607483
14500027  0.28782421350479126
18700361  0.2878236174583435
19100146  0.28782206773757935
10100023  0.28782138228416443
6200015  0.2878202199935913
16000047  0.28781938552856445
3300059  0.28781452775001526
10200030  0.2878120243549347
13500065  0.287811815738678
15100029  0.28781166672706604
6500065  0.2878103256225586
3200014  0.28780147433280945
9800020  0.28780093789100647
14000093  0.28780075907707214
5600036  0.2878001928329468
13200081  0.28779444098472595
18000105  0.28779375553131104
4500028  0.28779110312461853
15700135  0.2877896726131439
10800050  0.28778931498527527
11800034  0.287788987159729
18500067  0.2877855598926544
5100028  0.28778356313705444
12400029  0.2877800464630127
15300072  0.2877758741378784
10800040  0.2877745032310486
5100076  0.28776589035987854
9300121  0.2877601385116577
8500016  0.287759929895401
3000101  0.2877591848373413
18700143  0.28775495290756226
6400015  0.2877536118030548
16900156  0.28775283694267273
19600223  0.28775179386138916
16900106  0.28775128722190857
11500051  0.2877434492111206
10400018  0.28774067759513855
4200027  0.2877401113510132
9300045  0.287736177444458
10000058  0.287732869386673
2000008  0.2877318561077118
10800026  0.2877316176891327
2900015  0.287718266248703
17500679  0.28771767020225525
16800097  0.2877168357372284
3700058  0.28771477937698364
10400022  0.2877129316329956
19500283  0.2877005934715271
15500060  0.28769975900650024
10200038  0.2876943051815033
3300030  0.2876914441585541
5300044  0.28768667578697205
17500157  0.2876853346824646
6600044  0.287683367729187
7600023  0.28768250346183777
3000049  0.2876816689968109
11200066  0.28768086433410645
17400055  0.2876806855201721
10700029  0.28767502307891846
6500054  0.2876649796962738
13300048  0.28766244649887085
16800050  0.2876593768596649
16300058  0.28765860199928284
14800144  0.2876582443714142
16500138  0.28765422105789185
16100088  0.28765153884887695
16300052  0.287649929523468
12300037  0.2876425087451935
18700132  0.28764206171035767
12500033  0.287636935710907
15700156  0.2876368761062622
18600079  0.2876361012458801
13600035  0.2876294255256653
12100021  0.2876209318637848
17600059  0.2876203954219818
17500784  0.2876110076904297
7700016  0.2876099646091461
4700016  0.2876080274581909
15500086  0.2876066565513611
12000028  0.28760582208633423
13200070  0.28760239481925964
13500100  0.2876015305519104
18700562  0.28760087490081787
17500377  0.28759557008743286
2900018  0.2875952124595642
10000026  0.2875935733318329
4700014  0.2875917851924896
16500177  0.2875870168209076
3200015  0.28758594393730164
11600032  0.28758499026298523
9500039  0.2875838279724121
7700032  0.28758060932159424
3000090  0.28757989406585693
12000070  0.28757646679878235
2700021  0.2875725030899048
10300060  0.28757020831108093
5000017  0.2875683009624481
18800129  0.2875678837299347
16300097  0.28756678104400635
15100030  0.28756555914878845
1800012  0.2875654399394989
15300068  0.2875642776489258
14800055  0.28756293654441833
17800079  0.28755971789360046
18200102  0.28755512833595276
13200091  0.28755131363868713
18700573  0.2875458598136902
16500156  0.28754332661628723
9300071  0.28754281997680664
6200020  0.2875421345233917
14400045  0.2875394821166992
16400124  0.2875387668609619
15400073  0.28753861784935
1200014  0.2875249683856964
3300071  0.2875199019908905
8800041  0.287519633769989
12300049  0.28751811385154724
16500094  0.28751611709594727
13300029  0.2875147759914398
9300020  0.2875138819217682
19700238  0.2875078618526459
18200114  0.2875010371208191
11800020  0.2874979078769684
12000038  0.28749725222587585
14200047  0.2874941825866699
15600044  0.28749367594718933
12900102  0.28748878836631775
12500073  0.2874806523323059
13500060  0.2874794006347656
16500181  0.2874782085418701
17600081  0.28747692704200745
9300055  0.2874767482280731
14400031  0.28747645020484924
11000029  0.28746476769447327
1800013  0.2874644100666046
11300063  0.2874637842178345
8200016  0.2874568700790405
15200031  0.28745681047439575
8800047  0.28745558857917786
19400196  0.2874426543712616
16000049  0.2874382436275482
17500311  0.2874365448951721
11300074  0.287433385848999
13200082  0.28743332624435425
11300093  0.28743112087249756
13900063  0.2874254286289215
15200051  0.2874186336994171
8600042  0.28741809725761414
11300114  0.2874169945716858
4500040  0.28741568326950073
16100065  0.2874120771884918
14400035  0.28740936517715454
14900036  0.2874079942703247
11400043  0.287404865026474
16300046  0.28740447759628296
14200064  0.28740423917770386
17600067  0.28740423917770386
17600087  0.2873930335044861
18700419  0.28739291429519653
10300027  0.2873918116092682
19400175  0.2873845100402832
16800066  0.28737837076187134
6500015  0.28737708926200867
11300068  0.28737562894821167
16500118  0.28737539052963257
9600021  0.28737297654151917
3400016  0.2873676121234894
17300119  0.2873663902282715
19901769  0.28736525774002075
16300093  0.28736412525177
9000028  0.28736400604248047
13200095  0.28736379742622375
8400026  0.28736355900764465
13400029  0.28736191987991333
10500022  0.2873590290546417
16500089  0.2873566448688507
13200035  0.28735142946243286
3300042  0.2873489558696747
18500390  0.2873454988002777
16500179  0.28733962774276733
17300064  0.28733426332473755
17500418  0.28733426332473755
9900024  0.28733015060424805
5100041  0.28732261061668396
9300149  0.2873193025588989
5700023  0.28731846809387207
13100025  0.2873181104660034
18700655  0.2873159945011139
14800072  0.28731316328048706
12500080  0.2873045802116394
16800051  0.2873043715953827
17000069  0.28729701042175293
13800054  0.2872960567474365
4800015  0.287294864654541
14000045  0.28728964924812317
17300063  0.2872844934463501
11200064  0.2872820496559143
18800134  0.2872758209705353
7600032  0.28726527094841003
18200108  0.28726404905319214
14800121  0.28725185990333557
12300082  0.2872508466243744
12400045  0.28724348545074463
18200128  0.28724169731140137
10100038  0.2872298061847687
3000094  0.2872290313243866
13100043  0.28722652792930603
12900098  0.28721851110458374
17900071  0.28721746802330017
7600069  0.28721490502357483
3900021  0.28721415996551514
18500414  0.28721266984939575
13900059  0.28720515966415405
11900028  0.28720369935035706
12000029  0.28719985485076904
17600072  0.2871980369091034
15400082  0.2871946096420288
3000044  0.2871917188167572
16400085  0.2871899902820587
15700132  0.2871857285499573
10800044  0.2871709167957306
17500587  0.287163645029068
13200073  0.28715768456459045
16700055  0.2871575951576233
10400029  0.28715750575065613
15500031  0.2871517241001129
3100021  0.28715071082115173
18200122  0.28714892268180847
17000119  0.28714510798454285
19000145  0.28714507818222046
16300047  0.28714486956596375
10100033  0.28714418411254883
10300025  0.28713440895080566
16400050  0.28712865710258484
14200102  0.28712227940559387
13600031  0.28711459040641785
18200094  0.2871139943599701
12300070  0.2871137261390686
11500032  0.2871110439300537
15100036  0.28710058331489563
8100032  0.2870959937572479
15300048  0.28708940744400024
3700038  0.28708863258361816
4300020  0.28708603978157043
17300083  0.28708556294441223
10500029  0.28708410263061523
10700019  0.2870812714099884
9300062  0.28707996010780334
14800180  0.287075936794281
3700042  0.2870733141899109
19600217  0.2870625853538513
17500347  0.2870609760284424
2600010  0.28705814480781555
3700060  0.2870464324951172
15600042  0.28704342246055603
16800046  0.28703659772872925
19901069  0.28703296184539795
7600038  0.287029504776001
12100043  0.28702932596206665
3900012  0.28702136874198914
15500126  0.28701862692832947
17600091  0.2870168685913086
18500382  0.28701648116111755
14200032  0.28701555728912354
10100031  0.2870143949985504
3300078  0.28701263666152954
17500221  0.2870098948478699
9700021  0.28700894117355347
9300017  0.2870071530342102
14300040  0.2870056927204132
17300089  0.28700363636016846
9000020  0.2870035171508789
12500074  0.2870028614997864
17300078  0.28700149059295654
9000032  0.2870005965232849
10800032  0.28700000047683716
9700025  0.286998987197876
2700033  0.2869916260242462
5300014  0.2869902551174164
17600055  0.286984384059906
3300084  0.2869821786880493
17300075  0.28696978092193604
14800188  0.28696948289871216
14000028  0.28696921467781067
14800089  0.286968469619751
16500095  0.28696808218955994
10300051  0.2869669198989868
15700124  0.28696680068969727
17600058  0.28696438670158386
2700037  0.2869607210159302
4200024  0.2869594395160675
3000069  0.2869464159011841
9000040  0.2869434952735901
15500081  0.28694263100624084
4700029  0.2869386076927185
16500059  0.2869301438331604
12100022  0.2869275212287903
16100047  0.28692322969436646
9800025  0.28692203760147095
13000042  0.2869172692298889
6200016  0.28691366314888
11200024  0.2869068682193756
8800033  0.28690600395202637
11400020  0.28690382838249207
16700056  0.2869022786617279
19901843  0.28690028190612793
11300035  0.2868991792201996
17300065  0.28689756989479065
13500095  0.28689470887184143
14000031  0.2868942618370056
16800070  0.28689345717430115
11400025  0.28689125180244446
15300038  0.2868870496749878
18700805  0.2868821620941162
9700047  0.28687819838523865
12500022  0.2868759036064148
11200070  0.28687506914138794
15500110  0.2868734896183014
19500258  0.28687018156051636
14200073  0.2868647575378418
14700058  0.28685635328292847
16300074  0.2868548035621643
17800076  0.28685206174850464
10600018  0.28684431314468384
16800136  0.28683939576148987
9300183  0.2868349850177765
3000084  0.2868320345878601
16500128  0.28683003783226013
7600047  0.28682905435562134
3000011  0.28682783246040344
11400029  0.2868160903453827
10300071  0.28681471943855286
12400050  0.28681132197380066
11300071  0.2868081033229828
10200022  0.28680768609046936
8600034  0.28680503368377686
13400042  0.28680330514907837
4700020  0.2868029475212097
9900018  0.28680190443992615
8800054  0.28679990768432617
13200085  0.28679704666137695
15500117  0.2867932617664337
10200023  0.28678515553474426
15400030  0.2867822051048279
19800317  0.2867768704891205
15100041  0.2867710292339325
6600056  0.28676581382751465
14800038  0.28676462173461914
12100032  0.28676077723503113
9100023  0.2867581248283386
17500754  0.2867572009563446
14800082  0.28675490617752075
1900016  0.28674784302711487
18200141  0.2867419719696045
3300064  0.28674113750457764
13600025  0.2867371737957001
14200060  0.2867370545864105
14200068  0.28673669695854187
10400024  0.2867307960987091
16400057  0.2867284417152405
15200041  0.2867262363433838
8600027  0.2867238521575928
8200020  0.286711722612381
12500032  0.2867082357406616
13000031  0.28670448064804077
15500032  0.2867031395435333
14000067  0.2867029011249542
4200020  0.2867012023925781
6600028  0.2867009937763214
13200059  0.28670093417167664
8000016  0.2867002785205841
18700259  0.2866922914981842
14900042  0.2866903841495514
14100086  0.28667938709259033
18200124  0.2866716682910919
15400059  0.2866685390472412
10300064  0.28666138648986816
13400036  0.2866527736186981
14800179  0.2866521179676056
9600026  0.2866397798061371
11300021  0.286632239818573
13000047  0.2866270840167999
17500315  0.2866262197494507
7600017  0.2866259515285492
12200022  0.28662484884262085
11600038  0.28662389516830444
13400028  0.2866237163543701
11300026  0.28661999106407166
7400016  0.28661948442459106
14200055  0.2866194248199463
2800018  0.286612331867218
4500044  0.2866068184375763
15500044  0.28660595417022705
8400016  0.2866029739379883
14000084  0.2865995764732361
3900023  0.2865983247756958
12700024  0.2865975499153137
17600068  0.28658363223075867
14200059  0.2865729033946991
13500097  0.2865714728832245
10300037  0.28656893968582153
3300075  0.28656843304634094
17600082  0.2865683138370514
14000098  0.2865677773952484
11300030  0.28656741976737976
16500067  0.28656625747680664
15400048  0.286564439535141
14400027  0.2865627110004425
8400017  0.28656119108200073
12200037  0.28654250502586365
14300048  0.2865406572818756
15500129  0.2865363359451294
9900027  0.28653404116630554
3900018  0.28653275966644287
12300074  0.286523699760437
17000066  0.2865193486213684
9400026  0.28651824593544006
15700138  0.2865147590637207
19902380  0.28651246428489685
19902163  0.2865068018436432
5100062  0.28650563955307007
9600017  0.2865021526813507
13500073  0.28650134801864624
5000023  0.2865007221698761
13500091  0.28649717569351196
16300044  0.2864970564842224
9600020  0.2864946126937866
10600019  0.2864910960197449
1300011  0.286484032869339
17500071  0.286477655172348
15500090  0.28647521138191223
15700101  0.2864723205566406
14700030  0.2864701449871063
10000039  0.28646573424339294
6600049  0.28646039962768555
13900057  0.28646010160446167
17000083  0.28645625710487366
14000026  0.2864530384540558
2400027  0.2864500880241394
8800046  0.2864454984664917
15700142  0.28644099831581116
14800094  0.28643202781677246
14300026  0.28642895817756653
17100073  0.28642886877059937
8000019  0.2864171266555786
18200132  0.2864130139350891
11400038  0.28640487790107727
3700034  0.2864035665988922
12500086  0.2863987684249878
16700058  0.28639817237854004
16300087  0.2863788902759552
13500063  0.2863785922527313
4500013  0.2863771319389343
9300068  0.28637027740478516
6600024  0.2863570749759674
13200034  0.2863554358482361
19400187  0.2863523066043854
14300031  0.28634756803512573
4200014  0.28633856773376465
14800190  0.28633612394332886
17300107  0.2863348126411438
7600059  0.28633302450180054
10500030  0.28633105754852295
11100019  0.2863301932811737
16100036  0.2863265573978424
8900017  0.286324143409729
15500121  0.2863222658634186
8800052  0.28632116317749023
5000031  0.28631746768951416
11300094  0.2863158583641052
9500022  0.28631576895713806
14200048  0.28630387783050537
13800048  0.2863037884235382
15500037  0.2863035500049591
17300093  0.2863023281097412
5700024  0.28629741072654724
18200090  0.2862924039363861
17500473  0.2862750291824341
8400024  0.28627443313598633
4200019  0.2862693667411804
3000064  0.2862604856491089
19902147  0.2862599194049835
14200089  0.28625595569610596
10700021  0.2862553894519806
3900016  0.28625160455703735
11300113  0.2862476706504822
5300042  0.286246657371521
17500446  0.286243200302124
12400057  0.28624048829078674
3700012  0.28623995184898376
7500016  0.28623008728027344
15400075  0.2862240672111511
16500115  0.2862210273742676
14000057  0.2862199544906616
13200037  0.28621840476989746
19400182  0.2862176299095154
5300046  0.2862166166305542
10300026  0.2862013578414917
17000116  0.28619953989982605
2400009  0.28619468212127686
13200079  0.286193311214447
15700137  0.28619271516799927
14200081  0.28618481755256653
4700028  0.2861717939376831
12000034  0.28615885972976685
4300016  0.28615862131118774
14800165  0.2861551344394684
7600066  0.2861526310443878
13000026  0.2861511707305908
5600020  0.28614968061447144
19901112  0.286143958568573
9300177  0.2861398756504059
12300046  0.2861398160457611
3900022  0.2861383259296417
15500106  0.28613409399986267
10800042  0.2861284911632538
17000113  0.2861170768737793
6600015  0.2861161530017853
12200046  0.28611570596694946
14800112  0.28611549735069275
16300076  0.28611287474632263
15500082  0.28611207008361816
13500094  0.28611046075820923
15700076  0.28610938787460327
13200040  0.28610920906066895
15400065  0.28610891103744507
19400178  0.28610605001449585
16400089  0.28608983755111694
5000030  0.28608477115631104
16300095  0.2860755920410156
4300013  0.28607335686683655
18300064  0.2860691547393799
10300040  0.2860681414604187
12300033  0.28606635332107544
14800149  0.286060094833374
11300105  0.28605934977531433
13500101  0.2860560417175293
16300094  0.28605392575263977
15200030  0.28605303168296814
16400052  0.286050021648407
13600030  0.2860470712184906
16400081  0.286045640707016
16300068  0.28604406118392944
15300039  0.2860424518585205
10000029  0.2860356569290161
15500161  0.28603366017341614
9500018  0.2860223054885864
14400028  0.28602173924446106
12500070  0.2860196828842163
12800022  0.2860131859779358
15200049  0.2860070765018463
16400095  0.2859960198402405
18200135  0.285993754863739
16300105  0.28598740696907043
17000098  0.2859867215156555
3700017  0.2859794497489929
16400093  0.28597691655158997
6500022  0.2859765589237213
15700063  0.2859741449356079
13200121  0.28597310185432434
17600086  0.2859664261341095
9300103  0.28596457839012146
16500060  0.28596270084381104
4300018  0.2859590947628021
6600073  0.2859545946121216
16300045  0.2859516441822052
11400021  0.2859354019165039
9700018  0.2859349548816681
15100042  0.2859332859516144
13500024  0.28593242168426514
16500061  0.2859303653240204
5000020  0.2859274446964264
6600068  0.28592362999916077
16400074  0.28591057658195496
18700100  0.2859099507331848
17300110  0.2859025299549103
13200036  0.28589746356010437
18200103  0.28589388728141785
8900026  0.28588783740997314
10200036  0.2858830392360687
9700038  0.2858823239803314
1200006  0.2858774662017822
15200062  0.28587257862091064
18700510  0.28587210178375244
4900017  0.2858719229698181
19901125  0.28586605191230774
14200069  0.2858603298664093
14800067  0.285858690738678
1100010  0.28584152460098267
3000093  0.2858315110206604
5100043  0.2858305275440216
17600071  0.28582465648651123
18700372  0.2858234643936157
16800045  0.28581875562667847
18700341  0.28581854701042175
8100020  0.2858133316040039
17600065  0.28581294417381287
10000048  0.2858083248138428
10300035  0.28579816222190857
11300086  0.28579801321029663
5100068  0.28579792380332947
14800161  0.28579679131507874
9800021  0.28579580783843994
2700029  0.28579282760620117
19000141  0.28579244017601013
13200099  0.28579211235046387
17500740  0.2857856750488281
13600029  0.2857787311077118
15200052  0.28577786684036255
7600015  0.28576895594596863
2600020  0.2857685685157776
16300077  0.28576380014419556
11300059  0.2857544720172882
16300048  0.28575244545936584
12400063  0.2857459485530853
10800018  0.2857397794723511
14000029  0.28572604060173035
15300062  0.28572314977645874
15200050  0.28572022914886475
17000086  0.28571611642837524
9700032  0.28570762276649475
15400066  0.28570011258125305
16200041  0.28569334745407104
14300034  0.28569164872169495
13500061  0.28568676114082336
15200029  0.28567034006118774
19400176  0.2856445908546448
15600031  0.2856420874595642
18100060  0.28563570976257324
17000104  0.28563249111175537
14200037  0.2856268584728241
17600095  0.28561902046203613
10100026  0.28561583161354065
15600051  0.2856130003929138
16500053  0.2856046259403229
19400195  0.2856021523475647
11300022  0.28559786081314087
16200049  0.2855948805809021
16800088  0.28559041023254395
15500099  0.2855892777442932
17300095  0.28558918833732605
9300025  0.28558844327926636
3300085  0.28558745980262756
12500062  0.2855842411518097
11300109  0.2855803966522217
14800027  0.2855614721775055
5300041  0.2855572998523712
17700058  0.2855552136898041
12500061  0.28555354475975037
19901378  0.2855423390865326
3300069  0.2855418026447296
17000067  0.2855387032032013
16400061  0.2855306565761566
14800157  0.2855277359485626
1900020  0.28552454710006714
16800113  0.2855146825313568
15500172  0.2855124771595001
7600072  0.28550904989242554
15500033  0.2854872941970825
13000055  0.285471111536026
15100035  0.28547003865242004
14200043  0.28546398878097534
3000026  0.285454660654068
10700024  0.2854531705379486
17500628  0.28544881939888
3600018  0.28544414043426514
3600019  0.285438597202301
14200114  0.2854258716106415
11300083  0.2854253351688385
13300026  0.2854151725769043
3300014  0.2854005992412567
17000068  0.2853992283344269
11200063  0.2853988707065582
6500045  0.2853947579860687
6800015  0.28539395332336426
3500030  0.2853928208351135
18200112  0.28538748621940613
15300032  0.28537628054618835
11200055  0.2853751480579376
16800043  0.28537359833717346
17600077  0.2853613495826721
11200031  0.2853550314903259
16400069  0.28534018993377686
13000040  0.28533706068992615
10700022  0.2853200137615204
3000021  0.285314679145813
9700028  0.28531375527381897
19600232  0.28531190752983093
3300061  0.28531119227409363
14000099  0.2853063941001892
16500057  0.2853035628795624
11600031  0.28530293703079224
15400058  0.2852751314640045
14800093  0.28527215123176575
9000033  0.2852694094181061
8200026  0.28526708483695984
3000016  0.2852556109428406
7100025  0.28525179624557495
11200049  0.2852516174316406
15500030  0.2852385640144348
11200044  0.28523677587509155
1100007  0.28523001074790955
13600024  0.2852296233177185
19500263  0.2852213382720947
16800082  0.28521284461021423
6100018  0.285211980342865
13000063  0.2852100133895874
15700034  0.2852071225643158
13300031  0.28519225120544434
4100021  0.28518909215927124
15700150  0.28517404198646545
16800128  0.2851717174053192
1900012  0.28516438603401184
16700042  0.2851620018482208
9700019  0.28514364361763
13200060  0.285132497549057
2700010  0.28511664271354675
9200020  0.28511369228363037
14100090  0.285112202167511
14800085  0.28509995341300964
14800081  0.28509220480918884
12100028  0.28508931398391724
16900163  0.2850603461265564
6600060  0.28505510091781616
16500044  0.2850364148616791
14200090  0.2850344479084015
15600033  0.28502750396728516
16300111  0.2850269377231598
3300060  0.2850223183631897
15100039  0.28501245379447937
16300054  0.28499993681907654
7600026  0.2849998474121094
12400032  0.2849918007850647
12900117  0.2849785387516022
15600036  0.2849748730659485
7800061  0.2849677503108978
13500077  0.2849632203578949
10800021  0.28495556116104126
3100014  0.2849489152431488
13500069  0.28494638204574585
6600029  0.2849412262439728
12500034  0.2849409282207489
14800108  0.2849370837211609
10400035  0.28493019938468933
13500025  0.28492996096611023
5700027  0.2849292457103729
12900112  0.28491634130477905
15300030  0.2849016487598419
11200053  0.2848987579345703
13500062  0.28489619493484497
13100036  0.28489595651626587
16500068  0.2848939597606659
14100052  0.2848915457725525
18700406  0.28488442301750183
2000019  0.28487923741340637
17500820  0.2848789393901825
16500070  0.2848778963088989
8900020  0.2848753333091736
13000059  0.2848685085773468
3300086  0.2848624587059021
15500092  0.28485625982284546
18200101  0.2848457396030426
11300089  0.2848320007324219
17600076  0.28483131527900696
12300035  0.28482335805892944
8000018  0.2848097085952759
11200028  0.2848089337348938
11300076  0.2848066985607147
19901246  0.2848057448863983
5000029  0.284798264503479
15500098  0.28479719161987305
16300040  0.28479716181755066
12500071  0.28478923439979553
11300042  0.2847849726676941
16300071  0.284779816865921
12900123  0.2847670614719391
11700039  0.2847640812397003
14800169  0.2847417891025543
17300105  0.28473344445228577
1100005  0.28473320603370667
17300114  0.2847236096858978
16300063  0.28472238779067993
14800175  0.2847113609313965
6600061  0.28469693660736084
17600094  0.28469181060791016
16500140  0.2846835255622864
19400181  0.2846809923648834
5000021  0.28466615080833435
15400035  0.28466591238975525
3300062  0.28465843200683594
16300098  0.2846580743789673
17600066  0.28465399146080017
17000090  0.28465256094932556
5000016  0.28464725613594055
6600021  0.2846211791038513
15400036  0.2846132516860962
6600018  0.2846115529537201
13200042  0.2845974564552307
1900017  0.2845856547355652
3000078  0.2845837473869324
6600064  0.2845649719238281
5200020  0.2845615744590759
1100013  0.28453248739242554
19901080  0.28451818227767944
15700146  0.284506618976593
16400049  0.28450486063957214
12900040  0.2844984829425812
16000055  0.2844884395599365
6500027  0.28445032238960266
11300104  0.2844334542751312
14200050  0.2844316363334656
17000082  0.28440508246421814
14800187  0.2844020128250122
17300053  0.2843887507915497
12900124  0.28438448905944824
9700020  0.2843804955482483
5000015  0.28435733914375305
12500048  0.2843569219112396
16100076  0.2843567132949829
3300065  0.28434863686561584
15200040  0.2843419313430786
14800186  0.2843317985534668
16000040  0.28432145714759827
15500048  0.2843121886253357
17000124  0.28430262207984924
13200137  0.28428149223327637
15400079  0.2842777669429779
17000107  0.2842688262462616
4100016  0.28426098823547363
11300116  0.28425320982933044
12300036  0.2842403054237366
16300061  0.28423696756362915
13200023  0.2842263877391815
15400062  0.2842136025428772
17100051  0.28421223163604736
3100022  0.284197598695755
19901212  0.2841551899909973
17300057  0.28413817286491394
17000095  0.28413698077201843
11700020  0.2841322124004364
8000046  0.28411537408828735
12000022  0.2841048240661621
11200059  0.2840946912765503
19400179  0.2840942442417145
4100017  0.2840913236141205
18200095  0.284088134765625
13500092  0.28408509492874146
18200117  0.2840833067893982
12300022  0.28407835960388184
3300063  0.28405478596687317
14100076  0.28404492139816284
4100013  0.2840363681316376
11400037  0.2840152978897095
15700133  0.2840086817741394
13200027  0.28399893641471863
14200041  0.2839895188808441
12300024  0.28395676612854004
14200045  0.2839510440826416
16300115  0.28394046425819397
12500059  0.28393056988716125
13500023  0.2839237451553345
16000036  0.28391507267951965
11400019  0.28388166427612305
5100014  0.28388041257858276
6700025  0.2838457524776459
13500071  0.283845454454422
14800182  0.28384512662887573
10200047  0.2838442623615265
15200058  0.28382253646850586
1200011  0.28378912806510925
4100020  0.28378763794898987
14800167  0.2837804853916168
14100026  0.28376251459121704
14200106  0.2837558686733246
8300017  0.283728688955307
16200038  0.2837089002132416
1500023  0.28369778394699097
6600022  0.2836654782295227
14100034  0.28366410732269287
8000020  0.28361690044403076
4300017  0.28356626629829407
8800021  0.28355762362480164
2300012  0.28353697061538696
15500101  0.28353384137153625
18200115  0.2834855914115906
7800052  0.2834591567516327
2800020  0.2834450304508209
17600056  0.28343555331230164
7600030  0.28342577815055847
16300049  0.28341665863990784
11300081  0.2834152579307556
12500057  0.28338730335235596
14100077  0.2833843529224396
12900026  0.28337547183036804
15800033  0.2833701968193054
3200020  0.2833401560783386
13500068  0.28332915902137756
12500035  0.28331509232521057
8100019  0.28326916694641113
2000014  0.28326845169067383
10700023  0.2831886112689972
14100078  0.2831861078739166
13000034  0.283175528049469
8000017  0.28317341208457947
18000062  0.2831530272960663
14100062  0.2831324636936188
5600019  0.28309866786003113
17000110  0.2830984592437744
16500150  0.28309017419815063
17000120  0.28307437896728516
14100071  0.2830600440502167
7800064  0.28304022550582886
16400048  0.28303688764572144
4900018  0.28296959400177
2500022  0.2829630672931671
2000009  0.2829579710960388
3100017  0.2829306423664093
14800181  0.2829112410545349
13000037  0.28288882970809937
17000101  0.2828258275985718
15400033  0.2828250527381897
16500041  0.28280866146087646
15400034  0.28280678391456604
14200042  0.28278085589408875
16500043  0.2827441990375519
15700151  0.2826818823814392
11300019  0.2826700806617737
11300106  0.28266987204551697
2500017  0.28264620900154114
14800174  0.2826457917690277
5600016  0.2826347053050995
5600014  0.28257638216018677
14200044  0.2825760245323181
17800075  0.28256747126579285
5600039  0.28255099058151245
2400017  0.2825494110584259
2500023  0.2825247049331665
14800178  0.2825079560279846
11300103  0.2824554443359375
12000023  0.28244826197624207
8800017  0.2824476361274719
4900014  0.2824213206768036
17100048  0.2823575735092163
14800168  0.2823474705219269
14800063  0.2823372781276703
10100018  0.2823273241519928
13000022  0.2823178470134735
17300056  0.2823030948638916
1500033  0.2822984755039215
16500052  0.28227823972702026
17500054  0.28218647837638855
13500056  0.28212225437164307
1000005  0.2821010649204254
13500090  0.2819198966026306
13000048  0.2818761467933655
12300027  0.28180840611457825
10800024  0.28179991245269775
12500047  0.2817504405975342
14100043  0.28169652819633484
16500045  0.2816726565361023
7800047  0.2815167307853699
11300117  0.28150925040245056
16900043  0.28149083256721497
16300039  0.2814881205558777
18200125  0.2813378870487213
7800016  0.2812937796115875
7800059  0.28129276633262634
17800056  0.2812553644180298
11300090  0.28125524520874023
12500066  0.28125065565109253
13000032  0.2810409367084503
2800016  0.28098830580711365
7800055  0.28089794516563416
8100016  0.28089648485183716
5000014  0.2808230221271515
17800068  0.2808137536048889
7800025  0.28080692887306213
7800046  0.28075122833251953
13500096  0.28069743514060974
7800058  0.280643105506897
17800072  0.28061485290527344
1500012  0.28059709072113037
1500009  0.2805061340332031
14200077  0.2803778052330017
7800024  0.28036603331565857
13000038  0.28027451038360596
13000039  0.28019940853118896
13000029  0.2801770269870758
1800008  0.280089795589447
7800018  0.28003573417663574
7800033  0.27989479899406433
2500019  0.279861181974411
4600013  0.27951934933662415
7600035  0.27951836585998535
2800017  0.2793433964252472
5600015  0.27856090664863586
8000028  0.2783788740634918
1500015  0.2783781886100769
2300009  0.2783743441104889
1500007  0.27804064750671387
7600020  0.2779461741447449
7800017  0.2767300009727478
2400011  0.27480950951576233
17000047  0.2731490135192871
19400171  0.27283748984336853
19400169  0.2727259397506714
17000074  0.27244091033935547
17000071  0.2721174359321594
2500011  0.27201008796691895
19400170  0.271985799074173
6900024  0.27183568477630615
6900018  0.2716456353664398
17000072  0.2708839476108551
17000073  0.2705666422843933
19400172  0.27040714025497437
2500031  0.2703375816345215
17000065  0.2702489197254181
17000064  0.2701323628425598
6900019  0.2700252830982208
2500009  0.2695797383785248
6900029  0.2682749032974243
6900020  0.2680158317089081
17000046  0.2668457627296448
2500029  0.2665964365005493
6900021  0.2662801146507263
6900017  0.26583462953567505
2500030  0.2642643451690674
6900015  0.2637392282485962
