Chart-1	1.0	0.2	0.33333333333333337	
Chart-2	1.0	0.05517241379310345	0.1045751633986928	
Chart-3	1.0	0.046511627906976744	0.08888888888888888	
Chart-4	1.0	0.46875	0.6382978723404256	
Chart-5	0.3333333333333333	0.012048192771084338	0.023255813953488372	
Chart-6	1.0	0.973568281938326	0.9866071428571429	
Chart-7	1.0	1.0	1.0	
Chart-8	1.0	1.0	1.0	
Chart-9	1.0	0.037037037037037035	0.07142857142857142	
Chart-11	1.0	1.0	1.0	
Chart-12	1.0	0.02631578947368421	0.05128205128205127	
Chart-15	1.0	0.017699115044247787	0.034782608695652174	
Chart-16	0	0	0	
Chart-17	1.0	0.08	0.14814814814814814	
Chart-20	1.0	0.3821138211382114	0.5529411764705883	
Chart-21	1.0	0.1	0.18181818181818182	
Chart-22	1.0	0.10344827586206896	0.1875	
Chart-25	1.0	1.0	1.0	
Chart-26	1.0	0.006342494714587738	0.012605042016806721	
Lang-1	1.0	0.3333333333333333	0.5	
Lang-2	0.8	1.0	0.888888888888889	
Lang-3	1.0	0.5	0.6666666666666666	
Lang-4	0.8	1.0	0.888888888888889	
Lang-5	1.0	1.0	1.0	
Lang-6	0.6	0.75	0.6666666666666665	
Lang-7	0.6666666666666666	0.025	0.04819277108433735	
Lang-9	1.0	1.0	1.0	
Lang-10	0.5887850467289719	1.0	0.7411764705882352	
Lang-12	1.0	1.0	1.0	
Lang-14	0	0	0	
Lang-15	1.0	0.75	0.8571428571428571	
Lang-16	0.0	0.0	0	
Lang-17	0.5757575757575758	0.95	0.7169811320754716	
Lang-18	0.6739130434782609	1.0	0.8051948051948052	
Lang-19	1.0	1.0	1.0	
Lang-20	0	0	0	
Lang-22	0.875	1.0	0.9333333333333333	
Lang-26	1.0	0.967741935483871	0.9836065573770492	
Lang-27	1.0	0.018518518518518517	0.03636363636363636	
Lang-28	1.0	0.16666666666666666	0.2857142857142857	
Lang-30	0	0	0	
Lang-31	1.0	0.01762114537444934	0.03463203463203464	
Lang-32	0.6818181818181818	1.0	0.8108108108108109	
Lang-34	1.0	0.7706422018348624	0.8704663212435233	
Lang-36	1.0	0.01818181818181818	0.03571428571428572	
Lang-37	1.0	1.0	1.0	
Lang-39	0	0	0	
Lang-40	0	0	0	
Lang-41	0	0	0	
Lang-42	1.0	0.11627906976744186	0.20833333333333334	
Lang-44	1.0	1.0	1.0	
Lang-46	1.0	1.0	1.0	
Lang-47	0.0	0.0	0	
Lang-48	1.0	0.7333333333333333	0.846153846153846	
Lang-50	0.0	0.0	0	
Lang-53	1.0	1.0	1.0	
Lang-54	1.0	0.6666666666666666	0.8	
Lang-55	1.0	1.0	1.0	
Lang-59	0	0	0	
Lang-60	1.0	0.10416666666666667	0.18867924528301885	
Lang-61	1.0	0.07446808510638298	0.1386138613861386	
Lang-62	0.6666666666666666	0.05555555555555555	0.10256410256410256	
Lang-63	1.0	0.3333333333333333	0.5	
Lang-64	1.0	0.06349206349206349	0.11940298507462686	
Lang-65	0	0	0	
Math-1	1.0	0.01092896174863388	0.021621621621621623	
Math-2	0.8333333333333334	0.8333333333333334	0.8333333333333334	
Math-6	0.7236180904522613	1.0	0.8396501457725948	
Math-7	0.5882352941176471	0.16129032258064516	0.25316455696202533	
Math-11	1.0	1.0	1.0	
Math-13	0.7228915662650602	0.9375	0.8163265306122448	
Math-14	0.37209302325581395	1.0	0.5423728813559322	
Math-15	1.0	0.02784134248665141	0.05417439703153989	
Math-16	0.9642857142857143	0.04245283018867924	0.08132530120481928	
Math-17	0.2692307692307692	0.20588235294117646	0.23333333333333334	
Math-21	1.0	0.2857142857142857	0.4444444444444445	
Math-23	1.0	1.0	1.0	
Math-24	0.35714285714285715	1.0	0.5263157894736842	
Math-26	0.36363636363636365	0.21052631578947367	0.26666666666666666	
Math-27	1.0	0.004878048780487805	0.009708737864077669	
Math-28	0.8888888888888888	0.4444444444444444	0.5925925925925926	
Math-29	0.0	0.0	0	
Math-30	1.0	1.0	1.0	
Math-31	0.9811320754716981	0.39846743295019155	0.5667574931880108	
Math-33	0.9411764705882353	0.8888888888888888	0.9142857142857143	
Math-34	1.0	0.047619047619047616	0.0909090909090909	
Math-35	0	0	0	
Math-36	1.0	0.527027027027027	0.6902654867256637	
Math-37	0.5	0.023809523809523808	0.04545454545454545	
Math-40	1.0	0.6538461538461539	0.7906976744186047	
Math-41	1.0	0.022988505747126436	0.0449438202247191	
Math-42	0.9444444444444444	0.9444444444444444	0.9444444444444444	
Math-43	0.9545454545454546	0.9545454545454546	0.9545454545454546	
Math-44	0.4338235294117647	0.921875	0.5900000000000001	
Math-45	1.0	0.11583011583011583	0.20761245674740486	
Math-46	1.0	0.03333333333333333	0.06451612903225806	
Math-47	0.32608695652173914	1.0	0.4918032786885246	
Math-48	1.0	0.1935483870967742	0.3243243243243243	
Math-49	1.0	0.05263157894736842	0.1	
Math-50	1.0	0.1935483870967742	0.3243243243243243	
Math-52	1.0	0.058823529411764705	0.1111111111111111	
Math-53	1.0	0.2714285714285714	0.42696629213483145	
Math-54	1.0	0.4318181818181818	0.6031746031746031	
Math-55	0.6666666666666666	0.05128205128205128	0.09523809523809523	
Math-57	1.0	1.0	1.0	
Math-58	0.4	1.0	0.5714285714285715	
Math-62	0	0	0	
Math-64	0.46938775510204084	1.0	0.6388888888888888	
Math-65	0.7441860465116279	0.6530612244897959	0.6956521739130435	
Math-66	0	0	0	
Math-68	0.43902439024390244	1.0	0.6101694915254238	
Math-69	1.0	1.0	1.0	
Math-74	0.44680851063829785	1.0	0.6176470588235294	
Math-76	1.0	0.9090909090909091	0.9523809523809523	
Math-79	0.3333333333333333	0.0024630541871921183	0.004889975550122249	
Math-81	0.4411764705882353	1.0	0.6122448979591837	
Math-82	0.8461538461538461	1.0	0.9166666666666666	
Math-83	0.8	1.0	0.888888888888889	
Math-84	1.0	1.0	1.0	
Math-85	1.0	0.21333333333333335	0.3516483516483517	
Math-86	0	0	0	
Math-87	0.7857142857142857	1.0	0.88	
Math-88	1.0	0.8	0.888888888888889	
Math-89	1.0	1.0	1.0	
Math-90	0.8	0.8	0.8000000000000002	
Math-92	0	0	0	
Math-93	0	0	0	
Math-94	1.0	1.0	1.0	
Math-95	1.0	0.15384615384615385	0.2666666666666667	
Math-96	1.0	0.5576923076923077	0.7160493827160493	
Math-97	1.0	1.0	1.0	
Math-98	0	0	0	
Math-99	1.0	0.9491525423728814	0.9739130434782608	
Math-100	1.0	0.06521739130434782	0.12244897959183672	
Math-101	1.0	0.9166666666666666	0.9565217391304348	
Math-103	1.0	0.5833333333333334	0.7368421052631579	
Math-105	0	0	0	
Mockito-2	1.0	1.0	1.0	
Mockito-3	1.0	0.04126984126984127	0.07926829268292682	
Mockito-5	0	0	0	
Mockito-6	0.9263157894736842	0.13476263399693722	0.23529411764705882	
Mockito-9	1.0	0.06607929515418502	0.12396694214876032	
Mockito-10	1.0	0.038922155688622756	0.07492795389048991	
Mockito-11	1.0	0.003575685339690107	0.007125890736342041	
Mockito-12	0	0	0	
Mockito-13	0.9821428571428571	0.5533199195171026	0.7078507078507077	
Mockito-14	0.9484536082474226	0.5564516129032258	0.701397712833545	
Mockito-16	0.7222222222222222	1.0	0.8387096774193548	
Mockito-17	0.9968102073365231	1.0	0.9984025559105432	
Mockito-18	0.9726890756302521	0.4936034115138593	0.6548797736916548	
Mockito-20	1.0	1.0	1.0	
Mockito-21	1.0	0.1	0.18181818181818182	
Mockito-22	0.9735849056603774	0.4690909090909091	0.6331288343558282	
Mockito-23	0.6308457711442786	1.0	0.7736424649176328	
Mockito-24	1.0	0.006125574272588055	0.0121765601217656	
Mockito-25	1.0	0.0264797507788162	0.051593323216995446	
Mockito-26	0	0	0	
Mockito-27	1.0	0.02579132473622509	0.05028571428571429	
Mockito-28	0.4230769230769231	1.0	0.5945945945945945	
Mockito-29	0.25	0.025	0.045454545454545456	
Mockito-32	0.14285714285714285	0.00375234521575985	0.007312614259597807	
Mockito-33	0.9649532710280374	0.8210735586481114	0.887218045112782	
Mockito-34	0.9957264957264957	0.4936440677966102	0.660056657223796	
Mockito-35	1.0	0.0455531453362256	0.08713692946058091	
Mockito-36	1.0	0.04612850082372323	0.08818897637795275	
Mockito-37	1.0	0.6287878787878788	0.7720930232558139	
Mockito-38	1.0	0.717948717948718	0.835820895522388	
Time-1	1.0	0.04095962551199532	0.07869589657110737	
Time-2	0.5899280575539568	0.040097799511002445	0.07509157509157509	
Time-3	0.9615384615384616	0.0576036866359447	0.10869565217391304	
Time-4	0.7916666666666666	0.03838383838383838	0.07321772639691713	
Time-5	1.0	0.006678809957498482	0.013268998793727381	
Time-7	0.9565217391304348	0.022774327122153208	0.044489383215369056	
Time-8	1.0	0.017972893341190337	0.03531114327062229	
Time-9	1.0	0.020987289388117055	0.04111175448755066	
Time-10	1.0	0.05714285714285714	0.1081081081081081	
Time-11	0.3333333333333333	1.0	0.5	
Time-12	1.0	0.01880141010575793	0.03690888119953864	
Time-14	1.0	0.005982512655315232	0.011893870082342177	
Time-15	0	0	0	
Time-17	1.0	0.0006103143118706134	0.001219884111009454	
Time-18	1.0	0.007996446023989337	0.015866020273248124	
Time-19	1.0	0.22858962113976442	0.37211712878984193	
Time-21	1.0	0.006742261722341404	0.013394216133942162	
Time-22	1.0	0.030226700251889168	0.058679706601466985	
Time-23	1.0	0.002162496138399753	0.004315659679408139	
Time-27	0.5050505050505051	0.2788104089219331	0.3592814371257485	
