1100075  1.0
1100076  1.0
1100129  1.0
1100130  1.0
1100131  1.0
1100133  1.0
1100135  1.0
1100148  1.0
1100149  1.0
1100151  1.0
1100152  1.0
1100153  1.0
1100178  1.0
1100179  1.0
1100181  1.0
1100196  1.0
1100197  1.0
1100199  1.0
1100200  1.0
1100201  1.0
1100203  1.0
1100219  1.0
1100220  1.0
1100221  1.0
1100222  1.0
1100223  1.0
1100225  1.0
1100226  1.0
1100228  1.0
1100243  1.0
1100244  1.0
1100246  1.0
1100247  1.0
1100248  1.0
1100250  1.0
1100266  1.0
1100267  1.0
1100268  1.0
1100270  1.0
1100285  1.0
1100301  1.0
1100302  1.0
1100304  1.0
1100335  1.0
1100336  1.0
1100338  1.0
1100366  1.0
1100367  1.0
1100369  1.0
1100370  1.0
1100371  1.0
1100372  1.0
1100373  1.0
1100374  1.0
1100377  1.0
1100379  1.0
1100397  1.0
1100398  1.0
1100429  1.0
1100468  1.0
1100469  1.0
1100488  1.0
1100501  1.0
1100502  1.0
1200571  1.0
1200572  1.0
1200573  1.0
1200580  1.0
1300146  1.0
1300150  1.0
1300365  1.0
1300778  1.0
1300818  1.0
1300907  1.0
1300909  1.0
1300910  1.0
1300912  1.0
1300915  1.0
1300919  1.0
1300920  1.0
1300921  1.0
1300922  1.0
1300924  1.0
1300925  1.0
1300926  1.0
1300927  1.0
1300928  1.0
1300929  1.0
1300930  1.0
1300931  1.0
1300935  1.0
1300949  1.0
1300950  1.0
1300952  1.0
1300955  1.0
1300976  1.0
1300977  1.0
1300978  1.0
1300979  1.0
1300980  1.0
1300982  1.0
1300999  1.0
1301001  1.0
1301003  1.0
1301007  1.0
1301009  1.0
1301010  1.0
1301013  1.0
1301014  1.0
1301017  1.0
1301019  1.0
1301026  1.0
1301032  1.0
1301034  1.0
1301037  1.0
1301051  1.0
1301052  1.0
1301054  1.0
1301055  1.0
1301057  1.0
1301058  1.0
1301168  1.0
1301172  1.0
1301173  1.0
1301174  1.0
1301175  1.0
1301190  1.0
1301191  1.0
1301192  1.0
1301193  1.0
1301194  1.0
1301195  1.0
1301199  1.0
1301200  1.0
1301201  1.0
1301202  1.0
1301203  1.0
1301204  1.0
1301208  1.0
1301209  1.0
1301211  1.0
1301214  1.0
1600102  1.0
1600103  1.0
1600104  1.0
1600105  1.0
1600132  1.0
1600133  1.0
1600134  1.0
1600135  1.0
1600136  1.0
1600137  1.0
1600138  1.0
1600163  1.0
1600164  1.0
1600165  1.0
1600166  1.0
1600183  1.0
1600184  1.0
1600185  1.0
1600186  1.0
1600187  1.0
1600188  1.0
1600192  1.0
1600193  1.0
1600199  1.0
1600200  1.0
1600201  1.0
1600202  1.0
1600207  1.0
1600208  1.0
1600213  1.0
1600223  1.0
1600224  1.0
1600225  1.0
1600226  1.0
1600228  1.0
1600239  1.0
1600240  1.0
1600242  1.0
1600255  1.0
1600256  1.0
1600257  1.0
1600258  1.0
1600259  1.0
1600260  1.0
1600261  1.0
1600262  1.0
1600265  1.0
1600276  1.0
1600277  1.0
1600278  1.0
1600279  1.0
1600280  1.0
1600281  1.0
1600282  1.0
1600283  1.0
1600284  1.0
1600285  1.0
1600289  1.0
1600301  1.0
1600302  1.0
1600303  1.0
1600304  1.0
1600305  1.0
1600309  1.0
1600322  1.0
1600323  1.0
1600325  1.0
1600326  1.0
1600660  1.0
1900061  1.0
1900084  1.0
1900095  1.0
1900099  1.0
1900108  1.0
1900117  1.0
1900126  1.0
1900135  1.0
1900144  1.0
1900153  1.0
1900162  1.0
1900171  1.0
1900180  1.0
1900189  1.0
1900198  1.0
1900207  1.0
1900216  1.0
1900225  1.0
1900234  1.0
1900243  1.0
1900252  1.0
1900261  1.0
1900270  1.0
1900279  1.0
1900288  1.0
1900297  1.0
1900306  1.0
1900315  1.0
1900324  1.0
1900333  1.0
1900352  1.0
1900361  1.0
1900370  1.0
1900379  1.0
1900388  1.0
1900397  1.0
1900406  1.0
1900415  1.0
1900424  1.0
1900433  1.0
1900442  1.0
1900451  1.0
1900460  1.0
1900469  1.0
1900478  1.0
1900487  1.0
1900496  1.0
1900505  1.0
1900514  1.0
1900523  1.0
1900533  1.0
1900544  1.0
2000209  1.0
2000210  1.0
2000212  1.0
2000224  1.0
2000225  1.0
2000227  1.0
2100032  1.0
2100083  1.0
2100092  1.0
2100182  1.0
2100191  1.0
2100200  1.0
2100209  1.0
2100218  1.0
2100227  1.0
2100228  1.0
2100230  1.0
2100241  1.0
2100242  1.0
2100279  1.0
2200045  1.0
2200046  1.0
2200048  1.0
2200051  1.0
2200060  1.0
2200108  1.0
2200109  1.0
2200110  1.0
2200111  1.0
2200112  1.0
2200113  1.0
2200114  1.0
2200115  1.0
2200116  1.0
2200117  1.0
2200129  1.0
2200130  1.0
2200131  1.0
2200132  1.0
2200133  1.0
2200134  1.0
2200135  1.0
2200136  1.0
2200137  1.0
2200138  1.0
2200171  1.0
2200172  1.0
2200173  1.0
2200174  1.0
2200175  1.0
2200176  1.0
2200177  1.0
2200178  1.0
2200179  1.0
2200180  1.0
2300177  1.0
2300178  1.0
2300180  1.0
2300181  1.0
2300182  1.0
2300183  1.0
2300186  1.0
2300187  1.0
2300188  1.0
2300190  1.0
2300192  1.0
2300196  1.0
2300197  1.0
2300198  1.0
2300200  1.0
2300202  1.0
2300206  1.0
2300207  1.0
2300208  1.0
2300210  1.0
2300212  1.0
2400057  1.0
2400058  1.0
2400059  1.0
2400062  1.0
2400063  1.0
2400064  1.0
2400066  1.0
2400067  1.0
2400068  1.0
2400069  1.0
2400070  1.0
2400071  1.0
2400074  1.0
2400075  1.0
2400076  1.0
2400077  1.0
2400078  1.0
2400079  1.0
2400083  1.0
2400084  1.0
2400088  1.0
2400089  1.0
2400091  1.0
2400095  1.0
2500761  1.0
2500768  1.0
2500772  1.0
2500776  1.0
2500780  1.0
2500783  1.0
2500784  1.0
2500785  1.0
2500794  1.0
2500795  1.0
2500796  1.0
2500797  1.0
2500800  1.0
2500804  1.0
2600522  1.0
2600523  1.0
2600530  1.0
2600531  1.0
2600532  1.0
2600533  1.0
2600534  1.0
2600536  1.0
2600541  1.0
2600549  1.0
2600550  1.0
2600551  1.0
2600554  1.0
2600558  1.0
2600560  1.0
2600561  1.0
2600563  1.0
2600564  1.0
2600565  1.0
2600567  1.0
2600568  1.0
2600569  1.0
2600570  1.0
2600573  1.0
2600574  1.0
2600575  1.0
2600576  1.0
2600577  1.0
2600578  1.0
2600583  1.0
2600591  1.0
2600592  1.0
2600593  1.0
2600596  1.0
2600600  1.0
2600602  1.0
2600603  1.0
2600605  1.0
2600606  1.0
2600607  1.0
2600609  1.0
2600615  1.0
2600616  1.0
2600617  1.0
2600618  1.0
2600619  1.0
2600620  1.0
2600625  1.0
2600629  1.0
2600632  1.0
2600633  1.0
2600634  1.0
2600659  1.0
2600660  1.0
2600661  1.0
2600662  1.0
2600663  1.0
2600664  1.0
2600665  1.0
2600672  1.0
2600682  1.0
2600683  1.0
2600691  1.0
2600701  1.0
2600702  1.0
2600706  1.0
2600707  1.0
2600709  1.0
2600710  1.0
2600711  1.0
2600713  1.0
2600717  1.0
2600718  1.0
2600719  1.0
2600720  1.0
2600721  1.0
2600725  1.0
2600726  1.0
2600729  1.0
2600731  1.0
2700885  1.0
2700886  1.0
2700887  1.0
2700888  1.0
2700889  1.0
2700890  1.0
2700892  1.0
2700893  1.0
2700894  1.0
2700895  1.0
2700896  1.0
2700897  1.0
2700900  1.0
2700901  1.0
2700902  1.0
2700903  1.0
2700904  1.0
2700905  1.0
2700908  1.0
2700912  1.0
2700916  1.0
2700920  1.0
2700924  1.0
2700931  1.0
2700932  1.0
2700934  1.0
2800063  1.0
2800065  1.0
2800066  1.0
2800067  1.0
2800068  1.0
2800077  1.0
2800086  1.0
2800096  1.0
2800097  1.0
2800099  1.0
2800100  1.0
2800101  1.0
2800102  1.0
2800104  1.0
2800105  1.0
2800106  1.0
2800107  1.0
2800108  1.0
2800110  1.0
2800111  1.0
2800112  1.0
2800122  1.0
2800123  1.0
2800133  1.0
2800143  1.0
2800144  1.0
2800146  1.0
2800147  1.0
2800149  1.0
2800160  1.0
2800161  1.0
2800162  1.0
2800163  1.0
2800165  1.0
2800169  1.0
2800171  1.0
2800173  1.0
2800175  1.0
2800177  1.0
2800180  1.0
2800191  1.0
2800192  1.0
2800194  1.0
2800195  1.0
2800196  1.0
2800198  1.0
2800208  1.0
2800217  1.0
2900099  1.0
2900100  1.0
2900101  1.0
2900102  1.0
2900103  1.0
2900107  1.0
2900108  1.0
2900118  1.0
2900120  1.0
2900122  1.0
2900131  1.0
2900133  1.0
2900136  1.0
2900146  1.0
2900148  1.0
2900151  1.0
2900156  1.0
2900160  1.0
2900164  1.0
2900168  1.0
2900172  1.0
2900176  1.0
2900180  1.0
2900184  1.0
2900188  1.0
2900192  1.0
2900196  1.0
2900200  1.0
2900204  1.0
2900208  1.0
2900212  1.0
2900216  1.0
2900220  1.0
2900224  1.0
2900228  1.0
2900232  1.0
2900236  1.0
2900240  1.0
2900244  1.0
2900248  1.0
2900252  1.0
2900256  1.0
2900260  1.0
2900264  1.0
2900268  1.0
2900272  1.0
2900276  1.0
2900280  1.0
2900284  1.0
2900288  1.0
2900292  1.0
2900308  1.0
2900315  1.0
2900319  1.0
2900320  1.0
2900321  1.0
2900323  1.0
2900327  1.0
2900328  1.0
2900329  1.0
2900330  1.0
2900331  1.0
2900332  1.0
2900333  1.0
2900334  1.0
2900335  1.0
2900336  1.0
2900337  1.0
2900338  1.0
2900343  1.0
2900344  1.0
2900345  1.0
2900346  1.0
2900347  1.0
2900348  1.0
2900349  1.0
2900350  1.0
2900351  1.0
2900352  1.0
2900353  1.0
2900354  1.0
2900355  1.0
2900356  1.0
2900357  1.0
2900358  1.0
2900359  1.0
2900360  1.0
2900361  1.0
2900362  1.0
2900363  1.0
2900364  1.0
2900365  1.0
2900369  1.0
2900370  1.0
2900372  1.0
2900385  1.0
2900386  1.0
2900389  1.0
2900390  1.0
2900391  1.0
3000112  1.0
3000114  1.0
3000117  1.0
3000140  1.0
3000142  1.0
3000143  1.0
3000145  1.0
3000146  1.0
3000150  1.0
3000152  1.0
3000153  1.0
3000155  1.0
3000156  1.0
3000160  1.0
3000162  1.0
3000163  1.0
3000165  1.0
3000166  1.0
3000167  1.0
3000175  1.0
3000176  1.0
3000177  1.0
3000215  1.0
3000219  1.0
3000225  1.0
3000226  1.0
3000227  1.0
3000252  1.0
3000253  1.0
3000255  1.0
3000256  1.0
3000258  1.0
3000259  1.0
3000268  1.0
3000269  1.0
3000276  1.0
3000277  1.0
3000309  1.0
3000310  1.0
3000312  1.0
3000313  1.0
3000314  1.0
3000316  1.0
3000320  1.0
3000321  1.0
3000323  1.0
3000333  1.0
3000339  1.0
3000343  1.0
3000345  1.0
3000346  1.0
3000348  1.0
3000349  1.0
3000350  1.0
3000351  1.0
3000352  1.0
3000355  1.0
3000356  1.0
3000357  1.0
3000360  1.0
3000362  1.0
3000363  1.0
3000364  1.0
3000366  1.0
3000369  1.0
3000370  1.0
3000371  1.0
3000372  1.0
3000379  1.0
3000383  1.0
3000390  1.0
3000391  1.0
3000392  1.0
3000396  1.0
3000397  1.0
3000398  1.0
3000400  1.0
3000404  1.0
3000405  1.0
3000406  1.0
3000407  1.0
3000410  1.0
3000411  1.0
3000412  1.0
3000417  1.0
3000418  1.0
3000419  1.0
3000421  1.0
3000423  1.0
3000424  1.0
3000426  1.0
3000427  1.0
3000428  1.0
3000443  1.0
3000446  1.0
3000448  1.0
3000459  1.0
3000461  1.0
3000462  1.0
3000463  1.0
3000464  1.0
3000465  1.0
3000467  1.0
3000468  1.0
3000469  1.0
3000473  1.0
3000475  1.0
3201392  1.0
3201393  1.0
3201397  1.0
3201398  1.0
3201399  1.0
3201400  1.0
3201402  1.0
3201403  1.0
3201404  1.0
3201406  1.0
3201410  1.0
3201411  1.0
3201412  1.0
3201413  1.0
3201415  1.0
3201420  1.0
3201421  1.0
3201422  1.0
3201423  1.0
3201424  1.0
3201425  1.0
3201429  1.0
3201431  1.0
3201432  1.0
3201433  1.0
3201434  1.0
3201435  1.0
3201436  1.0
3201437  1.0
3201438  1.0
3201439  1.0
3201460  1.0
3201461  1.0
3201463  1.0
3201467  1.0
3201468  1.0
3201483  1.0
3201512  1.0
3201513  1.0
3201514  1.0
3201515  1.0
3201517  1.0
3201518  1.0
3201519  1.0
3201520  1.0
3201524  1.0
3201525  1.0
3201527  1.0
3201531  1.0
3201532  1.0
3201533  1.0
3201534  1.0
3201536  1.0
3201537  1.0
3201538  1.0
3201539  1.0
3201543  1.0
3201544  1.0
3201546  1.0
3201550  1.0
3201551  1.0
3201552  1.0
3201553  1.0
3201555  1.0
3201556  1.0
3201557  1.0
3201558  1.0
3201562  1.0
3201565  1.0
3201573  1.0
3201574  1.0
3201575  1.0
3201576  1.0
3201577  1.0
3201579  1.0
3201580  1.0
3201582  1.0
3201583  1.0
3201586  1.0
3201590  1.0
3201591  1.0
3201592  1.0
3201593  1.0
3201594  1.0
3201598  1.0
3201599  1.0
3201600  1.0
3201601  1.0
3201602  1.0
3201603  1.0
3201608  1.0
3201609  1.0
3201610  1.0
3201611  1.0
3201614  1.0
3201615  1.0
3201616  1.0
3201641  1.0
3201644  1.0
3201645  1.0
3201646  1.0
3201649  1.0
3201650  1.0
3201653  1.0
3201654  1.0
3201655  1.0
3201656  1.0
3201660  1.0
3201661  1.0
3201662  1.0
3201665  1.0
3201667  1.0
3201668  1.0
3201669  1.0
3201670  1.0
3201673  1.0
3201674  1.0
3201675  1.0
3201676  1.0
3201677  1.0
3201686  1.0
3201687  1.0
3201688  1.0
3201690  1.0
3201693  1.0
3201694  1.0
3201696  1.0
3201697  1.0
3201703  1.0
3201704  1.0
3201706  1.0
3201707  1.0
3201708  1.0
3201709  1.0
3201710  1.0
3201714  1.0
3201715  1.0
3201716  1.0
3201717  1.0
3201728  1.0
3300095  1.0
3300099  1.0
3300103  1.0
3300107  1.0
3300115  1.0
3300119  1.0
3300140  1.0
3300141  1.0
3300142  1.0
3300143  1.0
3300144  1.0
3300145  1.0
3300146  1.0
3300148  1.0
3300152  1.0
3300153  1.0
3300155  1.0
3300156  1.0
3300158  1.0
3300159  1.0
3300160  1.0
3300162  1.0
3300163  1.0
3300164  1.0
3300166  1.0
3401186  1.0
3401190  1.0
3401194  1.0
3401202  1.0
3401203  1.0
3401204  1.0
3401209  1.0
3401211  1.0
3401215  1.0
3401217  1.0
3401221  1.0
3401224  1.0
3401226  1.0
3401236  1.0
3401238  1.0
3401244  1.0
3401246  1.0
3401247  1.0
3401248  1.0
3401253  1.0
3401255  1.0
3401265  1.0
3401268  1.0
3401270  1.0
3401280  1.0
3401282  1.0
3401286  1.0
3401289  1.0
3401290  1.0
3401291  1.0
3401301  1.0
3401302  1.0
3401303  1.0
3401304  1.0
3401307  1.0
3401308  1.0
3401309  1.0
3401314  1.0
3401316  1.0
3401318  1.0
3401322  1.0
3401325  1.0
3401333  1.0
3401335  1.0
3500950  1.0
3500951  1.0
3500952  1.0
3500965  1.0
3500966  1.0
3500967  1.0
3500968  1.0
3500973  1.0
3500974  1.0
3500975  1.0
3500976  1.0
3500977  1.0
3500978  1.0
3500979  1.0
3500980  1.0
3500988  1.0
3500989  1.0
3500992  1.0
3500993  1.0
3500994  1.0
3500997  1.0
3500998  1.0
3501000  1.0
3501003  1.0
3501004  1.0
3501005  1.0
3501014  1.0
3501016  1.0
3501021  1.0
3501027  1.0
3501028  1.0
3501029  1.0
3501032  1.0
3501033  1.0
3501035  1.0
3501040  1.0
3501041  1.0
3501045  1.0
3501046  1.0
3501047  1.0
3501048  1.0
3501050  1.0
3501052  1.0
3501064  1.0
3501066  1.0
3501069  1.0
3501070  1.0
3501085  1.0
3501088  1.0
3501089  1.0
3501091  1.0
3501092  1.0
3501093  1.0
3501094  1.0
3501095  1.0
3501096  1.0
3501097  1.0
3501101  1.0
3501103  1.0
3501104  1.0
3501106  1.0
3501108  1.0
3501109  1.0
3501113  1.0
3501118  1.0
3501119  1.0
3501121  1.0
3501123  1.0
3501127  1.0
3501134  1.0
3501135  1.0
3501137  1.0
3501144  1.0
3501145  1.0
3501146  1.0
3501147  1.0
3501157  1.0
3501161  1.0
3600053  1.0
3600054  1.0
3600063  1.0
3600064  1.0
3600067  1.0
3600068  1.0
3600069  1.0
3600080  1.0
3600081  1.0
3600083  1.0
3600084  1.0
3700079  1.0
3700090  1.0
3700091  1.0
3700092  1.0
3700094  1.0
3700105  1.0
3700116  1.0
3700117  1.0
3700118  1.0
3700120  1.0
3700150  1.0
3700160  1.0
3700170  1.0
3700171  1.0
3700172  1.0
3700175  1.0
3700187  1.0
3700188  1.0
3700189  1.0
3700191  1.0
3700202  1.0
3700203  1.0
3700204  1.0
3700207  1.0
3700219  1.0
3700220  1.0
3700221  1.0
3700223  1.0
3700240  1.0
3700241  1.0
3700242  1.0
3700243  1.0
3700255  1.0
3700256  1.0
3700258  1.0
3700259  1.0
3700261  1.0
3700262  1.0
3700263  1.0
3700265  1.0
3700266  1.0
3700267  1.0
3700270  1.0
3700280  1.0
3700281  1.0
3700282  1.0
3700283  1.0
3700285  1.0
3700286  1.0
3700311  1.0
3700312  1.0
3700314  1.0
3700315  1.0
3700317  1.0
3700318  1.0
3700319  1.0
3700323  1.0
3700324  1.0
3700325  1.0
3700327  1.0
3700328  1.0
3700331  1.0
3700350  1.0
3700351  1.0
3700353  1.0
3700372  1.0
3700373  1.0
3700375  1.0
3700394  1.0
3700395  1.0
3700397  1.0
3700409  1.0
3700410  1.0
3700412  1.0
3800816  1.0
3800817  1.0
3800818  1.0
3800819  1.0
3800820  1.0
3800828  1.0
3800837  1.0
3800841  1.0
3800845  1.0
3800847  1.0
3800848  1.0
3800851  1.0
3800852  1.0
3800854  1.0
3800857  1.0
3800859  1.0
3800862  1.0
3800865  1.0
3800867  1.0
3800868  1.0
3800869  1.0
3800871  1.0
3800875  1.0
3900056  1.0
3900057  1.0
3900060  1.0
3900063  1.0
3900067  1.0
3900068  1.0
3900069  1.0
3900071  1.0
3900072  1.0
3900161  1.0
3900196  1.0
4000043  1.0
4000044  1.0
4000045  1.0
4000055  1.0
4000059  1.0
4000066  1.0
4000076  1.0
4000080  1.0
4000084  1.0
4000088  1.0
4000089  1.0
4000101  1.0
4000102  1.0
4000103  1.0
4000104  1.0
4000105  1.0
4000108  1.0
4000112  1.0
4100130  1.0
4200121  1.0
4200136  1.0
4200195  1.0
4200210  1.0
4200298  1.0
4200299  1.0
4200304  1.0
4200306  1.0
4200307  1.0
4200308  1.0
4200309  1.0
4200310  1.0
4200311  1.0
4200313  1.0
4200314  1.0
4200315  1.0
4200317  1.0
4200319  1.0
4200323  1.0
4200324  1.0
4200325  1.0
4200326  1.0
4200327  1.0
4200328  1.0
4200329  1.0
4200330  1.0
4200331  1.0
4200332  1.0
4200334  1.0
4200335  1.0
4200336  1.0
4200338  1.0
4200339  1.0
4200343  1.0
4200344  1.0
4200345  1.0
4200346  1.0
4200348  1.0
4200379  1.0
4200380  1.0
4200385  1.0
4200387  1.0
4200388  1.0
4200389  1.0
4200390  1.0
4200391  1.0
4200392  1.0
4200394  1.0
4200395  1.0
4200396  1.0
4200397  1.0
4200398  1.0
4200400  1.0
4200402  1.0
4200406  1.0
4200407  1.0
4200408  1.0
4200409  1.0
4200410  1.0
4200411  1.0
4200412  1.0
4200413  1.0
4200414  1.0
4200415  1.0
4200417  1.0
4200418  1.0
4200419  1.0
4200420  1.0
4200421  1.0
4200423  1.0
4200424  1.0
4200428  1.0
4200429  1.0
4200430  1.0
4200431  1.0
4200433  1.0
4200495  1.0
4200496  1.0
4200498  1.0
4200585  1.0
4200586  1.0
4200589  1.0
4200590  1.0
4200591  1.0
4200592  1.0
4200594  1.0
4200598  1.0
4200654  1.0
4200655  1.0
4200758  1.0
4200772  1.0
4200804  1.0
4200818  1.0
4300050  1.0
4300076  1.0
4300077  1.0
4300079  1.0
4300081  1.0
4300083  1.0
4300085  1.0
4300087  1.0
4300090  1.0
4300093  1.0
4300096  1.0
4300099  1.0
4300102  1.0
4300105  1.0
4300108  1.0
4300111  1.0
4300114  1.0
4300117  1.0
4300120  1.0
4300121  1.0
4300126  1.0
4300131  1.0
4300133  1.0
4300138  1.0
4300139  1.0
4300143  1.0
4300144  1.0
4300146  1.0
4300153  1.0
4300154  1.0
4300157  1.0
4300159  1.0
4300167  1.0
4300168  1.0
4300172  1.0
4300173  1.0
4300174  1.0
4300175  1.0
4300177  1.0
4300185  1.0
4300197  1.0
4300198  1.0
4300200  1.0
4300205  1.0
4300215  1.0
4300226  1.0
4300227  1.0
4300228  1.0
4300229  1.0
4300230  1.0
4300232  1.0
4300233  1.0
4300234  1.0
4300235  1.0
4300236  1.0
4300238  1.0
4300239  1.0
4300240  1.0
4300242  1.0
4300243  1.0
4300250  1.0
4300251  1.0
4300252  1.0
4300253  1.0
4300254  1.0
4300255  1.0
4300256  1.0
4300258  1.0
4300259  1.0
4300260  1.0
4300261  1.0
4300262  1.0
4300263  1.0
4300264  1.0
4300265  1.0
4300266  1.0
4300267  1.0
4300268  1.0
4300273  1.0
4300274  1.0
4300277  1.0
4300279  1.0
4300281  1.0
4300283  1.0
4300285  1.0
4300288  1.0
4300289  1.0
4300290  1.0
4300291  1.0
4300292  1.0
4300293  1.0
4300294  1.0
4300296  1.0
4300298  1.0
4300303  1.0
4300304  1.0
4300305  1.0
4300306  1.0
4300315  1.0
4300325  1.0
4300335  1.0
4300336  1.0
4300337  1.0
4300347  1.0
4300348  1.0
4300350  1.0
4300352  1.0
4300356  1.0
4300368  1.0
4300379  1.0
4300380  1.0
4300381  1.0
4300393  1.0
4300394  1.0
4300395  1.0
4300407  1.0
4300408  1.0
4300409  1.0
4300410  1.0
4300412  1.0
4300414  1.0
4300415  1.0
4300417  1.0
4300418  1.0
4300419  1.0
4300422  1.0
4300423  1.0
4300425  1.0
4300428  1.0
4300430  1.0
4300432  1.0
4300436  1.0
4300443  1.0
4300456  1.0
4300457  1.0
4300458  1.0
4300466  1.0
4300467  1.0
4300476  1.0
4300477  1.0
4300478  1.0
4300485  1.0
4300493  1.0
4300494  1.0
4300501  1.0
4300502  1.0
4300503  1.0
4300504  1.0
4300505  1.0
4300506  1.0
4300508  1.0
4300516  1.0
4300524  1.0
4300525  1.0
4300526  1.0
4300528  1.0
4300529  1.0
4300530  1.0
4300532  1.0
4300542  1.0
4300543  1.0
4300545  1.0
4300547  1.0
4300548  1.0
4300552  1.0
4300559  1.0
4300560  1.0
4300562  1.0
4300573  1.0
4300583  1.0
4300584  1.0
4300585  1.0
4300598  1.0
4300611  1.0
4300612  1.0
4300613  1.0
4300614  1.0
4300690  1.0
4300699  1.0
4300746  1.0
4300747  1.0
4300748  1.0
4300749  1.0
4300751  1.0
4400164  1.0
4400173  1.0
4400209  1.0
4400218  1.0
4400236  1.0
4400245  1.0
4400254  1.0
4400264  1.0
4400282  1.0
4400291  1.0
4400300  1.0
4400309  1.0
4400318  1.0
4400336  1.0
4400345  1.0
4400354  1.0
4400363  1.0
4400410  1.0
4400419  1.0
4500052  1.0
4500053  1.0
4500054  1.0
4500055  1.0
4500056  1.0
4500060  1.0
4500073  1.0
4500093  1.0
4500094  1.0
4500099  1.0
4500104  1.0
4500105  1.0
4500113  1.0
4500114  1.0
4500115  1.0
4500116  1.0
4500118  1.0
4500119  1.0
4500120  1.0
4500122  1.0
4500123  1.0
4500125  1.0
4500127  1.0
4500128  1.0
4500137  1.0
4500138  1.0
4500139  1.0
4500140  1.0
4500145  1.0
4500147  1.0
4500152  1.0
4500153  1.0
4500154  1.0
4500207  1.0
4500208  1.0
4500210  1.0
4500212  1.0
4500213  1.0
4500214  1.0
4500216  1.0
4500217  1.0
4500218  1.0
4500219  1.0
4500221  1.0
4500222  1.0
4500239  1.0
4500244  1.0
4500245  1.0
4500248  1.0
4500249  1.0
4500250  1.0
4500251  1.0
4500253  1.0
4500257  1.0
4500259  1.0
4500261  1.0
4500263  1.0
4500267  1.0
4500272  1.0
4500274  1.0
4500277  1.0
4500278  1.0
4500281  1.0
4500299  1.0
4500301  1.0
4500303  1.0
4500304  1.0
4500305  1.0
4500307  1.0
4500310  1.0
4500316  1.0
4500321  1.0
4500322  1.0
4500323  1.0
4500325  1.0
4500330  1.0
4500335  1.0
4500340  1.0
4500345  1.0
4500350  1.0
4500351  1.0
4500352  1.0
4500357  1.0
4600056  1.0
4600057  1.0
4600058  1.0
4600059  1.0
4600092  1.0
4600138  1.0
4700152  1.0
4700153  1.0
4700154  1.0
4700157  1.0
4700161  1.0
4700165  1.0
4700175  1.0
4700179  1.0
4700183  1.0
4700187  1.0
4700191  1.0
4800038  1.0
4800146  1.0
4800147  1.0
4800149  1.0
4800150  1.0
4800152  1.0
4800153  1.0
4800155  1.0
4900042  1.0
4900048  1.0
4900049  1.0
4900053  1.0
4900057  1.0
4900058  1.0
4900094  1.0
4900098  1.0
4900102  1.0
5000055  1.0
5000056  1.0
5000057  1.0
5000059  1.0
5000060  1.0
5000062  1.0
5000063  1.0
5000071  1.0
5000075  1.0
5000079  1.0
5000083  1.0
5000087  1.0
5000091  1.0
5000095  1.0
5000099  1.0
5100046  1.0
5100047  1.0
5100048  1.0
5100057  1.0
5100068  1.0
5100079  1.0
5100091  1.0
5100095  1.0
5100104  1.0
5100113  1.0
5100123  1.0
5100133  1.0
5200225  1.0
5200226  1.0
5200227  1.0
5200230  1.0
5200234  1.0
5200235  1.0
5200240  1.0
5200241  1.0
5300404  1.0
5300405  1.0
5300408  1.0
5300409  1.0
5300410  1.0
5300411  1.0
5300412  1.0
5300413  1.0
5300414  1.0
5300417  1.0
5300421  1.0
5300422  1.0
5300426  1.0
5300427  1.0
5300431  1.0
5300432  1.0
5300436  1.0
5300440  1.0
5300444  1.0
5300445  1.0
5300446  1.0
5300447  1.0
5300449  1.0
5300450  1.0
5300451  1.0
5300456  1.0
5300461  1.0
5300462  1.0
5300463  1.0
5300468  1.0
5300473  1.0
5300474  1.0
5300475  1.0
5300480  1.0
5300481  1.0
5300482  1.0
5300483  1.0
5300484  1.0
5300485  1.0
5300486  1.0
5300487  1.0
5300489  1.0
5300494  1.0
5300495  1.0
5300496  1.0
5300500  1.0
5300501  1.0
5300507  1.0
5300508  1.0
5300514  1.0
5300518  1.0
5300522  1.0
5300523  1.0
5300527  1.0
5300528  1.0
5300532  1.0
5300536  1.0
5300537  1.0
5300538  1.0
5300539  1.0
5300541  1.0
5300542  1.0
5300543  1.0
5300548  1.0
5300549  1.0
5300550  1.0
5300551  1.0
5300553  1.0
5300554  1.0
5300555  1.0
5300560  1.0
5300561  1.0
5300565  1.0
5300569  1.0
5300570  1.0
5300582  1.0
5300586  1.0
5300587  1.0
5300591  1.0
5300599  1.0
5300603  1.0
5300607  1.0
5300608  1.0
5300610  1.0
5300613  1.0
5300618  1.0
5300619  1.0
5300632  1.0
5400055  1.0
5400058  1.0
5400059  1.0
5400062  1.0
5400065  1.0
5400071  1.0
5400081  1.0
5400082  1.0
5400085  1.0
5400109  1.0
5400118  1.0
5400128  1.0
5400138  1.0
5400139  1.0
5400140  1.0
5400141  1.0
5400142  1.0
5400144  1.0
5400150  1.0
5400154  1.0
5400155  1.0
5400156  1.0
5400157  1.0
5400158  1.0
5400159  1.0
5400160  1.0
5400162  1.0
5400163  1.0
5400164  1.0
5400165  1.0
5400166  1.0
5400170  1.0
5400171  1.0
5400172  1.0
5400173  1.0
5400174  1.0
5400175  1.0
5400176  1.0
5400177  1.0
5400178  1.0
5400179  1.0
5400180  1.0
5400181  1.0
5400183  1.0
5400184  1.0
5400185  1.0
5400186  1.0
5400187  1.0
5400188  1.0
5400189  1.0
5400190  1.0
5400191  1.0
5400192  1.0
5400193  1.0
5400194  1.0
5400197  1.0
5400198  1.0
5400200  1.0
5400201  1.0
5400203  1.0
5400204  1.0
5400205  1.0
5400209  1.0
5400212  1.0
5400215  1.0
5400220  1.0
5400221  1.0
5400234  1.0
5400237  1.0
5400240  1.0
5400241  1.0
5400253  1.0
5400262  1.0
5500779  1.0
5500780  1.0
5500781  1.0
5500782  1.0
5600042  1.0
5600043  1.0
5600044  1.0
5600048  1.0
5600052  1.0
5600056  1.0
5600060  1.0
5600064  1.0
5600068  1.0
5600069  1.0
5600070  1.0
5600071  1.0
5600072  1.0
5600074  1.0
5600080  1.0
5600081  1.0
5600082  1.0
5600083  1.0
5600084  1.0
5600085  1.0
5600086  1.0
5600087  1.0
5600090  1.0
5600093  1.0
5600097  1.0
5700045  1.0
5700068  1.0
5700071  1.0
5700072  1.0
5700081  1.0
5700090  1.0
5700100  1.0
5700111  1.0
5700112  1.0
5700115  1.0
5700116  1.0
5700117  1.0
5700118  1.0
5700119  1.0
5700122  1.0
5700123  1.0
5700124  1.0
5700126  1.0
5700127  1.0
5700128  1.0
5700129  1.0
5700131  1.0
5700132  1.0
5700135  1.0
5700137  1.0
5700138  1.0
5700148  1.0
5700149  1.0
5700155  1.0
5700156  1.0
5700157  1.0
5700158  1.0
5700171  1.0
5700181  1.0
5700182  1.0
5700184  1.0
5700185  1.0
5700187  1.0
5700191  1.0
5700192  1.0
5700194  1.0
5700197  1.0
5700202  1.0
5700203  1.0
5700209  1.0
5700211  1.0
5700212  1.0
5700213  1.0
5700217  1.0
5700221  1.0
5700225  1.0
5700229  1.0
5700233  1.0
5700237  1.0
5700241  1.0
5800042  1.0
5800045  1.0
5800053  1.0
5800054  1.0
5800056  1.0
5800057  1.0
5800058  1.0
5800059  1.0
5800061  1.0
5800062  1.0
5800064  1.0
5800066  1.0
5800067  1.0
5800069  1.0
5800075  1.0
5800076  1.0
5800088  1.0
5800093  1.0
5800120  1.0
5800121  1.0
5800123  1.0
5800129  1.0
5800134  1.0
5800139  1.0
5800140  1.0
5800142  1.0
5800148  1.0
5800149  1.0
5800152  1.0
5800153  1.0
5800156  1.0
5800157  1.0
5800158  1.0
5800159  1.0
5800161  1.0
5800162  1.0
5800166  1.0
5800167  1.0
5800168  1.0
5800170  1.0
5800175  1.0
5800176  1.0
5800177  1.0
5800179  1.0
5800180  1.0
5800182  1.0
5800184  1.0
5800188  1.0
5800190  1.0
5800195  1.0
5800196  1.0
5800198  1.0
5900128  1.0
5900133  1.0
5900142  1.0
5900143  1.0
5900144  1.0
5900145  1.0
6000061  1.0
6000067  1.0
6000083  1.0
6000123  1.0
6100046  1.0
6100047  1.0
6100050  1.0
6100053  1.0
6100054  1.0
6100055  1.0
6100057  1.0
6100085  1.0
6100086  1.0
6100087  1.0
6100090  1.0
6100102  1.0
6100148  1.0
6100182  1.0
6200759  1.0
6200760  1.0
6200763  1.0
6200767  1.0
6200771  1.0
6300046  1.0
6300047  1.0
6300048  1.0
6300051  1.0
6300055  1.0
6300059  1.0
6300060  1.0
6300062  1.0
6300063  1.0
6300064  1.0
6300068  1.0
6300072  1.0
6300073  1.0
6300076  1.0
6300077  1.0
6300079  1.0
6300083  1.0
6300085  1.0
6300089  1.0
6300090  1.0
6300092  1.0
6300096  1.0
6300100  1.0
6300104  1.0
6300105  1.0
6300107  1.0
6300112  1.0
6300116  1.0
6300120  1.0
6300124  1.0
6300128  1.0
6300129  1.0
6300130  1.0
6300132  1.0
6300134  1.0
6300138  1.0
6400042  1.0
6400043  1.0
6400044  1.0
6400048  1.0
6400052  1.0
6400053  1.0
6400054  1.0
6400056  1.0
6400060  1.0
6400092  1.0
6400093  1.0
6400094  1.0
6400096  1.0
6400100  1.0
6400104  1.0
6400108  1.0
6500047  1.0
6500048  1.0
6500059  1.0
6500060  1.0
6500074  1.0
6500076  1.0
6500077  1.0
6500080  1.0
6500082  1.0
6500083  1.0
6500087  1.0
6500088  1.0
6500092  1.0
6500101  1.0
6500113  1.0
6500114  1.0
6500115  1.0
6500127  1.0
6500128  1.0
6500129  1.0
6500141  1.0
6500153  1.0
6500154  1.0
6500158  1.0
6500162  1.0
6500166  1.0
6500175  1.0
6500184  1.0
6500188  1.0
6500192  1.0
6500196  1.0
6500200  1.0
6500204  1.0
6500208  1.0
6500217  1.0
6600058  1.0
6600059  1.0
6600072  1.0
6600073  1.0
6600076  1.0
6600077  1.0
6600080  1.0
6600083  1.0
6600084  1.0
6600085  1.0
6600086  1.0
6600087  1.0
6600088  1.0
6600089  1.0
6600090  1.0
6600091  1.0
6600128  1.0
6600129  1.0
6600131  1.0
6600141  1.0
6600142  1.0
6600143  1.0
6600202  1.0
6600203  1.0
6600204  1.0
6600211  1.0
6600220  1.0
6600229  1.0
6600251  1.0
6600252  1.0
6700082  1.0
6700083  1.0
6700086  1.0
6700087  1.0
6700088  1.0
6700089  1.0
6700098  1.0
6700099  1.0
6700109  1.0
6700110  1.0
6700122  1.0
6700123  1.0
6700124  1.0
6700125  1.0
6700126  1.0
6700136  1.0
6700137  1.0
6700138  1.0
6700166  1.0
6700167  1.0
6700168  1.0
6700173  1.0
6700180  1.0
6700189  1.0
6700199  1.0
6700203  1.0
6700236  1.0
6700237  1.0
6800047  1.0
6800048  1.0
6800049  1.0
6800052  1.0
6800061  1.0
6800062  1.0
6800064  1.0
6800069  1.0
6800081  1.0
6800083  1.0
6800084  1.0
6800085  1.0
6800086  1.0
6800088  1.0
6800093  1.0
6800097  1.0
6800098  1.0
6800100  1.0
6800128  1.0
6800132  1.0
6800136  1.0
6800140  1.0
6800144  1.0
6900042  1.0
6900043  1.0
6900044  1.0
6900053  1.0
6900057  1.0
6900061  1.0
6900065  1.0
6900069  1.0
6900070  1.0
6900082  1.0
6900083  1.0
6900084  1.0
6900085  1.0
6900086  1.0
6900089  1.0
6900093  1.0
6900094  1.0
7000038  1.0
7000039  1.0
7000043  1.0
7000048  1.0
7000053  1.0
7000058  1.0
7000063  1.0
7100045  1.0
7100046  1.0
7100047  1.0
7100050  1.0
7100061  1.0
7100073  1.0
7100076  1.0
7100097  1.0
7100101  1.0
7100102  1.0
7100104  1.0
7100105  1.0
7100108  1.0
7100112  1.0
7100113  1.0
7100116  1.0
7100129  1.0
7100134  1.0
7100135  1.0
7100136  1.0
7100141  1.0
7100145  1.0
7100146  1.0
7100147  1.0
7100155  1.0
7100156  1.0
7100163  1.0
7100169  1.0
7100174  1.0
7100180  1.0
7100181  1.0
7100182  1.0
7100183  1.0
7100190  1.0
7100192  1.0
7100201  1.0
7100205  1.0
7100209  1.0
7100221  1.0
7100225  1.0
7100229  1.0
7100235  1.0
7100236  1.0
7100237  1.0
7100238  1.0
7100240  1.0
7100244  1.0
7200436  1.0
7200437  1.0
7200445  1.0
7200446  1.0
7200448  1.0
7200449  1.0
7200451  1.0
7200452  1.0
7200454  1.0
7200455  1.0
7200457  1.0
7200458  1.0
7200460  1.0
7200461  1.0
7200463  1.0
7200464  1.0
7200466  1.0
7200467  1.0
7200469  1.0
7200470  1.0
7200472  1.0
7200473  1.0
7200475  1.0
7200476  1.0
7200478  1.0
7200485  1.0
7200486  1.0
7200488  1.0
7200489  1.0
7200491  1.0
7200492  1.0
7200494  1.0
7200495  1.0
7200497  1.0
7200498  1.0
7200500  1.0
7200501  1.0
7200503  1.0
7200504  1.0
7200506  1.0
7200507  1.0
7200509  1.0
7200510  1.0
7200512  1.0
7200513  1.0
7200515  1.0
7200516  1.0
7200518  1.0
7200519  1.0
7200521  1.0
7200522  1.0
7200524  1.0
7200525  1.0
7200527  1.0
7200528  1.0
7200530  1.0
7200531  1.0
7200533  1.0
7200534  1.0
7200536  1.0
7200537  1.0
7200539  1.0
7200540  1.0
7200542  1.0
7200543  1.0
7200545  1.0
7200546  1.0
7200548  1.0
7200549  1.0
7200551  1.0
7200552  1.0
7200555  1.0
7200558  1.0
7200562  1.0
7300281  1.0
7300282  1.0
7300285  1.0
7300286  1.0
7300287  1.0
7300288  1.0
7300291  1.0
7300295  1.0
7300315  1.0
7300316  1.0
7300317  1.0
7300321  1.0
7300322  1.0
7300323  1.0
7300327  1.0
7300328  1.0
7300334  1.0
7300335  1.0
7300341  1.0
7300342  1.0
7300344  1.0
7300347  1.0
7300351  1.0
7300352  1.0
7300354  1.0
7300357  1.0
7300366  1.0
7300367  1.0
7300378  1.0
7400234  1.0
7700101  1.0
7800131  1.0
7800138  1.0
7800147  1.0
7800148  1.0
7800149  1.0
7800150  1.0
7800151  1.0
7900032  1.0
7900134  1.0
7900135  1.0
7900137  1.0
7900138  1.0
7900140  1.0
7900141  1.0
7900143  1.0
7900155  1.0
8000282  1.0
8000284  1.0
8000286  1.0
8000288  1.0
8000290  1.0
8000292  1.0
8000294  1.0
8000296  1.0
8000298  1.0
8000300  1.0
8000302  1.0
8000304  1.0
8000306  1.0
8000308  1.0
8000311  1.0
8000323  1.0
8000325  1.0
8000327  1.0
8000337  1.0
8000348  1.0
8100838  1.0
8100839  1.0
8100840  1.0
8100841  1.0
8100849  1.0
8100858  1.0
8100867  1.0
8100876  1.0
8100898  1.0
8100899  1.0
8100900  1.0
8100922  1.0
8100923  1.0
8100924  1.0
8100939  1.0
8100940  1.0
8100941  1.0
8100956  1.0
8100957  1.0
8100958  1.0
8100972  1.0
8100986  1.0
8100999  1.0
8200103  1.0
8200104  1.0
8200123  1.0
8200124  1.0
8200125  1.0
8200126  1.0
8200127  1.0
8200139  1.0
8200140  1.0
8200153  1.0
8200154  1.0
8200155  1.0
8200156  1.0
8200157  1.0
8200159  1.0
8200160  1.0
8200161  1.0
8200162  1.0
8200175  1.0
8200176  1.0
8200190  1.0
8200191  1.0
8200192  1.0
8200193  1.0
8200194  1.0
8200196  1.0
8200197  1.0
8200199  1.0
8200200  1.0
8200202  1.0
8200203  1.0
8200204  1.0
8200205  1.0
8200207  1.0
8200208  1.0
8200209  1.0
8200212  1.0
8200213  1.0
8200214  1.0
8200215  1.0
8200216  1.0
8200217  1.0
8200218  1.0
8200219  1.0
8200221  1.0
8200222  1.0
8200223  1.0
8200224  1.0
8200228  1.0
8200232  1.0
8200233  1.0
8200234  1.0
8200238  1.0
8200239  1.0
8200245  1.0
8200248  1.0
8200249  1.0
8200250  1.0
8200251  1.0
8200260  1.0
8200261  1.0
8200262  1.0
8200264  1.0
8200265  1.0
8200266  1.0
8200267  1.0
8200268  1.0
8200269  1.0
8200271  1.0
8200282  1.0
8200283  1.0
8200284  1.0
8200285  1.0
8200286  1.0
8200298  1.0
8200299  1.0
8200300  1.0
8200301  1.0
8200302  1.0
8200311  1.0
8200323  1.0
8200335  1.0
8200346  1.0
8200358  1.0
8200370  1.0
8200383  1.0
8200402  1.0
8200403  1.0
8200404  1.0
8200405  1.0
8200407  1.0
8200408  1.0
8200409  1.0
8200429  1.0
8200430  1.0
8200432  1.0
8200433  1.0
8200434  1.0
8200435  1.0
8200438  1.0
8200439  1.0
8200440  1.0
8200441  1.0
8200442  1.0
8200443  1.0
8200444  1.0
8200445  1.0
8200446  1.0
8200447  1.0
8200448  1.0
8200449  1.0
8200452  1.0
8200453  1.0
8200454  1.0
8200455  1.0
8200461  1.0
8200462  1.0
8200463  1.0
8200464  1.0
8200465  1.0
8200466  1.0
8200469  1.0
8200470  1.0
8200471  1.0
8200473  1.0
8200474  1.0
8200476  1.0
8200477  1.0
8200478  1.0
8200490  1.0
8200491  1.0
8200492  1.0
8200493  1.0
8200494  1.0
8200495  1.0
8200496  1.0
8200497  1.0
8200498  1.0
8200499  1.0
8200500  1.0
8200502  1.0
8200521  1.0
8200522  1.0
8200523  1.0
8200525  1.0
8200526  1.0
8200527  1.0
8200545  1.0
8200546  1.0
8200547  1.0
8200549  1.0
8200550  1.0
8200551  1.0
8200569  1.0
8200570  1.0
8200571  1.0
8200573  1.0
8200574  1.0
8200575  1.0
8200594  1.0
8200595  1.0
8200597  1.0
8200598  1.0
8200599  1.0
8200600  1.0
8200601  1.0
8200602  1.0
8200606  1.0
8200619  1.0
8200632  1.0
8200647  1.0
8200661  1.0
8200662  1.0
8200663  1.0
8200664  1.0
8200665  1.0
8200666  1.0
8200669  1.0
8200685  1.0
8200686  1.0
8200688  1.0
8200689  1.0
8200690  1.0
8200691  1.0
8200694  1.0
8200710  1.0
8200711  1.0
8200712  1.0
8200713  1.0
8200715  1.0
8200717  1.0
8200718  1.0
8200719  1.0
8200720  1.0
8200722  1.0
8200724  1.0
8200725  1.0
8200727  1.0
8200743  1.0
8200744  1.0
8200745  1.0
8200746  1.0
8200747  1.0
8200748  1.0
8200751  1.0
8200752  1.0
8200753  1.0
8200755  1.0
8200768  1.0
8200769  1.0
8200770  1.0
8200771  1.0
8200772  1.0
8200773  1.0
8200775  1.0
8200776  1.0
8200777  1.0
8200779  1.0
8200780  1.0
8200791  1.0
8200792  1.0
8200794  1.0
8200806  1.0
8200807  1.0
8200809  1.0
8300452  1.0
8300457  1.0
8300466  1.0
8300467  1.0
8300469  1.0
8300480  1.0
8300482  1.0
8300484  1.0
8300486  1.0
8300488  1.0
8300490  1.0
8300492  1.0
8300494  1.0
8300496  1.0
8300498  1.0
8300500  1.0
8300502  1.0
8300504  1.0
8300506  1.0
8300508  1.0
8300510  1.0
8300512  1.0
8300514  1.0
8300516  1.0
8300518  1.0
8300520  1.0
8300522  1.0
8300524  1.0
8300526  1.0
8300528  1.0
8300531  1.0
8300543  1.0
8300545  1.0
8300547  1.0
8300549  1.0
8300553  1.0
8300555  1.0
8300557  1.0
8300559  1.0
8300561  1.0
8300563  1.0
8300565  1.0
8300567  1.0
8300569  1.0
8300571  1.0
8300575  1.0
8300577  1.0
8300579  1.0
8300581  1.0
8300583  1.0
8300585  1.0
8300587  1.0
8300590  1.0
2100049  0.9997076878105817
2100050  0.9997076878105817
2100051  0.9997076878105817
2100055  0.9997076878105817
2100056  0.9997076878105817
2100057  0.9997076878105817
2100059  0.9997076878105817
2100070  0.9997076878105817
2100071  0.9997076878105817
2100072  0.9997076878105817
3100102  0.9997076878105817
4400227  0.9997076878105817
4400273  0.9997076878105817
4400327  0.9997076878105817
5900054  0.9997076878105817
2100053  0.9997074312463429
7900049  0.9996897300651567
7800109  0.9996764801035264
1301273  0.9996762706377469
3300123  0.999671592775041
4400200  0.9994155464640561
4800066  0.9994155464640561
7900071  0.9994155464640561
4200069  0.9991235758106923
7900080  0.9991235758106923
5900104  0.9990909090909091
5900105  0.9990909090909091
4200726  0.9990697674418605
7900117  0.9990167158308751
4800055  0.9987703658161697
3700054  0.9987325728770595
3700055  0.9987325728770595
5900063  0.9985401459854014
6000112  0.9983757444504602
6000113  0.9983757444504602
4400191  0.9982486865148862
4100096  0.998062015503876
4100097  0.998062015503876
4200058  0.997957397140356
4100079  0.9978494623655914
4100081  0.9978494623655914
4100142  0.9975845410628019
4100151  0.9965034965034965
1600054  0.9962132245849111
1600055  0.9962132245849111
1700063  0.9962132245849111
4100164  0.9961389961389961
6000132  0.9960687960687961
4200886  0.9960435212660732
4200887  0.9960435212660732
4200888  0.9960435212660732
4200890  0.9960435212660732
1100284  0.9959963042808746
1100319  0.9959349593495935
7700069  0.9956736711990112
1100287  0.9954923717059639
6000080  0.9952516619183286
4100127  0.9948979591836735
4100128  0.9948453608247423
5900043  0.9941860465116279
5900044  0.9941860465116279
5900045  0.9941860465116279
4100093  0.994069681245367
7700052  0.993897122929381
7700053  0.993897122929381
7700056  0.993897122929381
7700059  0.993897122929381
7700060  0.993897122929381
7800047  0.993897122929381
7800048  0.993897122929381
7800051  0.993897122929381
7800052  0.993897122929381
7900062  0.9936027915091596
8300475  0.9933774834437086
3100057  0.9933333333333333
6000081  0.9932614555256065
4200792  0.9925857275254866
4200253  0.992497320471597
2200041  0.992
2200044  0.992
2200059  0.992
2200063  0.992
2200050  0.9908256880733946
5900114  0.9908256880733946
5900115  0.9908256880733946
1000556  0.9907692307692307
4100155  0.9904430929626412
6000058  0.9904430929626412
6000060  0.9904430929626412
6000064  0.9904430929626412
6000065  0.9904430929626412
6000066  0.9904430929626412
6000070  0.9904430929626412
6000071  0.9904430929626412
8000278  0.9901563404748118
1100088  0.98989898989899
3100049  0.9897260273972602
2200053  0.989247311827957
7900125  0.9887005649717514
7900038  0.9884393063583815
7900044  0.9884393063583815
7900045  0.9884393063583815
7600532  0.9859154929577465
5900109  0.9852941176470589
5900110  0.9852941176470589
4100094  0.9842829076620825
1300238  0.9833333333333333
4800141  0.9817351598173516
3201569  0.9803921568627451
3300111  0.9803921568627451
4100049  0.9799426934097422
4100051  0.9799426934097422
4100055  0.9799426934097422
4100056  0.9799426934097422
4100060  0.9799426934097422
4100061  0.9799426934097422
4400378  0.9761092150170648
1301256  0.9722222222222222
4400182  0.9715909090909091
4200050  0.9699376063528077
4200051  0.9699376063528077
4200054  0.9699376063528077
4200055  0.9699376063528077
1800033  0.9696626027785653
4400073  0.9691130631907056
4400076  0.9691130631907056
4400079  0.9691130631907056
4400082  0.9691130631907056
4400085  0.9691130631907056
4400088  0.9691130631907056
4400091  0.9691130631907056
4400094  0.9691130631907056
4400097  0.9691130631907056
4400100  0.9691130631907056
4400103  0.9691130631907056
4400106  0.9691130631907056
4400110  0.9691130631907056
4400113  0.9691130631907056
4400116  0.9691130631907056
4400119  0.9691130631907056
4400122  0.9691130631907056
4400125  0.9691130631907056
4400128  0.9691130631907056
4400131  0.9691130631907056
4400134  0.9691130631907056
4400137  0.9691130631907056
4400140  0.9691130631907056
4400153  0.9691130631907056
4400154  0.9691130631907056
4400155  0.9691130631907056
7400141  0.9691130631907056
7400169  0.9691130631907056
7400205  0.9691130631907056
8300444  0.9691130631907056
8300445  0.9691130631907056
8300446  0.9691130631907056
8300447  0.9691130631907056
8300448  0.9691130631907056
7400196  0.9688385269121813
1300273  0.967741935483871
1300276  0.967741935483871
1300279  0.967741935483871
1300282  0.967741935483871
1300285  0.967741935483871
1300287  0.967741935483871
1300288  0.967741935483871
1300293  0.967741935483871
1300296  0.967741935483871
1300297  0.967741935483871
4100067  0.9666666666666667
4800047  0.9663746821135915
4800048  0.9663746821135915
4800051  0.9663746821135915
4800052  0.9663746821135915
1300291  0.9655172413793104
2000030  0.9609440854172521
4200062  0.9595959595959596
1300307  0.9583333333333334
1300310  0.9583333333333334
1300311  0.9583333333333334
8300463  0.9565217391304348
4200850  0.9552238805970149
8300464  0.9540229885057472
4200094  0.9516129032258065
5900127  0.95
7400105  0.9481563626282229
4200168  0.9478260869565217
1100041  0.9472333143183115
1100043  0.9472333143183115
1100049  0.9472333143183115
1100050  0.9472333143183115
1100051  0.9472333143183115
1100052  0.9472333143183115
1100053  0.9472333143183115
1100054  0.9472333143183115
1100055  0.9472333143183115
1100056  0.9472333143183115
1100057  0.9472333143183115
1100058  0.9472333143183115
1100059  0.9472333143183115
1100060  0.9472333143183115
1100061  0.9472333143183115
1100062  0.9472333143183115
1100065  0.9472333143183115
1100068  0.9472333143183115
1100069  0.9472333143183115
7600526  0.9472333143183115
7400178  0.9465817879878218
7400187  0.9457964601769911
7400160  0.9447513812154696
7400132  0.9424083769633508
7400151  0.9413707679603633
1300134  0.9405215353061822
1300135  0.9405215353061822
1300136  0.9405215353061822
1300137  0.9405215353061822
1300138  0.9405215353061822
1300139  0.9405215353061822
1300142  0.9405215353061822
1300143  0.9405215353061822
1300144  0.9405215353061822
1300149  0.9405215353061822
1300154  0.9405215353061822
1300155  0.9405215353061822
1300158  0.9405215353061822
1300160  0.9405215353061822
1300162  0.9405215353061822
1300148  0.940504103165299
1100100  0.9400487974904148
1100101  0.9400487974904148
1100102  0.9400487974904148
1100161  0.9400487974904148
1100162  0.9400487974904148
1100165  0.9400487974904148
1000547  0.9399860432658758
1000548  0.9399860432658758
1000549  0.9399860432658758
1100114  0.9399860432658758
1100115  0.9399860432658758
1100116  0.9399860432658758
1100318  0.9384615384615385
1300776  0.9375
1300777  0.9375
2400043  0.9375
2400044  0.9375
4200835  0.9375
7400114  0.9372430802959715
7400123  0.936986301369863
8300541  0.935483870967742
4400041  0.9333333333333333
1300175  0.933003300330033
1300176  0.933003300330033
1300179  0.933003300330033
1300182  0.933003300330033
1300183  0.933003300330033
1300184  0.933003300330033
1300185  0.933003300330033
7900121  0.9318181818181819
2400053  0.9259259259259259
4200746  0.9253731343283582
1100321  0.9230769230769231
1900055  0.9230769230769231
1900056  0.9230769230769231
1900057  0.9230769230769231
1900064  0.9230769230769231
1900065  0.9230769230769231
1900082  0.9230769230769231
1900083  0.9230769230769231
3300127  0.92
3300128  0.9183673469387755
1900066  0.9166666666666666
1900068  0.9166666666666666
1900086  0.9166666666666666
1900087  0.9166666666666666
1900088  0.9166666666666666
4200839  0.9166666666666666
4200829  0.9117647058823529
4200830  0.9117647058823529
4200831  0.9117647058823529
4200833  0.9117647058823529
1300816  0.9090909090909091
1300817  0.9090909090909091
2400048  0.9090909090909091
2400049  0.9090909090909091
1300094  0.9050013231013496
1300116  0.9050013231013496
1300117  0.9050013231013496
1300118  0.9050013231013496
1300443  0.9050013231013496
1300444  0.9050013231013496
1300446  0.9050013231013496
1300447  0.9050013231013496
1300451  0.9050013231013496
1300454  0.9050013231013496
1300457  0.9050013231013496
1300458  0.9050013231013496
1300459  0.9050013231013496
1300471  0.9050013231013496
1300474  0.9050013231013496
1300475  0.9050013231013496
1300484  0.9050013231013496
1300486  0.9050013231013496
1300488  0.9050013231013496
1300491  0.9050013231013496
1300494  0.9050013231013496
1300498  0.9050013231013496
1300539  0.9050013231013496
1300540  0.9050013231013496
1300542  0.9050013231013496
1300543  0.9050013231013496
1300554  0.9050013231013496
1300556  0.9050013231013496
1300557  0.9050013231013496
1300566  0.9050013231013496
1300568  0.9050013231013496
1300569  0.9050013231013496
1300572  0.9050013231013496
1300714  0.9050013231013496
1300715  0.9050013231013496
1300718  0.9050013231013496
1300719  0.9050013231013496
1300731  0.9050013231013496
2400037  0.9050013231013496
2400039  0.9050013231013496
2400040  0.9050013231013496
2400099  0.9050013231013496
3100038  0.9050013231013496
3100039  0.9050013231013496
3100040  0.9050013231013496
3100041  0.9050013231013496
3100042  0.9050013231013496
3100088  0.9050013231013496
3100089  0.9050013231013496
3900082  0.9050013231013496
3900083  0.9050013231013496
3900106  0.9050013231013496
3900107  0.9050013231013496
3900110  0.9050013231013496
3900111  0.9050013231013496
3900114  0.9050013231013496
3900115  0.9050013231013496
3900117  0.9050013231013496
3900118  0.9050013231013496
3900121  0.9050013231013496
3900123  0.9050013231013496
3900124  0.9050013231013496
3900135  0.9050013231013496
3900139  0.9050013231013496
3900140  0.9050013231013496
3900144  0.9050013231013496
3900149  0.9050013231013496
3900151  0.9050013231013496
3900152  0.9050013231013496
3900153  0.9050013231013496
3900154  0.9050013231013496
3900173  0.9050013231013496
3900195  0.9050013231013496
3900198  0.9050013231013496
3900199  0.9050013231013496
3900200  0.9050013231013496
3900204  0.9050013231013496
3900213  0.9050013231013496
3900251  0.9050013231013496
3900252  0.9050013231013496
3900254  0.9050013231013496
3900257  0.9050013231013496
3900259  0.9050013231013496
3900261  0.9050013231013496
3900262  0.9050013231013496
3900273  0.9050013231013496
3900274  0.9050013231013496
3900275  0.9050013231013496
3900276  0.9050013231013496
3900280  0.9050013231013496
3900281  0.9050013231013496
3900283  0.9050013231013496
3900286  0.9050013231013496
3900288  0.9050013231013496
1300205  0.9048502517890273
1300208  0.9048502517890273
1300211  0.9048502517890273
1300212  0.9048502517890273
1300213  0.9048502517890273
2500740  0.9048502517890273
2500747  0.9048502517890273
2500748  0.9048502517890273
2500749  0.9048502517890273
2500750  0.9048502517890273
2500751  0.9048502517890273
2600482  0.9048502517890273
2600504  0.9048502517890273
2600505  0.9048502517890273
2600509  0.9048502517890273
2600510  0.9048502517890273
2600511  0.9048502517890273
2600512  0.9048502517890273
2600513  0.9048502517890273
2600514  0.9048502517890273
2600515  0.9048502517890273
3000095  0.9048502517890273
3000098  0.9048502517890273
3000110  0.9048502517890273
3000119  0.9048502517890273
3000183  0.9048502517890273
3000184  0.9048502517890273
3000187  0.9048502517890273
3000188  0.9048502517890273
3000192  0.9048502517890273
3000193  0.9048502517890273
3000194  0.9048502517890273
3000195  0.9048502517890273
3000196  0.9048502517890273
3000200  0.9048502517890273
3000201  0.9048502517890273
3000202  0.9048502517890273
3000203  0.9048502517890273
3000204  0.9048502517890273
3000205  0.9048502517890273
3000209  0.9048502517890273
3201344  0.9048502517890273
3201345  0.9048502517890273
3201346  0.9048502517890273
3201347  0.9048502517890273
3201350  0.9048502517890273
3201351  0.9048502517890273
3201352  0.9048502517890273
3201353  0.9048502517890273
3201354  0.9048502517890273
3201356  0.9048502517890273
3201357  0.9048502517890273
3201358  0.9048502517890273
3201359  0.9048502517890273
3201362  0.9048502517890273
3201363  0.9048502517890273
3201367  0.9048502517890273
3201370  0.9048502517890273
3201373  0.9048502517890273
3201374  0.9048502517890273
3201375  0.9048502517890273
3201378  0.9048502517890273
3201503  0.9048502517890273
3201504  0.9048502517890273
3201505  0.9048502517890273
3201506  0.9048502517890273
3201507  0.9048502517890273
3201508  0.9048502517890273
3201509  0.9048502517890273
3300039  0.9048502517890273
3300042  0.9048502517890273
3300045  0.9048502517890273
3300048  0.9048502517890273
3300061  0.9048502517890273
3300062  0.9048502517890273
3300068  0.9048502517890273
3300071  0.9048502517890273
3300084  0.9048502517890273
3300087  0.9048502517890273
3300088  0.9048502517890273
3300089  0.9048502517890273
3401169  0.9048502517890273
3401179  0.9048502517890273
3401180  0.9048502517890273
3401181  0.9048502517890273
3401182  0.9048502517890273
3401183  0.9048502517890273
3900146  0.9048502517890273
3900223  0.9048502517890273
3900225  0.9048502517890273
3900226  0.9048502517890273
3900227  0.9048502517890273
3900228  0.9048502517890273
3900235  0.9048502517890273
3900236  0.9048502517890273
3900239  0.9048502517890273
7400243  0.9047619047619048
4200227  0.9032258064516129
7400060  0.9018987341772152
7400062  0.9018987341772152
7400064  0.9018987341772152
7400066  0.9018987341772152
7400068  0.9018987341772152
7400070  0.9018987341772152
7400072  0.9018987341772152
7400074  0.9018987341772152
7400076  0.9018987341772152
7400078  0.9018987341772152
7400080  0.9018987341772152
7400082  0.9018987341772152
7400094  0.9018987341772152
7400095  0.9018987341772152
7400096  0.9018987341772152
8000259  0.9018987341772152
8000260  0.9018987341772152
8000261  0.9018987341772152
3100061  0.9
3100092  0.9
3100093  0.9
4200618  0.896551724137931
4200619  0.8947368421052632
6000096  0.8888888888888888
6000097  0.8888888888888888
6000100  0.8888888888888888
7700073  0.8888888888888888
1300769  0.8823529411764706
1300772  0.8823529411764706
1300773  0.8823529411764706
2200243  0.875
2200252  0.875
2200261  0.875
2200270  0.875
2200279  0.875
2200288  0.875
2200289  0.875
2200290  0.875
2200292  0.875
2200301  0.875
2200310  0.875
3100091  0.875
7400216  0.8709677419354839
1300377  0.865979381443299
1300380  0.865979381443299
1300381  0.865979381443299
1300384  0.865979381443299
1300385  0.865979381443299
1300391  0.865979381443299
1300392  0.865979381443299
1300393  0.865979381443299
1300658  0.8645833333333334
1300378  0.8571428571428572
1300656  0.8571428571428572
1300657  0.8571428571428572
1300664  0.8571428571428572
1300665  0.8571428571428572
1300666  0.8571428571428572
1300668  0.8571428571428572
1300669  0.8571428571428572
1300670  0.8571428571428572
1300671  0.8571428571428572
1300672  0.8571428571428572
1300673  0.8571428571428572
3700132  0.8571428571428572
3700133  0.8571428571428572
3700134  0.8571428571428572
3700136  0.8571428571428572
4200461  0.8571428571428572
4200462  0.8571428571428572
4200464  0.8571428571428572
4200704  0.8571428571428572
4200716  0.8571428571428572
1301291  0.8518518518518519
7501307  0.8518518518518519
7501308  0.8518518518518519
7501309  0.8518518518518519
7501312  0.8518518518518519
7501313  0.8518518518518519
7501316  0.8518518518518519
7501317  0.8518518518518519
7501320  0.8518518518518519
1300402  0.8461538461538461
4200834  0.8421052631578947
1300794  0.8333333333333334
1300809  0.8333333333333334
1300810  0.8333333333333334
1300812  0.8333333333333334
1300813  0.8333333333333334
4200267  0.8333333333333334
4200153  0.8235294117647058
4100110  0.813953488372093
4200668  0.8085106382978724
3100045  0.8
4200836  0.8
4800123  0.8
4800135  0.8
7900148  0.8
7900149  0.8
4100111  0.7948717948717949
4100112  0.7948717948717949
4800059  0.7777777777777778
1300386  0.75
1300387  0.75
1300388  0.75
1300869  0.75
1301281  0.75
1300209  0.7142857142857143
1300345  0.7142857142857143
1300348  0.7142857142857143
3100098  0.7142857142857143
4200903  0.7
4200904  0.7
4200906  0.7
4200907  0.7
4200909  0.7
4200911  0.7
4200927  0.7
4200928  0.7
4200930  0.7
4200931  0.7
4200933  0.7
4200935  0.7
4200937  0.7
4200955  0.7
4200956  0.7
4200958  0.7
4200959  0.7
4200961  0.7
4200963  0.7
4200964  0.7
4200970  0.7
4200971  0.7
4200973  0.7
1300289  0.6666666666666667
1900059  0.6666666666666667
1900060  0.6666666666666667
1900343  0.6666666666666667
3201622  0.6666666666666667
3201625  0.6666666666666667
3201626  0.6666666666666667
3201627  0.6666666666666667
3300130  0.6666666666666667
3300131  0.6666666666666667
4200913  0.6666666666666667
4200966  0.6666666666666667
4200994  0.6666666666666667
1300330  0.625
1300333  0.625
1300334  0.625
1300339  0.625
1300340  0.625
1300341  0.625
1300344  0.625
1300347  0.625
1300583  0.625
1300584  0.625
1300586  0.625
1300587  0.625
1300588  0.625
1300589  0.625
1300590  0.625
1300591  0.625
1300592  0.625
1300593  0.625
1300594  0.625
1300595  0.625
1300596  0.625
1300597  0.625
1300598  0.625
1300599  0.625
1300600  0.625
1300601  0.625
1300602  0.625
1300603  0.625
1300604  0.625
1300605  0.625
1300606  0.625
1300607  0.625
1300608  0.625
1300609  0.625
1300610  0.625
1300611  0.625
1300612  0.625
1300613  0.625
1300614  0.625
1300615  0.625
1300616  0.625
1300617  0.625
1300618  0.625
1300619  0.625
1300620  0.625
1300622  0.625
1300215  0.6206896551724138
1300216  0.6206896551724138
1300217  0.6206896551724138
1300220  0.6206896551724138
1300221  0.6206896551724138
4200052  0.6
4201003  0.6
3900141  0.59375
1300628  0.5806451612903225
1300643  0.5806451612903225
1300695  0.5806451612903225
1300696  0.5806451612903225
1300700  0.5806451612903225
1500628  0.5806451612903225
1500631  0.5806451612903225
1500634  0.5806451612903225
4200106  0.5714285714285714
4200180  0.5714285714285714
1300660  0.5384615384615384
1300661  0.5384615384615384
8000266  0.5257731958762887
8000267  0.5257731958762887
1300224  0.5
1300754  0.5
1300770  0.5
1300838  0.5
1300839  0.5
1300841  0.5
3100053  0.5
3100065  0.5
3100069  0.5
4100052  0.5
4100057  0.5
5900129  0.5
5900130  0.5
5900131  0.5
7800130  0.5
7800132  0.5
7800133  0.5
7800134  0.5
8300551  0.5
8300573  0.5
2200077  0.4
2200189  0.4
2200190  0.4
2200191  0.4
2200192  0.4
2200193  0.4
2200194  0.4
2200195  0.4
2200196  0.4
2200197  0.4
2200198  0.4
4200522  0.4
4200545  0.4
4200669  0.4
4200670  0.4
1300352  0.33333333333333337
1300353  0.33333333333333337
1300354  0.33333333333333337
2200074  0.33333333333333337
2200076  0.33333333333333337
2200079  0.33333333333333337
2200080  0.33333333333333337
2200081  0.33333333333333337
2200084  0.33333333333333337
2200086  0.33333333333333337
4100114  0.33333333333333337
8000321  0.3191489361702128
4200635  0.25
8000331  0.1875
8000333  0.1875
8000269  0.16666666666666663
8000270  0.16666666666666663
8000339  0.1578947368421053
8000341  0.1578947368421053
8000343  0.1578947368421053
8000345  0.1578947368421053
8000329  0.1428571428571429
8000335  0.1428571428571429
1300180  0.0
1300206  0.0
1300218  0.0
1300274  0.0
1300277  0.0
1300280  0.0
1300283  0.0
1300331  0.0
1300335  0.0
1300342  0.0
1300355  0.0
1300356  0.0
1300357  0.0
1300358  0.0
1300360  0.0
1300361  0.0
1300415  0.0
1300429  0.0
1300430  0.0
1300433  0.0
1300434  0.0
1300448  0.0
1300452  0.0
1300455  0.0
1300477  0.0
1300478  0.0
1300479  0.0
1300480  0.0
1300511  0.0
1300525  0.0
1300526  0.0
1300529  0.0
1300530  0.0
1300559  0.0
1300562  0.0
1300676  0.0
1300677  0.0
1300678  0.0
1300679  0.0
1300680  0.0
1300681  0.0
1300684  0.0
1300685  0.0
1300686  0.0
1300716  0.0
1300774  0.0
1300780  0.0
1300814  0.0
1300820  0.0
1900540  0.0
2100275  0.0
2200150  0.0
2200151  0.0
2200152  0.0
2200153  0.0
2200154  0.0
2200155  0.0
2200156  0.0
2200157  0.0
2200158  0.0
2200159  0.0
2200207  0.0
2200208  0.0
2200209  0.0
2200210  0.0
2200211  0.0
2200212  0.0
2200213  0.0
2200214  0.0
2200215  0.0
2200216  0.0
2200225  0.0
2200226  0.0
2200227  0.0
2200228  0.0
2200229  0.0
2200230  0.0
2200231  0.0
2200232  0.0
2200233  0.0
2200234  0.0
2400054  0.0
3000121  0.0
3100077  0.0
3100078  0.0
3100081  0.0
3300133  0.0
4200832  0.0
4800049  0.0
4800079  0.0
4800091  0.0
4800111  0.0
4800165  0.0
5900076  0.0
5900088  0.0
5900100  0.0
6000144  0.0
7700054  0.0
7800049  0.0
7800055  0.0
7800059  0.0
7800063  0.0
7800067  0.0
7800071  0.0
7800072  0.0
7800076  0.0
7800077  0.0
7800081  0.0
7800082  0.0
7800086  0.0
7800087  0.0
7800091  0.0
7800092  0.0
7800096  0.0
7800097  0.0
7800101  0.0
7800105  0.0
7800119  0.0
7900053  0.0
7900085  0.0
7900089  0.0
7900093  0.0
7900097  0.0
7900101  0.0
7900105  0.0
7900109  0.0
7900113  0.0
7900129  0.0
7900164  0.0
7900171  0.0
1100066  nan
1100163  nan
1100399  nan
1100400  nan
1100441  nan
1100442  nan
1300152  nan
1300156  nan
1300177  nan
1300294  nan
1300295  nan
1300308  nan
1300431  nan
1300482  nan
1300489  nan
1300490  nan
1300495  nan
1300527  nan
1300560  nan
1300561  nan
1300564  nan
1300953  nan
1301011  nan
1301015  nan
1301021  nan
1301035  nan
1301169  nan
1400057  nan
1400058  nan
1500637  nan
1500640  nan
1600203  nan
1600337  nan
1600346  nan
1600355  nan
1600366  nan
1600375  nan
1600384  nan
1600395  nan
1600404  nan
1600413  nan
1600424  nan
1600433  nan
1600442  nan
1600453  nan
1600462  nan
1600471  nan
1600480  nan
1600491  nan
1600504  nan
1600513  nan
1600522  nan
1600533  nan
1600542  nan
1600553  nan
1600562  nan
1600571  nan
1600582  nan
1600591  nan
1600602  nan
1600611  nan
1600620  nan
1600629  nan
1600640  nan
1600649  nan
1600669  nan
2100079  nan
2100101  nan
2100110  nan
2100119  nan
2100128  nan
2100137  nan
2100146  nan
2100155  nan
2100164  nan
2100173  nan
2100243  nan
2100244  nan
2100245  nan
2100246  nan
2100248  nan
2100250  nan
2100259  nan
2100268  nan
2200314  nan
2200323  nan
2200324  nan
2200325  nan
2200326  nan
2200328  nan
2500754  nan
2500781  nan
2500790  nan
2600506  nan
2600524  nan
2600525  nan
2600527  nan
2600537  nan
2600552  nan
2600594  nan
2600610  nan
2600611  nan
2600612  nan
2600630  nan
2600642  nan
2600673  nan
2600674  nan
2600675  nan
2600676  nan
2600678  nan
2600680  nan
2600692  nan
2600693  nan
2600694  nan
2600695  nan
2600697  nan
2600699  nan
2600722  nan
2900110  nan
3000096  nan
3000115  nan
3000123  nan
3000217  nan
3000334  nan
3000353  nan
3000384  nan
3000386  nan
3000388  nan
3000431  nan
3000432  nan
3000444  nan
3000471  nan
3100084  nan
3201365  nan
3201368  nan
3201369  nan
3201394  nan
3201407  nan
3201446  nan
3201447  nan
3201448  nan
3201451  nan
3201452  nan
3201453  nan
3201454  nan
3201455  nan
3201464  nan
3201474  nan
3201522  nan
3201541  nan
3201560  nan
3201563  nan
3201584  nan
3201596  nan
3201606  nan
3201618  nan
3201623  nan
3201637  nan
3201651  nan
3201679  nan
3201681  nan
3201698  nan
3201724  nan
3300040  nan
3300041  nan
3300050  nan
3300052  nan
3300053  nan
3300054  nan
3300055  nan
3300056  nan
3300058  nan
3300069  nan
3401198  nan
3401213  nan
3401218  nan
3401220  nan
3401228  nan
3401230  nan
3401232  nan
3401233  nan
3401235  nan
3401257  nan
3401259  nan
3401261  nan
3401262  nan
3401264  nan
3401272  nan
3401274  nan
3401276  nan
3401277  nan
3401279  nan
3401287  nan
3401297  nan
3401319  nan
3401321  nan
3401327  nan
3401329  nan
3401330  nan
3401332  nan
3500984  nan
3501036  nan
3501037  nan
3501056  nan
3501114  nan
3600086  nan
3700046  nan
3800824  nan
3800833  nan
3900058  nan
3900061  nan
3900064  nan
3900096  nan
3900097  nan
3900108  nan
3900136  nan
3900157  nan
3900182  nan
3900183  nan
3900202  nan
3900205  nan
3900210  nan
3900229  nan
3900230  nan
3900231  nan
3900232  nan
3900234  nan
3900238  nan
3900256  nan
3900258  nan
3900260  nan
3900284  nan
3900285  nan
4000071  nan
4000093  nan
4000094  nan
4000095  nan
4000097  nan
4000119  nan
4200320  nan
4200340  nan
4200403  nan
4200425  nan
4200595  nan
4300134  nan
4300201  nan
4300202  nan
4500159  nan
4500161  nan
4500162  nan
4500165  nan
4500166  nan
4500167  nan
4500168  nan
4500170  nan
4500171  nan
4500172  nan
4500173  nan
4500174  nan
4500176  nan
4500177  nan
4500178  nan
4500182  nan
4500185  nan
4500189  nan
4500190  nan
4500192  nan
4500193  nan
4500194  nan
4500195  nan
4500198  nan
4500200  nan
4500224  nan
4500365  nan
4600119  nan
4600120  nan
4600123  nan
4600124  nan
4600126  nan
4600127  nan
4600128  nan
4600129  nan
4600131  nan
4600132  nan
4600134  nan
4600146  nan
4700170  nan
4700196  nan
4900062  nan
4900066  nan
4900070  nan
4900074  nan
4900078  nan
4900082  nan
4900086  nan
4900087  nan
4900088  nan
4900090  nan
4900106  nan
4900110  nan
4900117  nan
5000103  nan
5100140  nan
5300406  nan
5300457  nan
5300458  nan
5300459  nan
5300469  nan
5300470  nan
5300471  nan
5300574  nan
5300578  nan
5300595  nan
5300611  nan
5300620  nan
5300621  nan
5300622  nan
5300627  nan
5400056  nan
5400060  nan
5400063  nan
5400089  nan
5400093  nan
5400094  nan
5400096  nan
5400097  nan
5400099  nan
5400100  nan
5400102  nan
5400210  nan
5400213  nan
5400235  nan
5400238  nan
5600076  nan
5600104  nan
6100048  nan
6100061  nan
6100065  nan
6100069  nan
6100073  nan
6100077  nan
6100081  nan
6100088  nan
6100094  nan
6100098  nan
6100111  nan
6100120  nan
6100129  nan
6100138  nan
6100158  nan
6100168  nan
6100178  nan
6100186  nan
6100190  nan
6100194  nan
6100198  nan
6100202  nan
6300145  nan
6400064  nan
6400068  nan
6400072  nan
6400076  nan
6400080  nan
6400112  nan
6400116  nan
6400123  nan
6500085  nan
6500090  nan
6600074  nan
6600078  nan
6600101  nan
6600102  nan
6600113  nan
6600114  nan
6600115  nan
6600116  nan
6600117  nan
6600118  nan
6600119  nan
6600120  nan
6600121  nan
6600122  nan
6600123  nan
6600124  nan
6600145  nan
6600158  nan
6600170  nan
6600182  nan
6600186  nan
6600190  nan
6600233  nan
6600234  nan
6600238  nan
6600247  nan
6600254  nan
6700054  nan
6700056  nan
6700057  nan
6700060  nan
6700061  nan
6700062  nan
6700064  nan
6700067  nan
6700068  nan
6700069  nan
6700084  nan
6700140  nan
6700154  nan
6700207  nan
6700211  nan
6700215  nan
6700219  nan
6700223  nan
6700232  nan
6700239  nan
6800105  nan
6800106  nan
6800108  nan
6800114  nan
6800119  nan
6800124  nan
6800151  nan
6900074  nan
6900075  nan
6900076  nan
6900078  nan
6900101  nan
7100074  nan
7100080  nan
7100093  nan
7100098  nan
7100109  nan
7100114  nan
7100157  nan
7100213  nan
7100217  nan
7100251  nan
7200479  nan
7300283  nan
7300299  nan
7300303  nan
7300307  nan
7300311  nan
7300345  nan
7300355  nan
7300361  nan
7300368  nan
7300369  nan
7300370  nan
7300373  nan
7700057  nan
7700077  nan
7700081  nan
7700085  nan
7700089  nan
7700093  nan
7700097  nan
7900151  nan
8000272  nan
8200229  nan
8200235  nan
8200450  nan
