1600660  inf
2900099  inf
2900100  inf
2900101  inf
2900102  inf
2900103  inf
2900288  inf
2900308  inf
2900319  inf
2900320  inf
2900323  inf
2900327  inf
2900328  inf
2900329  inf
2900330  inf
2900331  inf
2900332  inf
2900333  inf
2900334  inf
2900335  inf
2900336  inf
2900337  inf
2900338  inf
2900343  inf
2900344  inf
2900345  inf
2900346  inf
2900347  inf
2900348  inf
2900349  inf
2900350  inf
2900351  inf
2900352  inf
2900353  inf
2900354  inf
2900355  inf
2900356  inf
2900357  inf
2900358  inf
2900359  inf
2900360  inf
2900361  inf
2900362  inf
2900363  inf
2900364  inf
2900365  inf
2900369  inf
2900370  inf
2900385  inf
2900386  inf
4000043  inf
4000044  inf
4000045  inf
4300050  inf
4300076  inf
4300077  inf
4300079  inf
4300081  inf
4300083  inf
4300085  inf
4300087  inf
4300090  inf
4300093  inf
4300096  inf
4300099  inf
4300102  inf
4300105  inf
4300108  inf
4300111  inf
4300114  inf
4300117  inf
4300120  inf
4300121  inf
4300126  inf
4300131  inf
4300133  inf
4300138  inf
4300139  inf
4300250  inf
4300251  inf
4300252  inf
4300253  inf
4300254  inf
4300255  inf
4300256  inf
4300258  inf
4300259  inf
4300260  inf
4300261  inf
4300262  inf
4300263  inf
4300264  inf
4300265  inf
4300266  inf
4300267  inf
4300268  inf
4300273  inf
4300274  inf
4300277  inf
4300279  inf
4300281  inf
4300283  inf
4300285  inf
4300288  inf
4300289  inf
4300290  inf
4300291  inf
4300292  inf
4300293  inf
4300294  inf
4300296  inf
4300298  inf
4300303  inf
4300304  inf
4300305  inf
4300306  inf
4400164  inf
4400173  inf
4400209  inf
4400218  inf
4400236  inf
4400245  inf
4400254  inf
4400264  inf
4400282  inf
4400291  inf
4400300  inf
4400309  inf
4400318  inf
4400336  inf
4400345  inf
4400354  inf
4400363  inf
4500052  inf
4500053  inf
4500054  inf
4500055  inf
4500056  inf
4600056  inf
4600057  inf
4600058  inf
4600059  inf
4600138  inf
4700152  inf
4700153  inf
4700154  inf
5000055  inf
5000056  inf
5000059  inf
5000062  inf
5000063  inf
5000071  inf
5000087  inf
5000091  inf
5100046  inf
5100047  inf
5100048  inf
5600042  inf
5600043  inf
5600044  inf
6100046  inf
6100047  inf
6100050  inf
6200759  inf
6200760  inf
6300046  inf
6300047  inf
6300048  inf
6300120  inf
6400042  inf
6400043  inf
6400044  inf
6400048  inf
6400100  inf
6400104  inf
6500047  inf
6500048  inf
6500059  inf
6500060  inf
6500074  inf
6500076  inf
6500080  inf
6500082  inf
6500083  inf
6500087  inf
6500088  inf
6500092  inf
6500175  inf
6500184  inf
6600058  inf
6600059  inf
6600072  inf
6600073  inf
6600076  inf
6600077  inf
6600080  inf
6600083  inf
6600084  inf
6600085  inf
6600086  inf
6600087  inf
6600088  inf
6600089  inf
6600090  inf
6600091  inf
6600211  inf
6700082  inf
6700083  inf
6700086  inf
6700087  inf
6700088  inf
6700089  inf
6700098  inf
6700099  inf
6700109  inf
6700110  inf
6700122  inf
6700123  inf
6700124  inf
6700125  inf
6700126  inf
6700189  inf
6700199  inf
6800047  inf
6800048  inf
6800049  inf
6900042  inf
6900043  inf
6900044  inf
7000038  inf
7000039  inf
7100045  inf
7100046  inf
7100047  inf
7200436  inf
7200437  inf
8300452  inf
2100049  11696400.0
2100050  11696400.0
2100051  11696400.0
2100055  11696400.0
2100056  11696400.0
2100057  11696400.0
2100059  11696400.0
2100070  11696400.0
2100071  11696400.0
2100072  11696400.0
3100102  11696400.0
4400227  11696400.0
4400273  11696400.0
4400327  11696400.0
5900054  11696400.0
4400200  5848200.0
4800066  5848200.0
7900071  5848200.0
2900268  5841362.0
4200069  3898800.0
7900080  3898800.0
2100092  3891963.0
2900156  3891963.0
2900160  3891963.0
2900164  3891963.0
2900168  3891963.0
2900172  3891963.0
2900176  3891963.0
2900180  3891963.0
2900184  3891963.0
2900188  3891963.0
2900192  3891963.0
2900196  3891963.0
2900200  3891963.0
2900204  3891963.0
2900208  3891963.0
2900212  3891963.0
2900216  3891963.0
2900220  3891963.0
2900224  3891963.0
2900228  3891963.0
2900232  3891963.0
2900236  3891963.0
2900240  3891963.0
2900244  3891963.0
2900248  3891963.0
2900252  3891963.0
2900256  3891963.0
2900260  3891963.0
2900264  3891963.0
2900272  3891963.0
2900276  3891963.0
2900280  3891963.0
2900284  3891963.0
2900292  3891963.0
7200445  3891963.0
7200446  3891963.0
7200448  3891963.0
7200449  3891963.0
7200451  3891963.0
7200452  3891963.0
7200454  3891963.0
7200455  3891963.0
7200457  3891963.0
7200458  3891963.0
7200460  3891963.0
7200461  3891963.0
7200463  3891963.0
7200464  3891963.0
7200466  3891963.0
7200467  3891963.0
7200469  3891963.0
7200470  3891963.0
7200472  3891963.0
7200473  3891963.0
7200475  3891963.0
7200476  3891963.0
7200478  3891963.0
7200485  3891963.0
7200486  3891963.0
7200488  3891963.0
7200489  3891963.0
7200491  3891963.0
7200492  3891963.0
7200494  3891963.0
7200495  3891963.0
7200497  3891963.0
7200498  3891963.0
7200500  3891963.0
7200501  3891963.0
7200503  3891963.0
7200504  3891963.0
7200506  3891963.0
7200507  3891963.0
7200509  3891963.0
7200510  3891963.0
7200512  3891963.0
7200513  3891963.0
7200515  3891963.0
7200516  3891963.0
7200518  3891963.0
7200519  3891963.0
7200521  3891963.0
7200522  3891963.0
7200524  3891963.0
7200525  3891963.0
7200527  3891963.0
7200528  3891963.0
7200530  3891963.0
7200531  3891963.0
7200533  3891963.0
7200534  3891963.0
7200536  3891963.0
7200537  3891963.0
7200539  3891963.0
7200540  3891963.0
7200542  3891963.0
7200543  3891963.0
7200545  3891963.0
7200546  3891963.0
7200548  3891963.0
7200549  3891963.0
7200551  3891963.0
7200552  3891963.0
7200555  3891963.0
7200558  3891963.0
7200562  3891963.0
2100053  2918972.25
5900063  2339280.0
4400191  1949400.0
4200058  1670914.2857142857
4100151  974700.0
1600054  899723.0769230769
1600055  899723.0769230769
1700063  899723.0769230769
5900043  584820.0
5900044  584820.0
5900045  584820.0
7700052  556971.4285714285
7700053  556971.4285714285
7700056  556971.4285714285
7700059  556971.4285714285
7700060  556971.4285714285
7800047  556971.4285714285
7800048  556971.4285714285
7800051  556971.4285714285
7800052  556971.4285714285
7900062  467035.56
2900321  426387.0
2900372  426387.0
4100155  354436.36363636365
6000058  354436.36363636365
6000060  354436.36363636365
6000064  354436.36363636365
6000065  354436.36363636365
6000066  354436.36363636365
6000070  354436.36363636365
6000071  354436.36363636365
8000278  344011.76470588235
7900038  292410.0
7900044  292410.0
7900045  292410.0
4300699  227138.0
5800042  227138.0
5800045  227138.0
5800053  227138.0
5800054  227138.0
5800056  227138.0
5800057  227138.0
5800058  227138.0
5800059  227138.0
5800061  227138.0
5800062  227138.0
5800064  227138.0
5800066  227138.0
5800067  227138.0
5800069  227138.0
5800075  227138.0
5800076  227138.0
5700068  178880.14285714287
5700071  178880.14285714287
5700072  178880.14285714287
5700100  178880.14285714287
5700111  178880.14285714287
5700115  178880.14285714287
5700116  178880.14285714287
5700117  178880.14285714287
5700118  178880.14285714287
5700119  178880.14285714287
5700122  178880.14285714287
5700126  178880.14285714287
5700127  178880.14285714287
5700128  178880.14285714287
5700129  178880.14285714287
5700135  178880.14285714287
5700137  178880.14285714287
5700138  178880.14285714287
5700148  178880.14285714287
5700149  178880.14285714287
5700191  178880.14285714287
5700192  178880.14285714287
5700194  178880.14285714287
5700225  178880.14285714287
5700229  178880.14285714287
5700237  178880.14285714287
4100049  167091.42857142858
4100051  167091.42857142858
4100055  167091.42857142858
4100056  167091.42857142858
4100060  167091.42857142858
4100061  167091.42857142858
5700045  149187.0
4300143  147136.0
4300146  134163.48192771085
4400182  116964.0
4200050  110343.39622641509
4200051  110343.39622641509
4200054  110343.39622641509
4200055  110343.39622641509
1800033  109312.14953271027
4400073  107306.42201834862
4400076  107306.42201834862
4400079  107306.42201834862
4400082  107306.42201834862
4400085  107306.42201834862
4400088  107306.42201834862
4400091  107306.42201834862
4400094  107306.42201834862
4400097  107306.42201834862
4400100  107306.42201834862
4400103  107306.42201834862
4400106  107306.42201834862
4400110  107306.42201834862
4400113  107306.42201834862
4400116  107306.42201834862
4400119  107306.42201834862
4400122  107306.42201834862
4400125  107306.42201834862
4400128  107306.42201834862
4400131  107306.42201834862
4400134  107306.42201834862
4400137  107306.42201834862
4400140  107306.42201834862
4400153  107306.42201834862
4400154  107306.42201834862
4400155  107306.42201834862
7400141  107306.42201834862
7400169  107306.42201834862
7400205  107306.42201834862
8300444  107306.42201834862
8300445  107306.42201834862
8300446  107306.42201834862
8300447  107306.42201834862
8300448  107306.42201834862
7400196  106330.90909090909
4800047  98289.0756302521
4800048  98289.0756302521
4800051  98289.0756302521
4800052  98289.0756302521
4100142  88035.6129032258
2000030  84146.76258992805
6000123  79935.0
5700081  75096.00699300699
2800063  71808.3288590604
2800065  71808.3288590604
2800066  71808.3288590604
2800067  71808.3288590604
2800068  71808.3288590604
2800122  71808.3288590604
2800123  71808.3288590604
2800169  71808.3288590604
2800171  71808.3288590604
2800173  71808.3288590604
2800175  71808.3288590604
2800177  71808.3288590604
2800180  71808.3288590604
4900042  71808.3288590604
4900048  71808.3288590604
4900049  71808.3288590604
4900053  71808.3288590604
4900094  71808.3288590604
4900098  71808.3288590604
6300096  67816.36305732484
4500316  65969.44720496895
5600052  65969.44720496895
7400105  62547.5935828877
7100209  62538.4674556213
6600128  60942.2485549133
6700173  60942.2485549133
6700180  60942.2485549133
7400178  60603.108808290155
4800055  60320.00571428571
7400187  59675.510204081635
7400160  58482.0
7400132  55963.63636363636
7400151  54912.67605633803
5100095  54270.75
1100284  52556.56281407035
4500335  52430.72727272727
5900142  52430.72727272727
5900143  52430.72727272727
5900144  52430.72727272727
5900145  52430.72727272727
6100102  52430.72727272727
6300112  52430.72727272727
7100221  52430.72727272727
7800147  52430.72727272727
7800148  52430.72727272727
7800149  52430.72727272727
7800150  52430.72727272727
7800151  52430.72727272727
7900155  52430.72727272727
7900049  52167.25628140703
4200726  51648.17910447761
7400114  51075.98253275109
7400123  50853.913043478264
7700069  48968.32075471698
4000059  48285.67605633803
6900057  48285.67605633803
1100041  38834.65140845071
1100043  38834.65140845071
1100049  38834.65140845071
1100050  38834.65140845071
1100051  38834.65140845071
1100052  38834.65140845071
1100053  38834.65140845071
1100054  38834.65140845071
1100055  38834.65140845071
1100056  38834.65140845071
1100057  38834.65140845071
1100058  38834.65140845071
1100059  38834.65140845071
1100060  38834.65140845071
1100061  38834.65140845071
1100062  38834.65140845071
1100065  38834.65140845071
1100068  38834.65140845071
1100069  38834.65140845071
7600526  38834.65140845071
4700161  34485.0
2900315  32970.86486486487
1300094  32580.501392757662
1300116  32580.501392757662
1300117  32580.501392757662
1300118  32580.501392757662
1300443  32580.501392757662
1300444  32580.501392757662
1300446  32580.501392757662
1300447  32580.501392757662
1300451  32580.501392757662
1300454  32580.501392757662
1300457  32580.501392757662
1300458  32580.501392757662
1300459  32580.501392757662
1300471  32580.501392757662
1300474  32580.501392757662
1300475  32580.501392757662
1300484  32580.501392757662
1300486  32580.501392757662
1300488  32580.501392757662
1300491  32580.501392757662
1300494  32580.501392757662
1300498  32580.501392757662
1300539  32580.501392757662
1300540  32580.501392757662
1300542  32580.501392757662
1300543  32580.501392757662
1300554  32580.501392757662
1300556  32580.501392757662
1300557  32580.501392757662
1300566  32580.501392757662
1300568  32580.501392757662
1300569  32580.501392757662
1300572  32580.501392757662
1300714  32580.501392757662
1300715  32580.501392757662
1300718  32580.501392757662
1300719  32580.501392757662
1300731  32580.501392757662
2400037  32580.501392757662
2400039  32580.501392757662
2400040  32580.501392757662
2400099  32580.501392757662
3100038  32580.501392757662
3100039  32580.501392757662
3100040  32580.501392757662
3100041  32580.501392757662
3100042  32580.501392757662
3100088  32580.501392757662
3100089  32580.501392757662
3900082  32580.501392757662
3900083  32580.501392757662
3900106  32580.501392757662
3900107  32580.501392757662
3900110  32580.501392757662
3900111  32580.501392757662
3900114  32580.501392757662
3900115  32580.501392757662
3900117  32580.501392757662
3900118  32580.501392757662
3900121  32580.501392757662
3900123  32580.501392757662
3900124  32580.501392757662
3900135  32580.501392757662
3900139  32580.501392757662
3900140  32580.501392757662
3900144  32580.501392757662
3900149  32580.501392757662
3900151  32580.501392757662
3900152  32580.501392757662
3900153  32580.501392757662
3900154  32580.501392757662
3900173  32580.501392757662
3900195  32580.501392757662
3900198  32580.501392757662
3900199  32580.501392757662
3900200  32580.501392757662
3900204  32580.501392757662
3900213  32580.501392757662
3900251  32580.501392757662
3900252  32580.501392757662
3900254  32580.501392757662
3900257  32580.501392757662
3900259  32580.501392757662
3900261  32580.501392757662
3900262  32580.501392757662
3900273  32580.501392757662
3900274  32580.501392757662
3900275  32580.501392757662
3900276  32580.501392757662
3900280  32580.501392757662
3900281  32580.501392757662
3900283  32580.501392757662
3900286  32580.501392757662
3900288  32580.501392757662
1300205  31932.591780821916
1300208  31932.591780821916
1300211  31932.591780821916
1300212  31932.591780821916
1300213  31932.591780821916
2500740  31932.591780821916
2500747  31932.591780821916
2500748  31932.591780821916
2500749  31932.591780821916
2500750  31932.591780821916
2500751  31932.591780821916
2600482  31932.591780821916
2600504  31932.591780821916
2600505  31932.591780821916
2600509  31932.591780821916
2600510  31932.591780821916
2600511  31932.591780821916
2600512  31932.591780821916
2600513  31932.591780821916
2600514  31932.591780821916
2600515  31932.591780821916
3000095  31932.591780821916
3000098  31932.591780821916
3000110  31932.591780821916
3000119  31932.591780821916
3000183  31932.591780821916
3000184  31932.591780821916
3000187  31932.591780821916
3000188  31932.591780821916
3000192  31932.591780821916
3000193  31932.591780821916
3000194  31932.591780821916
3000195  31932.591780821916
3000196  31932.591780821916
3000200  31932.591780821916
3000201  31932.591780821916
3000202  31932.591780821916
3000203  31932.591780821916
3000204  31932.591780821916
3000205  31932.591780821916
3000209  31932.591780821916
3201344  31932.591780821916
3201345  31932.591780821916
3201346  31932.591780821916
3201347  31932.591780821916
3201350  31932.591780821916
3201351  31932.591780821916
3201352  31932.591780821916
3201353  31932.591780821916
3201354  31932.591780821916
3201356  31932.591780821916
3201357  31932.591780821916
3201358  31932.591780821916
3201359  31932.591780821916
3201362  31932.591780821916
3201363  31932.591780821916
3201367  31932.591780821916
3201370  31932.591780821916
3201373  31932.591780821916
3201374  31932.591780821916
3201375  31932.591780821916
3201378  31932.591780821916
3201503  31932.591780821916
3201504  31932.591780821916
3201505  31932.591780821916
3201506  31932.591780821916
3201507  31932.591780821916
3201508  31932.591780821916
3201509  31932.591780821916
3300039  31932.591780821916
3300042  31932.591780821916
3300045  31932.591780821916
3300048  31932.591780821916
3300061  31932.591780821916
3300062  31932.591780821916
3300068  31932.591780821916
3300071  31932.591780821916
3300084  31932.591780821916
3300087  31932.591780821916
3300088  31932.591780821916
3300089  31932.591780821916
3401169  31932.591780821916
3401179  31932.591780821916
3401180  31932.591780821916
3401181  31932.591780821916
3401182  31932.591780821916
3401183  31932.591780821916
3900146  31932.591780821916
3900223  31932.591780821916
3900225  31932.591780821916
3900226  31932.591780821916
3900227  31932.591780821916
3900228  31932.591780821916
3900235  31932.591780821916
3900236  31932.591780821916
3900239  31932.591780821916
7400060  31441.935483870966
7400062  31441.935483870966
7400064  31441.935483870966
7400066  31441.935483870966
7400068  31441.935483870966
7400070  31441.935483870966
7400072  31441.935483870966
7400074  31441.935483870966
7400076  31441.935483870966
7400078  31441.935483870966
7400080  31441.935483870966
7400082  31441.935483870966
7400094  31441.935483870966
7400095  31441.935483870966
7400096  31441.935483870966
8000259  31441.935483870966
8000260  31441.935483870966
8000261  31441.935483870966
2100218  28933.636363636364
5300404  28933.636363636364
5300405  28933.636363636364
5300408  28933.636363636364
5300409  28933.636363636364
5300410  28933.636363636364
5300411  28933.636363636364
5300412  28933.636363636364
5300413  28933.636363636364
5300414  28933.636363636364
5400055  28933.636363636364
5400058  28933.636363636364
5400059  28933.636363636364
5400062  28933.636363636364
5400065  28933.636363636364
5400071  28933.636363636364
5400081  28933.636363636364
5400082  28933.636363636364
5400085  28933.636363636364
5400150  28933.636363636364
5400154  28933.636363636364
5400155  28933.636363636364
5400156  28933.636363636364
5400157  28933.636363636364
5400158  28933.636363636364
5400159  28933.636363636364
5400160  28933.636363636364
5400162  28933.636363636364
5400163  28933.636363636364
5400164  28933.636363636364
5400165  28933.636363636364
5400166  28933.636363636364
5400170  28933.636363636364
5400171  28933.636363636364
5400172  28933.636363636364
5400173  28933.636363636364
5400174  28933.636363636364
5400175  28933.636363636364
5400176  28933.636363636364
5400177  28933.636363636364
5400178  28933.636363636364
5400179  28933.636363636364
5400180  28933.636363636364
5400181  28933.636363636364
5400183  28933.636363636364
5400184  28933.636363636364
5400185  28933.636363636364
5400186  28933.636363636364
5400187  28933.636363636364
5400188  28933.636363636364
5400189  28933.636363636364
5400190  28933.636363636364
5400191  28933.636363636364
5400192  28933.636363636364
5400193  28933.636363636364
5400194  28933.636363636364
5400197  28933.636363636364
5400198  28933.636363636364
5400200  28933.636363636364
5400201  28933.636363636364
5400203  28933.636363636364
5400204  28933.636363636364
5400205  28933.636363636364
5400209  28933.636363636364
5400212  28933.636363636364
5400215  28933.636363636364
5400220  28933.636363636364
5400221  28933.636363636364
7300281  28933.636363636364
7300282  28933.636363636364
7300285  28933.636363636364
7300286  28933.636363636364
7300287  28933.636363636364
7300288  28933.636363636364
7300295  28933.636363636364
7800109  28846.223564954682
1301273  28635.867867867866
1300134  24949.394673123486
1300135  24949.394673123486
1300136  24949.394673123486
1300137  24949.394673123486
1300138  24949.394673123486
1300139  24949.394673123486
1300142  24949.394673123486
1300143  24949.394673123486
1300144  24949.394673123486
1300149  24949.394673123486
1300154  24949.394673123486
1300155  24949.394673123486
1300158  24949.394673123486
1300160  24949.394673123486
1300162  24949.394673123486
1300148  24873.625603864733
3300123  24578.079575596817
2800133  22801.0
6800128  20979.037470725994
6800132  20979.037470725994
1100287  14666.620996441281
6600129  14498.133214920072
2800096  10992.146627565982
2800099  10992.146627565982
2800100  10992.146627565982
2800101  10992.146627565982
2800104  10992.146627565982
2800105  10992.146627565982
2800106  10992.146627565982
2800110  10992.146627565982
2800111  10992.146627565982
2800112  10992.146627565982
1300175  10040.111809045226
1300176  10040.111809045226
1300179  10040.111809045226
1300182  10040.111809045226
1300183  10040.111809045226
1300184  10040.111809045226
1300185  10040.111809045226
2800107  8528.87795765878
2800108  8528.87795765878
1100100  8127.160893854749
1100101  8127.160893854749
1100102  8127.160893854749
1100161  8127.160893854749
1100162  8127.160893854749
1100165  8127.160893854749
1000547  8082.0
1000548  8082.0
1000549  8082.0
1100114  8082.0
1100115  8082.0
1100116  8082.0
4300368  6019.517766497462
4300746  6019.517766497462
4300747  6019.517766497462
4300748  6019.517766497462
4300749  6019.517766497462
4300751  6019.517766497462
5500779  6019.517766497462
5500780  6019.517766497462
5500781  6019.517766497462
5500782  6019.517766497462
4300393  5226.198494825964
4300394  5226.198494825964
4300395  5226.198494825964
5700197  4237.431472081218
2800086  3974.0779327317473
5700202  3912.755700325733
5700203  3912.755700325733
5700211  3912.755700325733
5700212  3912.755700325733
5700217  3912.755700325733
2800077  3793.1589085072233
5700221  3780.1153846153848
5800139  3780.1153846153848
4300407  3646.021276595745
4300408  3646.021276595745
4300409  3646.021276595745
4300412  3646.021276595745
4300414  3646.021276595745
4300415  3646.021276595745
4300417  3646.021276595745
4300419  3646.021276595745
4300436  3646.021276595745
5700233  3571.679156908665
5700241  3571.679156908665
5800120  3553.345794392523
5800088  3475.041634541249
5800093  3475.041634541249
4300611  3421.895865237366
4300612  3421.895865237366
4300690  3421.895865237366
4300613  3410.201834862385
4300614  3410.201834862385
4300476  3375.3698630136987
4300477  3375.3698630136987
4300478  3375.3698630136987
5800142  3306.814479638009
6000080  3293.265367316342
6300055  3278.678437265214
5600048  3250.7904191616767
4300456  3195.7473997028233
4300457  3195.7473997028233
4300458  3195.7473997028233
5800123  3010.514844315713
6000132  2932.7116345467525
2900107  2831.3401552575865
2900108  2831.3401552575865
2300177  2424.233421750663
2300178  2424.233421750663
2300180  2424.233421750663
2300181  2424.233421750663
2300182  2424.233421750663
2300183  2424.233421750663
3201573  2424.233421750663
3201574  2424.233421750663
3201575  2424.233421750663
3201576  2424.233421750663
3300140  2424.233421750663
3300141  2424.233421750663
3300142  2424.233421750663
3300143  2424.233421750663
3300144  2424.233421750663
3300145  2424.233421750663
3300146  2424.233421750663
3300148  2424.233421750663
3300152  2424.233421750663
3300153  2424.233421750663
3300155  2424.233421750663
3300156  2424.233421750663
3300158  2424.233421750663
3300159  2424.233421750663
3300166  2424.233421750663
3201531  2407.714285714286
3201532  2407.714285714286
3201533  2407.714285714286
4300559  2407.714285714286
2300196  2403.601454064772
2300197  2403.601454064772
2300198  2403.601454064772
2300200  2403.601454064772
3201536  2403.601454064772
3201537  2403.601454064772
3300103  2403.601454064772
3300160  2362.842416283651
4300493  2302.9414824447335
4300494  2302.9414824447335
5600056  2248.340206185567
5800175  2240.640926640927
5800176  2240.640926640927
5800177  2240.640926640927
5800179  2240.640926640927
5800195  2240.640926640927
5800196  2240.640926640927
5800198  2240.640926640927
4100079  2196.8979591836733
4100081  2196.8979591836733
4300560  2194.9655172413795
6000112  2153.4743508549714
6000113  2153.4743508549714
6300083  2073.8217636022514
6300085  2073.8217636022514
4300167  2066.683947532792
4300172  2066.683947532792
4300173  2066.683947532792
4300174  2066.683947532792
4300175  2066.683947532792
4300177  2066.683947532792
4300466  1965.7055214723925
4300467  1965.7055214723925
4500299  1965.7055214723925
4500301  1965.7055214723925
4500303  1965.7055214723925
4500304  1965.7055214723925
4500305  1965.7055214723925
4500310  1965.7055214723925
5600097  1958.9117647058824
5800134  1958.9117647058824
4300542  1895.4336765596609
6600131  1872.5235223160435
5100057  1862.782059000602
6500166  1792.7326203208556
2900131  1731.1150910158544
6300116  1560.138479001135
5700213  1540.871113623516
4500073  1419.297520661157
7100225  1401.5389681668496
4300443  1396.5
3700054  1345.4907908992416
3700055  1345.4907908992416
1100285  1158.8971962616822
6000081  1110.7750511247443
1300949  926.3091976516635
1300950  926.3091976516635
1300952  926.3091976516635
1300955  926.3091976516635
3201579  890.8604651162791
4100093  861.6583612841399
2800102  849.7241379310345
3201543  836.3435114503817
8300480  703.8610729023384
8300482  703.8610729023384
3201577  686.515731874145
3201538  685.0847766636281
3201539  685.0847766636281
7700101  599.2773593265397
5300421  540.5625
5300422  540.5625
5700171  534.569510610654
1300976  530.9965397923876
1300977  530.9965397923876
1300978  530.9965397923876
1300979  530.9965397923876
5900104  520.1554694229113
5900105  520.1554694229113
5800180  506.45906558079724
4200792  486.6529486635554
4300347  477.20262823230183
4300348  477.20262823230183
4300350  477.20262823230183
6000083  476.10169491525426
4300524  475.002541296061
4300525  475.002541296061
4300528  475.002541296061
4300529  475.002541296061
4300532  475.002541296061
1300980  468.4448669201521
4300153  468.4448669201521
4300157  468.4448669201521
4300159  468.4448669201521
4300516  467.3581081081081
4300422  464.1083930830873
4300428  464.1083930830873
4300430  464.1083930830873
4300352  463.02866779089373
5100104  463.02866779089373
4300425  461.95069532237676
4300432  461.95069532237676
5100113  461.95069532237676
4300501  456.5870479394449
4300502  456.5870479394449
4300503  456.5870479394449
4300562  453.3897522049559
7100061  451.26689047419217
4100164  445.24414715719064
4100096  443.5200668896321
4100097  443.5200668896321
4300185  442.8444165621079
4300335  439.7142857142857
4300336  439.7142857142857
4300337  439.7142857142857
4000066  438.6743215031315
7100235  438.6743215031315
7100236  438.6743215031315
7100237  438.6743215031315
7100240  438.6743215031315
1301051  437.63606010016696
1301054  437.63606010016696
1100301  432.47022074135776
7100129  432.47022074135776
7100134  432.47022074135776
7100135  432.47022074135776
7100141  432.47022074135776
7100145  432.47022074135776
7100146  432.47022074135776
7100147  432.47022074135776
7100155  432.47022074135776
7100156  432.47022074135776
7100163  432.47022074135776
7100169  432.47022074135776
7100174  432.47022074135776
7100180  432.47022074135776
7100190  432.47022074135776
7100192  432.47022074135776
7100201  432.47022074135776
7100205  432.47022074135776
1100304  431.4421315570358
4300504  430.4157303370786
4300545  430.4157303370786
4300547  430.4157303370786
7900117  429.212474012474
4300548  428.36798336798336
7100238  422.2650352550809
7100182  420.244094488189
4200886  419.548613984278
4200887  419.548613984278
4200888  419.548613984278
4200890  419.548613984278
7100073  417.2251655629139
7100076  417.2251655629139
6300128  416.2221762515515
6300129  416.2221762515515
6300130  416.2221762515515
6300134  416.2221762515515
6300132  415.22084367245657
2900133  398.44969199178644
4300543  384.990200081666
4300552  384.990200081666
6300059  384.990200081666
5700209  380.2591687041565
4300410  378.3778501628664
6300062  372.77173030056866
6300063  372.77173030056866
6300064  372.77173030056866
1301055  364.46823148522867
7100229  354.48992747784047
1600132  352.69565217391306
1600133  352.69565217391306
1600134  352.69565217391306
1600135  352.69565217391306
1600136  352.69565217391306
1600137  352.69565217391306
1600138  352.69565217391306
2900136  352.69565217391306
5000083  349.1254019292605
6500153  348.23664122137404
6500154  348.23664122137404
4200253  342.8532586965214
2500761  325.65606361829026
2500776  325.65606361829026
2600549  325.65606361829026
2600558  325.65606361829026
2600560  325.65606361829026
2600561  325.65606361829026
2600563  325.65606361829026
2600564  325.65606361829026
2600565  325.65606361829026
2600567  325.65606361829026
2600583  325.65606361829026
2600672  325.65606361829026
2600682  325.65606361829026
2600683  325.65606361829026
2600706  325.65606361829026
2600713  325.65606361829026
2600573  324.8076311605723
2600574  324.8076311605723
2600717  324.8076311605723
2600718  324.8076311605723
2600719  324.8076311605723
2600720  324.8076311605723
2600729  324.8076311605723
2600731  324.8076311605723
2600575  323.1151707704527
2600576  323.1151707704527
2600577  323.1151707704527
2600578  323.1151707704527
3201582  323.1151707704527
3201583  323.1151707704527
3201586  323.1151707704527
3401202  323.1151707704527
3401203  323.1151707704527
3401204  323.1151707704527
3401209  323.1151707704527
3401211  323.1151707704527
3401221  323.1151707704527
3401224  323.1151707704527
3401226  323.1151707704527
3401236  323.1151707704527
3401238  323.1151707704527
4500093  314.74050632911394
4500099  311.4312796208531
4500104  311.4312796208531
4500105  311.4312796208531
4500113  311.4312796208531
4500114  311.4312796208531
4500137  311.4312796208531
4500138  311.4312796208531
4500139  311.4312796208531
4500145  311.4312796208531
4500147  311.4312796208531
4500115  308.1451104100946
4500116  308.1451104100946
3401307  304.06965761511213
3401308  304.06965761511213
3401309  304.06965761511213
3401314  304.06965761511213
3401322  304.06965761511213
3401325  304.06965761511213
3401333  304.06965761511213
3401335  304.06965761511213
3201546  299.226148409894
3401190  299.226148409894
5800121  296.8235294117647
5800140  278.82199766809174
5300480  276.527950310559
5300481  276.527950310559
8300492  275.7660069848661
1300999  271.9767621998451
1301001  271.9767621998451
1301003  271.9767621998451
1301032  271.9767621998451
1301034  271.9767621998451
1301037  271.9767621998451
1300982  270.47058823529414
5300482  266.72885283893396
5300483  266.72885283893396
8300496  264.5
5300489  258.61538461538464
2600709  257.88581314878894
2600710  257.88581314878894
2600711  257.88581314878894
2600725  257.88581314878894
8300516  257.88581314878894
2600551  257.1575710991545
2600554  257.1575710991545
2600726  257.1575710991545
5300565  253.53624856156503
5300582  253.53624856156503
5300514  248.52180566182096
5300518  245.68525592055005
1300907  240.0746382330541
1300909  240.0746382330541
1300910  240.0746382330541
1300912  240.0746382330541
8300520  237.30038022813687
8000282  233.86148007590134
8000284  233.86148007590134
1300925  228.42565266742338
8300498  223.73584905660377
3300162  223.07091663523198
3300163  223.07091663523198
3300164  223.07091663523198
5300532  219.10764019570945
1300935  215.83921863260707
7300378  210.67415730337078
5300632  209.39520958083833
5800188  205.58775205377148
5400118  193.81868743047832
5400138  193.2112676056338
5400139  193.2112676056338
5400140  193.2112676056338
5400141  193.2112676056338
5400144  189.59171597633136
8300524  180.14705882352942
1300926  168.75912408759123
1300927  168.75912408759123
1300928  168.75912408759123
1300929  168.75912408759123
1300930  168.75912408759123
1100178  163.78355765732994
3201590  161.60152560842718
3201591  161.60152560842718
3201592  161.60152560842718
3201598  161.60152560842718
3201599  161.60152560842718
3300119  161.60152560842718
1100181  148.88332733165285
3700105  148.88332733165285
3201608  145.29310344827587
1100196  135.32667617689015
1600183  131.93916755602987
1600184  131.93916755602987
1600185  131.93916755602987
1600186  131.93916755602987
1600187  131.93916755602987
2500768  131.45945945945945
2600591  131.45945945945945
2600600  131.45945945945945
2600602  131.45945945945945
2600603  131.45945945945945
2600605  131.45945945945945
2600606  131.45945945945945
2600607  131.45945945945945
2600609  131.45945945945945
2600615  131.45945945945945
2600616  131.45945945945945
2600625  131.45945945945945
2600691  131.45945945945945
2600701  131.45945945945945
2600702  131.45945945945945
3201609  131.45945945945945
3201610  131.45945945945945
3201611  131.45945945945945
3401244  131.45945945945945
3401246  131.45945945945945
3401247  131.45945945945945
3401248  131.45945945945945
3401253  131.45945945945945
3401255  131.45945945945945
3401265  131.45945945945945
3401268  131.45945945945945
3401270  131.45945945945945
3401280  131.45945945945945
3401282  131.45945945945945
1600192  130.98080341272663
4200758  130.98080341272663
4200772  130.98080341272663
1600199  130.50319829424308
1600200  130.50319829424308
1600201  130.50319829424308
1600202  130.50319829424308
1600207  130.50319829424308
1600213  130.02664298401422
2600593  130.02664298401422
2600596  130.02664298401422
4200804  129.07667731629394
4200818  128.60326472675658
1100199  123.4644750795334
1100200  123.4644750795334
1100203  123.4644750795334
3100049  117.30477528089888
5800182  114.88202247191012
2600617  110.94469723486175
2600618  110.94469723486175
2600619  110.94469723486175
2600620  110.94469723486175
1100318  103.6811145510836
8000298  102.48488008342024
1600276  94.8121546961326
1600277  94.8121546961326
1600278  94.8121546961326
1600289  94.8121546961326
5800184  93.63263194204899
8000294  89.00068704912401
3201580  86.7360301679808
4100094  85.75367270242569
3201544  85.61643835616438
1100319  81.88949522510232
5700131  77.31192660550458
5700132  77.31192660550458
2800191  73.1725888324873
2800192  65.92173328854551
8300522  64.96644295302013
4800146  62.148210103713616
4800147  62.148210103713616
4800149  62.148210103713616
4800152  62.148210103713616
4800038  61.53159478435306
4800155  61.53159478435306
1100321  54.650032829940905
1100088  50.68073878627968
4100127  50.16490765171504
4100128  49.076416337285906
1301256  39.77272727272727
8000302  38.94469746258946
4300144  36.37763371150729
2800143  33.68711656441718
2800146  33.68711656441718
1000556  33.43566591422122
5800190  33.24975798644724
4500345  30.275939608095086
4300379  30.069364161849713
4300380  30.069364161849713
4300381  30.069364161849713
4500340  29.863563402889245
8000304  28.644985581544375
1301057  27.25831202046036
1301058  27.25831202046036
4400378  26.041388092964024
7300341  25.34225621414914
7300342  25.34225621414914
7300344  25.34225621414914
7300347  25.34225621414914
1600223  19.227544910179642
1600224  19.227544910179642
1600225  19.227544910179642
1600226  19.227544910179642
1600228  19.227544910179642
8000306  18.7455919395466
8000308  17.956931782458348
6300124  17.034515218073423
2800149  16.88331242158093
5600060  16.732831608654752
7300315  16.732831608654752
7300316  16.732831608654752
7300317  16.732831608654752
8000292  15.125
4500350  14.70152981579769
4500351  14.70152981579769
4500352  14.70152981579769
5900114  14.552713661883967
5900115  14.552713661883967
4800141  14.404799002804612
5300536  14.146866230121608
2800147  13.873792458709879
3700170  13.738317757009346
3700171  13.738317757009346
8300528  11.915632754342433
4300573  11.790697674418604
3700172  10.935643564356436
3700187  10.579598145285935
3700188  10.579598145285935
1600163  9.772979642196175
2900146  9.772979642196175
2900148  9.772979642196175
2900151  9.772979642196175
1600164  9.66049953746531
1600165  9.66049953746531
1600166  9.66049953746531
3700191  9.66049953746531
5300541  9.66049953746531
5300542  9.66049953746531
5300543  9.66049953746531
7900125  9.431783184477979
4300197  8.573316938210882
5600080  8.157506908197728
5600081  8.157506908197728
5600082  8.157506908197728
8200311  8.05524861878453
8200323  7.95366676894753
8000296  7.852760736196319
3700150  7.752529898804048
8200190  7.652973635806254
8200191  7.652973635806254
8200192  7.652973635806254
8200193  7.652973635806254
8200196  7.554091326999694
8200335  7.554091326999694
8200199  7.455882352941177
8300502  7.455882352941177
8200202  7.358346094946401
4200585  7.261481935088794
4200586  7.261481935088794
4200589  7.261481935088794
4200598  7.261481935088794
4300198  7.261481935088794
8200207  7.261481935088794
8200208  7.261481935088794
4300485  7.1652892561983474
5600083  7.1652892561983474
5600084  7.1652892561983474
5600085  7.1652892561983474
8200212  7.1652892561983474
8200213  7.1652892561983474
8200214  7.1652892561983474
8200215  7.1652892561983474
8200216  7.1652892561983474
8200245  7.1652892561983474
8200248  7.069767441860465
8200249  7.069767441860465
8200250  6.974915876414806
8200251  6.974915876414806
8300475  6.878630388260471
3100057  6.7851466992665035
2300202  6.5106902871105685
7300351  6.5106902871105685
7300352  6.5106902871105685
7300354  6.5106902871105685
7300357  6.5106902871105685
8200346  6.419847328244275
8200217  6.0631290027447395
8200218  6.0631290027447395
8200221  6.0631290027447395
8300494  6.0631290027447395
7300327  5.975609756097561
7300328  5.975609756097561
2900118  5.802559414990859
4700183  5.7170271093512035
2900120  5.632155907429963
3700079  5.464394400486914
4300583  5.381502890173411
4300584  5.381502890173411
4300585  5.381502890173411
5000095  5.217695348130131
5000099  5.217695348130131
4200590  4.819672131147541
4200591  4.819672131147541
4200594  4.819672131147541
8200370  4.819672131147541
2200041  4.663633606308766
2200044  4.663633606308766
2200059  4.663633606308766
2200063  4.663633606308766
3700160  4.438011518642012
1600255  4.28991214783399
1600256  4.28991214783399
1600257  4.28991214783399
1600265  4.28991214783399
3700255  4.216838279830406
3700258  4.216838279830406
3700261  4.216838279830406
3700262  4.216838279830406
3700265  4.216838279830406
3700266  4.216838279830406
3700270  4.216838279830406
4200094  4.20918984280532
1100397  3.861203507710916
1100398  3.861203507710916
2200108  3.861203507710916
2200109  3.861203507710916
2200110  3.861203507710916
2200111  3.861203507710916
2200112  3.861203507710916
2200113  3.861203507710916
2200114  3.861203507710916
2200115  3.861203507710916
2200116  3.861203507710916
2200117  3.861203507710916
1600258  3.7234814143245694
1600259  3.7234814143245694
1600260  3.7234814143245694
1600261  3.7234814143245694
1600262  3.7234814143245694
4600092  3.7234814143245694
4200168  3.5818510702441966
2200050  3.5206761243585873
1600279  3.261761158021713
1600280  3.261761158021713
1600281  3.261761158021713
1600282  3.261761158021713
1600283  3.261761158021713
3700202  3.261761158021713
3700203  3.261761158021713
4700191  3.1983720229122703
1600284  3.135623869801085
1600285  3.135623869801085
4800153  2.951219512195122
6300089  2.951219512195122
4500244  2.7725631768953067
4500248  2.7725631768953067
4500249  2.7725631768953067
4500250  2.7725631768953067
4500251  2.7725631768953067
4500253  2.7725631768953067
4500257  2.7725631768953067
4500259  2.7725631768953067
4500272  2.7725631768953067
4500274  2.7725631768953067
4500277  2.7725631768953067
4500281  2.7725631768953067
6300092  2.7142857142857144
4200062  2.7110243316311204
3700219  2.599639314697926
3700220  2.599639314697926
2600550  2.543269230769231
2200053  2.542505256833884
2600707  2.4875337939321116
2600721  2.4324324324324325
4300356  2.377964575202642
5800148  2.377964575202642
5800149  2.377964575202642
5800152  2.377964575202642
5800153  2.377964575202642
5800156  2.377964575202642
5800166  2.377964575202642
5800167  2.377964575202642
5800170  2.377964575202642
8300463  2.321342925659472
5600086  2.270927092709271
5600087  2.270927092709271
3700204  2.218356328734253
8300506  2.115107913669065
4200227  2.1094170403587444
1300377  2.1068975813675723
1300380  2.1068975813675723
1300381  2.1068975813675723
1300384  2.1068975813675723
1300385  2.1068975813675723
1300391  2.1068975813675723
1300392  2.1068975813675723
1300393  2.1068975813675723
1300656  2.1062686567164177
1300657  2.1062686567164177
1300664  2.1062686567164177
1300665  2.1062686567164177
1300666  2.1062686567164177
1300668  2.1062686567164177
1300669  2.1062686567164177
1300670  2.1062686567164177
1300671  2.1062686567164177
1300672  2.1062686567164177
1300673  2.1062686567164177
4200153  2.103756708407871
8300464  2.061957497755163
1300658  2.0564179104477613
4300168  1.9649595687331536
5800157  1.9161676646706587
8200175  1.773556685611726
1600239  1.6816143497757847
1600240  1.6816143497757847
1600242  1.6816143497757847
3700223  1.6816143497757847
3700175  1.6365809922295278
6900053  1.6365809922295278
8200176  1.5052254404299792
4000055  1.462686567164179
7600532  1.4622500746045957
1300307  1.4194991055456172
1300310  1.4194991055456172
1300311  1.4194991055456172
4300505  1.3794749403341289
4700157  1.3794749403341289
5900109  1.3384019081693501
5900110  1.3384019081693501
5600090  1.298747763864043
5800129  1.298747763864043
1600301  1.2205005959475566
1600302  1.2205005959475566
1600303  1.2205005959475566
1600304  1.2205005959475566
1600305  1.2205005959475566
1600309  1.2205005959475566
3201534  1.2205005959475566
4200850  1.2194105388508485
5300607  1.1823056300268096
5300608  1.1823056300268096
5300610  1.1823056300268096
5300613  1.1823056300268096
4200746  1.1430270591733571
4200829  1.1426872770511296
4200830  1.1426872770511296
4200831  1.1426872770511296
4200833  1.1426872770511296
8300504  1.107770169693361
4300508  1.0714285714285714
1300273  1.0707911957168352
1300276  1.0707911957168352
1300279  1.0707911957168352
1300282  1.0707911957168352
1300285  1.0707911957168352
1300287  1.0707911957168352
1300288  1.0707911957168352
1300293  1.0707911957168352
1300296  1.0707911957168352
1300297  1.0707911957168352
1300238  1.0353955978584175
1100179  1.0005948839976204
1100335  1.0005948839976204
1300291  0.9316696375519905
5800158  0.8989598811292719
7300291  0.8989598811292719
7400216  0.8642560758743332
6900061  0.8342738342738343
7300366  0.8342738342738343
7300367  0.8342738342738343
4200618  0.8014226437462952
4200298  0.7720391807658059
4200304  0.7720391807658059
4200306  0.7720391807658059
4300315  0.7720391807658059
4200619  0.7706666666666667
8000266  0.7616398243045388
8000267  0.7616398243045388
4500152  0.7418397626112759
4500153  0.7418397626112759
4500154  0.7418397626112759
3201569  0.7416196974191634
3300111  0.7416196974191634
4200327  0.7122515574013646
4800150  0.7122515574013646
5800159  0.7122515574013646
4200348  0.6832740213523132
8300457  0.6832740213523132
5300426  0.6549066113252298
5300427  0.6549066113252298
5300431  0.6549066113252298
5300432  0.6549066113252298
5300599  0.6549066113252298
5300603  0.6549066113252298
7300321  0.6271487848251334
7300322  0.6271487848251334
7300323  0.6271487848251334
3300127  0.6264061574896388
3300128  0.5992897306895532
4000080  0.5734597156398105
5300444  0.5734597156398105
5700090  0.5734597156398105
8200710  0.5734597156398105
8200711  0.5734597156398105
8200712  0.5734597156398105
8200715  0.5475273911755997
8200717  0.5475273911755997
8200718  0.5475273911755997
8200725  0.5475273911755997
8200727  0.5475273911755997
8300526  0.522202486678508
8200719  0.49748446285883396
8200720  0.49748446285883396
8200724  0.49748446285883396
8200743  0.49748446285883396
8200744  0.49748446285883396
8200745  0.49748446285883396
8200746  0.49748446285883396
8200747  0.49748446285883396
7900121  0.497043169722058
2800097  0.47337278106508873
4300154  0.47337278106508873
8200751  0.47337278106508873
8200752  0.47337278106508873
2000209  0.44986690328305234
2000212  0.44986690328305234
4000112  0.44986690328305234
5300537  0.44986690328305234
5300538  0.44986690328305234
5300539  0.44986690328305234
8200755  0.44986690328305234
2800194  0.42696629213483145
3700311  0.42696629213483145
3700314  0.42696629213483145
3700317  0.42696629213483145
3700318  0.42696629213483145
3700323  0.42696629213483145
3700324  0.42696629213483145
3700327  0.42696629213483145
3700331  0.42696629213483145
6900093  0.42696629213483145
6900094  0.42696629213483145
4200668  0.4258330875847833
1100338  0.404670410877919
1300915  0.404670410877919
4200307  0.404670410877919
4200308  0.404670410877919
4200309  0.404670410877919
5300548  0.404670410877919
8300508  0.404670410877919
3201600  0.3829787234042553
3201601  0.3829787234042553
3201602  0.3829787234042553
3201603  0.3829787234042553
5300449  0.3829787234042553
5300450  0.3829787234042553
5300451  0.3829787234042553
6300060  0.3829787234042553
4100110  0.36103743000294725
1100219  0.3414057885410514
1100220  0.3414057885410514
1100225  0.3414057885410514
1100228  0.3414057885410514
6400052  0.3414057885410514
6400053  0.3414057885410514
6400056  0.3414057885410514
1300931  0.32152347209920284
2800198  0.32152347209920284
3201614  0.32152347209920284
3201615  0.32152347209920284
3201616  0.32152347209920284
4200310  0.32152347209920284
4200311  0.32152347209920284
5800161  0.32152347209920284
3700325  0.3022432113341204
3700328  0.3022432113341204
4400419  0.3022432113341204
4200834  0.30170889805539186
1301007  0.2835644732959575
5000079  0.2835644732959575
6300068  0.2835644732959575
6500101  0.2835644732959575
7000043  0.2835644732959575
8200429  0.2835644732959575
4100111  0.2828966735354725
4100112  0.2828966735354725
1100221  0.26548672566371684
2300186  0.26548672566371684
2300187  0.26548672566371684
2300188  0.26548672566371684
2300190  0.26548672566371684
3201512  0.26548672566371684
3201513  0.26548672566371684
3201514  0.26548672566371684
3201517  0.26548672566371684
3201518  0.26548672566371684
3300099  0.26548672566371684
4200328  0.26548672566371684
4200329  0.26548672566371684
4200330  0.26548672566371684
8200432  0.26548672566371684
8200433  0.26548672566371684
4200835  0.2653301886792453
1100197  0.24800943674432321
1100366  0.24800943674432321
1100369  0.24800943674432321
1100370  0.24800943674432321
1100371  0.24800943674432321
1100372  0.24800943674432321
1100373  0.24800943674432321
1100377  0.24800943674432321
2200045  0.24800943674432321
3700207  0.24800943674432321
4200331  0.24800943674432321
4200332  0.24800943674432321
4700187  0.24800943674432321
5000075  0.24800943674432321
5600064  0.24800943674432321
6800061  0.24800943674432321
6800064  0.24800943674432321
7000048  0.24800943674432321
4100067  0.24793632075471697
8300541  0.24786324786324787
4500060  0.23113207547169812
6100053  0.23113207547169812
6100054  0.23113207547169812
6100057  0.23113207547169812
6300051  0.23113207547169812
7100050  0.23113207547169812
8200434  0.23113207547169812
8200435  0.23113207547169812
8200438  0.23113207547169812
8200439  0.23113207547169812
8200440  0.23113207547169812
8200461  0.23113207547169812
8200462  0.23113207547169812
8200463  0.23113207547169812
8200464  0.23113207547169812
8200465  0.23113207547169812
8200466  0.23113207547169812
8200469  0.23113207547169812
4400041  0.2309958750736594
1100302  0.21485411140583555
1100379  0.21485411140583555
3300115  0.21485411140583555
5300549  0.21485411140583555
5300550  0.21485411140583555
5300551  0.21485411140583555
7000053  0.21485411140583555
8200383  0.21485411140583555
8200470  0.21485411140583555
8200471  0.21485411140583555
8300512  0.21485411140583555
1600322  0.1991750147318798
2500772  0.1991750147318798
4300215  0.1991750147318798
8200441  0.1991750147318798
8200442  0.1991750147318798
8200443  0.1991750147318798
8200444  0.1991750147318798
2400057  0.18409425625920472
2400058  0.18409425625920472
2400059  0.18409425625920472
2400062  0.18409425625920472
2400063  0.18409425625920472
2400064  0.18409425625920472
2400066  0.18409425625920472
2400067  0.18409425625920472
2400068  0.18409425625920472
2400069  0.18409425625920472
2400070  0.18409425625920472
2400071  0.18409425625920472
2400074  0.18409425625920472
2400075  0.18409425625920472
2400076  0.18409425625920472
2400077  0.18409425625920472
2400078  0.18409425625920472
2400079  0.18409425625920472
2400083  0.18409425625920472
2400084  0.18409425625920472
2400088  0.18409425625920472
2400095  0.18409425625920472
3201524  0.18409425625920472
6600141  0.18409425625920472
6600142  0.18409425625920472
6600143  0.18409425625920472
2400053  0.1839858698851928
2800208  0.1696113074204947
4200195  0.1696113074204947
4200379  0.1696113074204947
4200385  0.1696113074204947
4200387  0.1696113074204947
4200410  0.1696113074204947
4200433  0.1696113074204947
5300417  0.1696113074204947
6700136  0.1696113074204947
6700137  0.1696113074204947
6700138  0.1696113074204947
3201527  0.1557256402708272
3401186  0.1557256402708272
3700372  0.1557256402708272
3700375  0.1557256402708272
4300506  0.1557256402708272
4300526  0.1557256402708272
4400410  0.1557256402708272
4500261  0.1557256402708272
4500263  0.1557256402708272
5100079  0.1557256402708272
8200445  0.1557256402708272
8200446  0.1557256402708272
8300484  0.1557256402708272
1301291  0.1555424875036754
7501307  0.1555424875036754
7501308  0.1555424875036754
7501309  0.1555424875036754
7501312  0.1555424875036754
7501313  0.1555424875036754
7501316  0.1555424875036754
7501317  0.1555424875036754
7501320  0.1555424875036754
1100336  0.14243672748675693
1600325  0.14243672748675693
1600326  0.14243672748675693
2400091  0.14243672748675693
4200121  0.14243672748675693
5300586  0.14243672748675693
5300587  0.14243672748675693
7000058  0.14243672748675693
4200839  0.1423529411764706
1300919  0.1297440423654016
1300920  0.1297440423654016
1300921  0.1297440423654016
3700189  0.1297440423654016
4500118  0.1297440423654016
4500119  0.1297440423654016
4500120  0.1297440423654016
4500122  0.1297440423654016
4500125  0.1297440423654016
4500127  0.1297440423654016
4500207  0.1297440423654016
4500210  0.1297440423654016
8200153  0.1297440423654016
8200154  0.1297440423654016
8200155  0.1297440423654016
8200156  0.1297440423654016
8200448  0.1297440423654016
1600102  0.11764705882352941
1600103  0.11764705882352941
1600104  0.11764705882352941
1600105  0.11764705882352941
2900122  0.11764705882352941
3700312  0.11764705882352941
8200282  0.11764705882352941
8200283  0.11764705882352941
8200284  0.11764705882352941
8200285  0.11764705882352941
8200286  0.11764705882352941
3600063  0.10614525139664804
3600064  0.10614525139664804
3600067  0.10614525139664804
3600068  0.10614525139664804
3600069  0.10614525139664804
4300423  0.10614525139664804
4300598  0.10614525139664804
4500140  0.10614525139664804
5800168  0.10614525139664804
5900128  0.10614525139664804
8200159  0.10614525139664804
8200160  0.10614525139664804
8200161  0.10614525139664804
5900127  0.106114050558495
7400243  0.10608286805759624
3900141  0.1057410661980082
2100241  0.09523809523809523
2100242  0.09523809523809523
3700221  0.09523809523809523
4200313  0.09523809523809523
4200314  0.09523809523809523
4900057  0.09523809523809523
4900058  0.09523809523809523
5300569  0.09523809523809523
5300570  0.09523809523809523
5600093  0.09523809523809523
6200763  0.09523809523809523
7100181  0.09523809523809523
8200139  0.09523809523809523
4200704  0.09515418502202644
4200716  0.09515418502202644
1300215  0.09493114561968942
1300216  0.09493114561968942
1300217  0.09493114561968942
1300220  0.09493114561968942
1300221  0.09493114561968942
1300628  0.09487554904831626
1300643  0.09487554904831626
1300695  0.09487554904831626
1300696  0.09487554904831626
1300700  0.09487554904831626
1500628  0.09487554904831626
1500631  0.09487554904831626
1500634  0.09487554904831626
4200388  0.08492506611813105
4200389  0.08492506611813105
4200390  0.08492506611813105
4200495  0.08492506611813105
4200496  0.08492506611813105
4200498  0.08492506611813105
4200654  0.08492506611813105
4200655  0.08492506611813105
4500212  0.08492506611813105
4500213  0.08492506611813105
4500214  0.08492506611813105
8100838  0.08492506611813105
8100839  0.08492506611813105
8100840  0.08492506611813105
8100841  0.08492506611813105
8200162  0.08492506611813105
8200647  0.08492506611813105
1600188  0.07520564042303172
2200051  0.07520564042303172
2800217  0.07520564042303172
2900389  0.07520564042303172
2900390  0.07520564042303172
2900391  0.07520564042303172
3700116  0.07520564042303172
3700117  0.07520564042303172
3700118  0.07520564042303172
3700120  0.07520564042303172
3700240  0.07520564042303172
3700241  0.07520564042303172
3700242  0.07520564042303172
3700243  0.07520564042303172
4100130  0.07520564042303172
4200334  0.07520564042303172
4200335  0.07520564042303172
4300200  0.07520564042303172
4300205  0.07520564042303172
5200225  0.07520564042303172
5200226  0.07520564042303172
5200227  0.07520564042303172
5200230  0.07520564042303172
5200234  0.07520564042303172
5200235  0.07520564042303172
5200240  0.07520564042303172
5200241  0.07520564042303172
5300445  0.07520564042303172
5300446  0.07520564042303172
5300447  0.07520564042303172
6900065  0.07520564042303172
7100136  0.07520564042303172
8100849  0.07520564042303172
8200140  0.07520564042303172
8300488  0.07520564042303172
1300778  0.06607929515418502
1600193  0.06607929515418502
2200048  0.06607929515418502
4200391  0.06607929515418502
4200392  0.06607929515418502
4300418  0.06607929515418502
4500307  0.06607929515418502
5300468  0.06607929515418502
5300473  0.06607929515418502
5300474  0.06607929515418502
5300475  0.06607929515418502
5300522  0.06607929515418502
5300523  0.06607929515418502
5300527  0.06607929515418502
5300528  0.06607929515418502
8000300  0.06607929515418502
1300776  0.06605989430416911
1300777  0.06605989430416911
2400043  0.06605989430416911
2400044  0.06605989430416911
1300769  0.06604050484297036
1300772  0.06604050484297036
1300773  0.06604050484297036
4200267  0.06602112676056338
1300386  0.06598240469208211
1300387  0.06598240469208211
1300388  0.06598240469208211
8000321  0.06546406750072738
1301009  0.057545507927187316
1301010  0.057545507927187316
1301013  0.057545507927187316
1301014  0.057545507927187316
1301017  0.057545507927187316
2200046  0.057545507927187316
4200315  0.057545507927187316
4300530  0.057545507927187316
4500278  0.057545507927187316
5300494  0.057545507927187316
5300495  0.057545507927187316
5300496  0.057545507927187316
8200123  0.057545507927187316
8200124  0.057545507927187316
8200125  0.057545507927187316
8200126  0.057545507927187316
8200127  0.057545507927187316
3100091  0.057511737089201875
4800059  0.05747800586510264
1300924  0.04960375697094218
1301019  0.04960375697094218
1301026  0.04960375697094218
4200317  0.04960375697094218
4200319  0.04960375697094218
4200323  0.04960375697094218
4200324  0.04960375697094218
4200336  0.04960375697094218
4200411  0.04960375697094218
4200412  0.04960375697094218
4200413  0.04960375697094218
5100068  0.04960375697094218
8200103  0.04960375697094218
8200104  0.04960375697094218
8300486  0.04960375697094218
8300518  0.04960375697094218
1100266  0.04225352112676056
1100270  0.04225352112676056
4200325  0.04225352112676056
4200326  0.04225352112676056
4200338  0.04225352112676056
4200339  0.04225352112676056
4200343  0.04225352112676056
4200344  0.04225352112676056
4300325  0.04225352112676056
5100091  0.04225352112676056
6800052  0.04225352112676056
6900069  0.04225352112676056
6900070  0.04225352112676056
7400234  0.04225352112676056
1900055  0.042241126430038134
1900056  0.042241126430038134
1900057  0.042241126430038134
1900064  0.042241126430038134
1900065  0.042241126430038134
1900082  0.042241126430038134
1900083  0.042241126430038134
4200461  0.04222873900293255
4200462  0.04222873900293255
4200464  0.04222873900293255
1300922  0.0354942798474626
2200060  0.0354942798474626
2200129  0.0354942798474626
2200130  0.0354942798474626
2200131  0.0354942798474626
2200132  0.0354942798474626
2200133  0.0354942798474626
2200134  0.0354942798474626
2200135  0.0354942798474626
2200136  0.0354942798474626
2200137  0.0354942798474626
2200138  0.0354942798474626
2800144  0.0354942798474626
3201519  0.0354942798474626
3201520  0.0354942798474626
3700280  0.0354942798474626
3700281  0.0354942798474626
3700282  0.0354942798474626
3700283  0.0354942798474626
3700285  0.0354942798474626
3700286  0.0354942798474626
4200345  0.0354942798474626
4200346  0.0354942798474626
4200414  0.0354942798474626
4200415  0.0354942798474626
4500094  0.0354942798474626
4500267  0.0354942798474626
5300484  0.0354942798474626
5300485  0.0354942798474626
5300486  0.0354942798474626
5300487  0.0354942798474626
5800162  0.0354942798474626
6300100  0.0354942798474626
6800136  0.0354942798474626
6800140  0.0354942798474626
8300510  0.0354942798474626
8300514  0.0354942798474626
1900066  0.035483870967741936
1900068  0.035483870967741936
1900086  0.035483870967741936
1900087  0.035483870967741936
1900088  0.035483870967741936
1300402  0.035473468191146294
1300818  0.02932551319648094
4200394  0.02932551319648094
4200395  0.02932551319648094
4200396  0.02932551319648094
4200397  0.02932551319648094
4200398  0.02932551319648094
5300553  0.02932551319648094
5300554  0.02932551319648094
5300555  0.02932551319648094
8000286  0.02932551319648094
8300490  0.02932551319648094
1300816  0.02931691586045148
1300817  0.02931691586045148
2400048  0.02931691586045148
2400049  0.02931691586045148
1300809  0.029308323563892145
1300812  0.029308323563892145
1300813  0.029308323563892145
3000112  0.023746701846965697
3000114  0.023746701846965697
3000117  0.023746701846965697
4200592  0.023746701846965697
5100123  0.023746701846965697
6100148  0.023746701846965697
6800062  0.023746701846965697
6800069  0.023746701846965697
6800081  0.023746701846965697
6800083  0.023746701846965697
6800084  0.023746701846965697
6800085  0.023746701846965697
6800086  0.023746701846965697
8200222  0.023746701846965697
8200228  0.023746701846965697
8200232  0.023746701846965697
8200233  0.023746701846965697
8200234  0.023746701846965697
8200238  0.023746701846965697
8200545  0.023746701846965697
3100061  0.023739742086752638
3100092  0.023739742086752638
3100093  0.023739742086752638
2100083  0.01875732708089097
2700908  0.01875732708089097
2700912  0.01875732708089097
2700916  0.01875732708089097
2700920  0.01875732708089097
2700924  0.01875732708089097
3000225  0.01875732708089097
3000226  0.01875732708089097
3000227  0.01875732708089097
3000252  0.01875732708089097
3000258  0.01875732708089097
3000259  0.01875732708089097
3000268  0.01875732708089097
3000269  0.01875732708089097
3000320  0.01875732708089097
3000323  0.01875732708089097
3000333  0.01875732708089097
3000339  0.01875732708089097
3000343  0.01875732708089097
3000345  0.01875732708089097
3000346  0.01875732708089097
3000348  0.01875732708089097
3000349  0.01875732708089097
3000350  0.01875732708089097
3000351  0.01875732708089097
3000352  0.01875732708089097
3000355  0.01875732708089097
3000356  0.01875732708089097
3000357  0.01875732708089097
3000360  0.01875732708089097
3000362  0.01875732708089097
3000379  0.01875732708089097
3000383  0.01875732708089097
3000390  0.01875732708089097
3000404  0.01875732708089097
3000405  0.01875732708089097
3000406  0.01875732708089097
3000407  0.01875732708089097
3500950  0.01875732708089097
3500951  0.01875732708089097
3500952  0.01875732708089097
3500965  0.01875732708089097
3500966  0.01875732708089097
3500967  0.01875732708089097
3500968  0.01875732708089097
3500973  0.01875732708089097
3500974  0.01875732708089097
3500975  0.01875732708089097
3500976  0.01875732708089097
3500977  0.01875732708089097
3500978  0.01875732708089097
3500979  0.01875732708089097
3500980  0.01875732708089097
3500988  0.01875732708089097
3500989  0.01875732708089097
3501014  0.01875732708089097
3501085  0.01875732708089097
3501088  0.01875732708089097
3501089  0.01875732708089097
3501091  0.01875732708089097
3501092  0.01875732708089097
3501108  0.01875732708089097
3501134  0.01875732708089097
3501135  0.01875732708089097
3700259  0.01875732708089097
3700263  0.01875732708089097
3700350  0.01875732708089097
3700351  0.01875732708089097
3700353  0.01875732708089097
3700373  0.01875732708089097
3700394  0.01875732708089097
3700395  0.01875732708089097
3700397  0.01875732708089097
3700409  0.01875732708089097
3700410  0.01875732708089097
3700412  0.01875732708089097
4000084  0.01875732708089097
4200299  0.01875732708089097
4200417  0.01875732708089097
4200418  0.01875732708089097
4200419  0.01875732708089097
4200420  0.01875732708089097
4200421  0.01875732708089097
4500239  0.01875732708089097
4500245  0.01875732708089097
4500321  0.01875732708089097
4500322  0.01875732708089097
5400142  0.01875732708089097
5700181  0.01875732708089097
5700184  0.01875732708089097
5700187  0.01875732708089097
6300138  0.01875732708089097
6500188  0.01875732708089097
6600229  0.01875732708089097
6800144  0.01875732708089097
7000063  0.01875732708089097
8000288  0.01875732708089097
8000290  0.01875732708089097
8200298  0.01875732708089097
8200299  0.01875732708089097
8200300  0.01875732708089097
8200301  0.01875732708089097
8200302  0.01875732708089097
8200447  0.01875732708089097
8200490  0.01875732708089097
8200491  0.01875732708089097
8200569  0.01875732708089097
6000096  0.0187518312335189
6000097  0.0187518312335189
6000100  0.0187518312335189
7700073  0.0187518312335189
4200836  0.018746338605741066
2100032  0.014356870788162907
2100227  0.014356870788162907
2100228  0.014356870788162907
2300206  0.014356870788162907
2300207  0.014356870788162907
2300208  0.014356870788162907
2300210  0.014356870788162907
2700892  0.014356870788162907
2700893  0.014356870788162907
2700894  0.014356870788162907
2700895  0.014356870788162907
2700896  0.014356870788162907
2700897  0.014356870788162907
2700931  0.014356870788162907
2700932  0.014356870788162907
2700934  0.014356870788162907
3000309  0.014356870788162907
3000310  0.014356870788162907
3000312  0.014356870788162907
3000313  0.014356870788162907
3000314  0.014356870788162907
3000316  0.014356870788162907
3000363  0.014356870788162907
3000364  0.014356870788162907
3000369  0.014356870788162907
3000370  0.014356870788162907
3000371  0.014356870788162907
3000372  0.014356870788162907
3000396  0.014356870788162907
3000397  0.014356870788162907
3000410  0.014356870788162907
3000411  0.014356870788162907
3000417  0.014356870788162907
3000418  0.014356870788162907
3000419  0.014356870788162907
3000421  0.014356870788162907
3000423  0.014356870788162907
3000424  0.014356870788162907
3000426  0.014356870788162907
3000427  0.014356870788162907
3000428  0.014356870788162907
3201392  0.014356870788162907
3201393  0.014356870788162907
3201397  0.014356870788162907
3201398  0.014356870788162907
3201399  0.014356870788162907
3201400  0.014356870788162907
3201402  0.014356870788162907
3201403  0.014356870788162907
3201404  0.014356870788162907
3201406  0.014356870788162907
3201410  0.014356870788162907
3201411  0.014356870788162907
3201412  0.014356870788162907
3201413  0.014356870788162907
3201415  0.014356870788162907
3201420  0.014356870788162907
3201421  0.014356870788162907
3201422  0.014356870788162907
3201423  0.014356870788162907
3201424  0.014356870788162907
3201429  0.014356870788162907
3201431  0.014356870788162907
3201432  0.014356870788162907
3201433  0.014356870788162907
3201434  0.014356870788162907
3201435  0.014356870788162907
3201436  0.014356870788162907
3201437  0.014356870788162907
3201438  0.014356870788162907
3201439  0.014356870788162907
3201460  0.014356870788162907
3201483  0.014356870788162907
3201550  0.014356870788162907
3201551  0.014356870788162907
3201552  0.014356870788162907
3201555  0.014356870788162907
3201556  0.014356870788162907
3201693  0.014356870788162907
3300107  0.014356870788162907
3500997  0.014356870788162907
3500998  0.014356870788162907
3501000  0.014356870788162907
3501021  0.014356870788162907
3501027  0.014356870788162907
3501028  0.014356870788162907
3501029  0.014356870788162907
3501032  0.014356870788162907
3501033  0.014356870788162907
3501035  0.014356870788162907
3501040  0.014356870788162907
3501041  0.014356870788162907
3501045  0.014356870788162907
3501046  0.014356870788162907
3501047  0.014356870788162907
3501048  0.014356870788162907
3501050  0.014356870788162907
3501052  0.014356870788162907
3501069  0.014356870788162907
3501070  0.014356870788162907
3501093  0.014356870788162907
3501094  0.014356870788162907
3501095  0.014356870788162907
3501101  0.014356870788162907
3501103  0.014356870788162907
3501104  0.014356870788162907
3501106  0.014356870788162907
3501109  0.014356870788162907
3501113  0.014356870788162907
3501118  0.014356870788162907
3501127  0.014356870788162907
3501144  0.014356870788162907
3501145  0.014356870788162907
3501146  0.014356870788162907
3501147  0.014356870788162907
3700267  0.014356870788162907
3800816  0.014356870788162907
3800817  0.014356870788162907
3800818  0.014356870788162907
3800819  0.014356870788162907
3800820  0.014356870788162907
3800828  0.014356870788162907
3800837  0.014356870788162907
3800841  0.014356870788162907
3800845  0.014356870788162907
3800847  0.014356870788162907
3800848  0.014356870788162907
3800851  0.014356870788162907
3800852  0.014356870788162907
3800854  0.014356870788162907
3800857  0.014356870788162907
3800859  0.014356870788162907
3800862  0.014356870788162907
3800865  0.014356870788162907
3800867  0.014356870788162907
3800868  0.014356870788162907
3800869  0.014356870788162907
3800875  0.014356870788162907
4200400  0.014356870788162907
4200402  0.014356870788162907
4200406  0.014356870788162907
4200407  0.014356870788162907
4200408  0.014356870788162907
4200409  0.014356870788162907
4200423  0.014356870788162907
4200424  0.014356870788162907
4200428  0.014356870788162907
4200429  0.014356870788162907
4200430  0.014356870788162907
4200431  0.014356870788162907
4500357  0.014356870788162907
5300560  0.014356870788162907
5300561  0.014356870788162907
5600068  0.014356870788162907
5600069  0.014356870788162907
5600070  0.014356870788162907
6100055  0.014356870788162907
6900082  0.014356870788162907
6900083  0.014356870788162907
6900084  0.014356870788162907
7100244  0.014356870788162907
2200243  0.014352665495020504
2200252  0.014352665495020504
2200261  0.014352665495020504
2200270  0.014352665495020504
2200279  0.014352665495020504
2200288  0.014352665495020504
2200289  0.014352665495020504
2200290  0.014352665495020504
2200292  0.014352665495020504
2200301  0.014352665495020504
2200310  0.014352665495020504
4200903  0.014344262295081968
4200904  0.014344262295081968
4200906  0.014344262295081968
4200907  0.014344262295081968
4200909  0.014344262295081968
4200911  0.014344262295081968
4200927  0.014344262295081968
4200928  0.014344262295081968
4200930  0.014344262295081968
4200931  0.014344262295081968
4200933  0.014344262295081968
4200935  0.014344262295081968
4200937  0.014344262295081968
4200955  0.014344262295081968
4200956  0.014344262295081968
4200958  0.014344262295081968
4200959  0.014344262295081968
4200961  0.014344262295081968
4200963  0.014344262295081968
4200964  0.014344262295081968
4200970  0.014344262295081968
4200971  0.014344262295081968
4200973  0.014344262295081968
1300660  0.014331675928634104
1300661  0.014331675928634104
2400089  0.01054481546572935
2600568  0.01054481546572935
2600569  0.01054481546572935
2600570  0.01054481546572935
2700900  0.01054481546572935
2700901  0.01054481546572935
2700902  0.01054481546572935
2700903  0.01054481546572935
2700904  0.01054481546572935
2700905  0.01054481546572935
3000276  0.01054481546572935
3000277  0.01054481546572935
3000366  0.01054481546572935
3000398  0.01054481546572935
3000412  0.01054481546572935
3201461  0.01054481546572935
3201562  0.01054481546572935
3201565  0.01054481546572935
3201694  0.01054481546572935
3401194  0.01054481546572935
3500992  0.01054481546572935
3500993  0.01054481546572935
3500994  0.01054481546572935
3501016  0.01054481546572935
3501096  0.01054481546572935
3501097  0.01054481546572935
3501157  0.01054481546572935
3501161  0.01054481546572935
3700315  0.01054481546572935
3800871  0.01054481546572935
4000076  0.01054481546572935
4200210  0.01054481546572935
4300226  0.01054481546572935
4300227  0.01054481546572935
4300228  0.01054481546572935
4300229  0.01054481546572935
4300230  0.01054481546572935
4300232  0.01054481546572935
4300233  0.01054481546572935
4300234  0.01054481546572935
4300235  0.01054481546572935
4300236  0.01054481546572935
4300238  0.01054481546572935
4300242  0.01054481546572935
4300243  0.01054481546572935
4500325  0.01054481546572935
4500330  0.01054481546572935
5300618  0.01054481546572935
5300619  0.01054481546572935
6300090  0.01054481546572935
6300104  0.01054481546572935
6400092  0.01054481546572935
6400093  0.01054481546572935
6400096  0.01054481546572935
6800093  0.01054481546572935
8100858  0.01054481546572935
8200449  0.01054481546572935
8200452  0.01054481546572935
8200453  0.01054481546572935
8200454  0.01054481546572935
8200492  0.01054481546572935
8200493  0.01054481546572935
8200494  0.01054481546572935
8200495  0.01054481546572935
8200496  0.01054481546572935
8200497  0.01054481546572935
8200498  0.01054481546572935
8200499  0.01054481546572935
8200500  0.01054481546572935
8200546  0.01054481546572935
1300378  0.010541727672035138
3700132  0.010541727672035138
3700133  0.010541727672035138
3700134  0.010541727672035138
3700136  0.010541727672035138
4200913  0.010535557506584723
4200966  0.010535557506584723
1100222  0.007320644216691069
1100223  0.007320644216691069
1100374  0.007320644216691069
1900108  0.007320644216691069
2300192  0.007320644216691069
2300212  0.007320644216691069
2600522  0.007320644216691069
2600523  0.007320644216691069
2600530  0.007320644216691069
2600531  0.007320644216691069
2600532  0.007320644216691069
2600533  0.007320644216691069
2600534  0.007320644216691069
2600536  0.007320644216691069
2600541  0.007320644216691069
2800195  0.007320644216691069
2800196  0.007320644216691069
3000253  0.007320644216691069
3000255  0.007320644216691069
3000256  0.007320644216691069
3201425  0.007320644216691069
3201515  0.007320644216691069
3201557  0.007320644216691069
3201558  0.007320644216691069
3501003  0.007320644216691069
3501004  0.007320644216691069
3501005  0.007320644216691069
3501137  0.007320644216691069
3700256  0.007320644216691069
4000088  0.007320644216691069
4000089  0.007320644216691069
4500323  0.007320644216691069
5600071  0.007320644216691069
5600072  0.007320644216691069
5700155  0.007320644216691069
5700156  0.007320644216691069
5700157  0.007320644216691069
5700158  0.007320644216691069
6400108  0.007320644216691069
6600220  0.007320644216691069
6800088  0.007320644216691069
6800097  0.007320644216691069
8200549  0.007320644216691069
8200550  0.007320644216691069
8200570  0.007320644216691069
8300466  0.007320644216691069
8300575  0.007320644216691069
1300794  0.007318501170960188
1300810  0.007318501170960188
1300209  0.0073163593795727245
1300345  0.0073163593795727245
1300348  0.0073163593795727245
3100098  0.0073163593795727245
1300330  0.007314218841427736
1300333  0.007314218841427736
1300334  0.007314218841427736
1300339  0.007314218841427736
1300340  0.007314218841427736
1300341  0.007314218841427736
1300344  0.007314218841427736
1300347  0.007314218841427736
1300583  0.007314218841427736
1300584  0.007314218841427736
1300586  0.007314218841427736
1300587  0.007314218841427736
1300588  0.007314218841427736
1300589  0.007314218841427736
1300590  0.007314218841427736
1300591  0.007314218841427736
1300592  0.007314218841427736
1300593  0.007314218841427736
1300594  0.007314218841427736
1300595  0.007314218841427736
1300596  0.007314218841427736
1300597  0.007314218841427736
1300598  0.007314218841427736
1300599  0.007314218841427736
1300600  0.007314218841427736
1300601  0.007314218841427736
1300602  0.007314218841427736
1300603  0.007314218841427736
1300604  0.007314218841427736
1300605  0.007314218841427736
1300606  0.007314218841427736
1300607  0.007314218841427736
1300608  0.007314218841427736
1300609  0.007314218841427736
1300610  0.007314218841427736
1300611  0.007314218841427736
1300612  0.007314218841427736
1300613  0.007314218841427736
1300614  0.007314218841427736
1300615  0.007314218841427736
1300616  0.007314218841427736
1300617  0.007314218841427736
1300618  0.007314218841427736
1300619  0.007314218841427736
1300620  0.007314218841427736
1300622  0.007314218841427736
1600323  0.00468384074941452
3201553  0.00468384074941452
3201593  0.00468384074941452
3201594  0.00468384074941452
3700090  0.00468384074941452
3700091  0.00468384074941452
3700092  0.00468384074941452
3700094  0.00468384074941452
3700319  0.00468384074941452
4000101  0.00468384074941452
4000102  0.00468384074941452
4000103  0.00468384074941452
4200136  0.00468384074941452
4500216  0.00468384074941452
4500217  0.00468384074941452
4500218  0.00468384074941452
4500219  0.00468384074941452
4500221  0.00468384074941452
4500222  0.00468384074941452
4700165  0.00468384074941452
4700175  0.00468384074941452
4700179  0.00468384074941452
6300072  0.00468384074941452
6300076  0.00468384074941452
6300077  0.00468384074941452
6300079  0.00468384074941452
6300107  0.00468384074941452
6600202  0.00468384074941452
6600203  0.00468384074941452
6600204  0.00468384074941452
6600251  0.00468384074941452
6600252  0.00468384074941452
6700166  0.00468384074941452
6700167  0.00468384074941452
6700168  0.00468384074941452
6700236  0.00468384074941452
6700237  0.00468384074941452
6800098  0.00468384074941452
6900085  0.00468384074941452
6900086  0.00468384074941452
7100183  0.00468384074941452
8100876  0.00468384074941452
8100939  0.00468384074941452
8100940  0.00468384074941452
8100941  0.00468384074941452
8200260  0.00468384074941452
8200261  0.00468384074941452
8200521  0.00468384074941452
8200573  0.00468384074941452
8200574  0.00468384074941452
8200575  0.00468384074941452
8300467  0.00468384074941452
3100045  0.004682470002926544
4800123  0.004682470002926544
4800135  0.004682470002926544
7900148  0.004682470002926544
7900149  0.004682470002926544
1300289  0.004681100058513751
4200106  0.00467973091547236
4200180  0.00467973091547236
4100114  0.004672897196261682
1100267  0.0026338893766461808
1100268  0.0026338893766461808
1301190  0.0026338893766461808
1301191  0.0026338893766461808
1301192  0.0026338893766461808
1301193  0.0026338893766461808
1301194  0.0026338893766461808
1600208  0.0026338893766461808
2600592  0.0026338893766461808
3000140  0.0026338893766461808
3000142  0.0026338893766461808
3000143  0.0026338893766461808
3000145  0.0026338893766461808
3000146  0.0026338893766461808
3000321  0.0026338893766461808
3000443  0.0026338893766461808
3000446  0.0026338893766461808
3000448  0.0026338893766461808
3000459  0.0026338893766461808
3000461  0.0026338893766461808
3000475  0.0026338893766461808
4900102  0.0026338893766461808
5100133  0.0026338893766461808
5300436  0.0026338893766461808
5300440  0.0026338893766461808
5300456  0.0026338893766461808
5300461  0.0026338893766461808
5300462  0.0026338893766461808
5300463  0.0026338893766461808
5700182  0.0026338893766461808
5700185  0.0026338893766461808
6200767  0.0026338893766461808
6300073  0.0026338893766461808
6300105  0.0026338893766461808
6400060  0.0026338893766461808
6500217  0.0026338893766461808
6700203  0.0026338893766461808
6800100  0.0026338893766461808
6900089  0.0026338893766461808
8200264  0.0026338893766461808
8200265  0.0026338893766461808
8200266  0.0026338893766461808
8200267  0.0026338893766461808
8200268  0.0026338893766461808
8200269  0.0026338893766461808
8200271  0.0026338893766461808
8200358  0.0026338893766461808
8200402  0.0026338893766461808
8200403  0.0026338893766461808
8200404  0.0026338893766461808
8200455  0.0026338893766461808
8200768  0.0026338893766461808
8200769  0.0026338893766461808
8200770  0.0026338893766461808
8200771  0.0026338893766461808
8200779  0.0026338893766461808
8200780  0.0026338893766461808
8300500  0.0026338893766461808
1300869  0.0026331187829139848
1301281  0.0026331187829139848
4200052  0.0026323486399532025
4201003  0.0026323486399532025
8000331  0.0026239067055393588
8000333  0.0026239067055393588
8000339  0.0026216137489076608
8000341  0.0026216137489076608
8000343  0.0026216137489076608
8000345  0.0026216137489076608
8000329  0.0026200873362445414
8000335  0.0026200873362445414
1100129  0.0011702750146284377
1100130  0.0011702750146284377
1100135  0.0011702750146284377
1100148  0.0011702750146284377
1100243  0.0011702750146284377
1100246  0.0011702750146284377
1100247  0.0011702750146284377
1100250  0.0011702750146284377
1100367  0.0011702750146284377
1301168  0.0011702750146284377
1301172  0.0011702750146284377
1301173  0.0011702750146284377
1301174  0.0011702750146284377
1301175  0.0011702750146284377
1301199  0.0011702750146284377
1301200  0.0011702750146284377
1301201  0.0011702750146284377
1301202  0.0011702750146284377
1301203  0.0011702750146284377
1301204  0.0011702750146284377
1301208  0.0011702750146284377
1301209  0.0011702750146284377
1301211  0.0011702750146284377
1301214  0.0011702750146284377
1900061  0.0011702750146284377
2500794  0.0011702750146284377
2500795  0.0011702750146284377
2500796  0.0011702750146284377
2500797  0.0011702750146284377
2600659  0.0011702750146284377
2600660  0.0011702750146284377
2600661  0.0011702750146284377
2600662  0.0011702750146284377
2600663  0.0011702750146284377
2600664  0.0011702750146284377
2600665  0.0011702750146284377
2800160  0.0011702750146284377
2800161  0.0011702750146284377
2800162  0.0011702750146284377
2800163  0.0011702750146284377
2800165  0.0011702750146284377
3000150  0.0011702750146284377
3000152  0.0011702750146284377
3000153  0.0011702750146284377
3000155  0.0011702750146284377
3000156  0.0011702750146284377
3000160  0.0011702750146284377
3000162  0.0011702750146284377
3000163  0.0011702750146284377
3000165  0.0011702750146284377
3000166  0.0011702750146284377
3000167  0.0011702750146284377
3000175  0.0011702750146284377
3000176  0.0011702750146284377
3000177  0.0011702750146284377
3000467  0.0011702750146284377
3000468  0.0011702750146284377
3000469  0.0011702750146284377
3000473  0.0011702750146284377
3201525  0.0011702750146284377
3201641  0.0011702750146284377
3201644  0.0011702750146284377
3201645  0.0011702750146284377
3201646  0.0011702750146284377
3201649  0.0011702750146284377
3201650  0.0011702750146284377
3201653  0.0011702750146284377
3201654  0.0011702750146284377
3201655  0.0011702750146284377
3201656  0.0011702750146284377
3201660  0.0011702750146284377
3201661  0.0011702750146284377
3201662  0.0011702750146284377
3201665  0.0011702750146284377
3201667  0.0011702750146284377
3201668  0.0011702750146284377
3201669  0.0011702750146284377
3201670  0.0011702750146284377
3201673  0.0011702750146284377
3201674  0.0011702750146284377
3201675  0.0011702750146284377
3201676  0.0011702750146284377
3201677  0.0011702750146284377
3201686  0.0011702750146284377
3201687  0.0011702750146284377
3201688  0.0011702750146284377
3201690  0.0011702750146284377
3300095  0.0011702750146284377
3401301  0.0011702750146284377
3401302  0.0011702750146284377
3401303  0.0011702750146284377
3401304  0.0011702750146284377
3600053  0.0011702750146284377
3600054  0.0011702750146284377
3600080  0.0011702750146284377
3600081  0.0011702750146284377
3600083  0.0011702750146284377
3600084  0.0011702750146284377
3900161  0.0011702750146284377
4000104  0.0011702750146284377
4000105  0.0011702750146284377
4000108  0.0011702750146284377
4300239  0.0011702750146284377
4300240  0.0011702750146284377
4500123  0.0011702750146284377
4500128  0.0011702750146284377
5300500  0.0011702750146284377
5300501  0.0011702750146284377
5300507  0.0011702750146284377
5300508  0.0011702750146284377
5400109  0.0011702750146284377
5400128  0.0011702750146284377
5600074  0.0011702750146284377
6100085  0.0011702750146284377
6100086  0.0011702750146284377
6100087  0.0011702750146284377
6100090  0.0011702750146284377
6100182  0.0011702750146284377
6200771  0.0011702750146284377
6400094  0.0011702750146284377
6500077  0.0011702750146284377
8100867  0.0011702750146284377
8100898  0.0011702750146284377
8100899  0.0011702750146284377
8100900  0.0011702750146284377
8100922  0.0011702750146284377
8100923  0.0011702750146284377
8100924  0.0011702750146284377
8100956  0.0011702750146284377
8100957  0.0011702750146284377
8100958  0.0011702750146284377
8100972  0.0011702750146284377
8200157  0.0011702750146284377
8200239  0.0011702750146284377
8200407  0.0011702750146284377
8200408  0.0011702750146284377
8200409  0.0011702750146284377
8200473  0.0011702750146284377
8200502  0.0011702750146284377
8200522  0.0011702750146284377
8200551  0.0011702750146284377
8200594  0.0011702750146284377
8200595  0.0011702750146284377
8200597  0.0011702750146284377
8200598  0.0011702750146284377
8200599  0.0011702750146284377
8200600  0.0011702750146284377
8200601  0.0011702750146284377
8200602  0.0011702750146284377
8200606  0.0011702750146284377
8200713  0.0011702750146284377
8200722  0.0011702750146284377
8200753  0.0011702750146284377
8200772  0.0011702750146284377
8200773  0.0011702750146284377
8200775  0.0011702750146284377
8200776  0.0011702750146284377
8200777  0.0011702750146284377
8300553  0.0011702750146284377
8300555  0.0011702750146284377
8300579  0.0011702750146284377
1900059  0.00116993272886809
1900060  0.00116993272886809
1900343  0.00116993272886809
3201622  0.00116993272886809
3201625  0.00116993272886809
3201626  0.00116993272886809
3201627  0.00116993272886809
3300130  0.00116993272886809
3300131  0.00116993272886809
4200994  0.00116993272886809
2200077  0.001169248757673195
2200189  0.001169248757673195
2200190  0.001169248757673195
2200191  0.001169248757673195
2200192  0.001169248757673195
2200193  0.001169248757673195
2200194  0.001169248757673195
2200195  0.001169248757673195
2200196  0.001169248757673195
2200197  0.001169248757673195
2200198  0.001169248757673195
4200522  0.001169248757673195
4200545  0.001169248757673195
4200669  0.001169248757673195
4200670  0.001169248757673195
2200074  0.0011689070718877848
2200076  0.0011689070718877848
2200079  0.0011689070718877848
2200080  0.0011689070718877848
2200081  0.0011689070718877848
2200084  0.0011689070718877848
2200086  0.0011689070718877848
1100075  0.0002924831822170225
1100076  0.0002924831822170225
1100131  0.0002924831822170225
1100133  0.0002924831822170225
1100149  0.0002924831822170225
1100151  0.0002924831822170225
1100152  0.0002924831822170225
1100153  0.0002924831822170225
1100201  0.0002924831822170225
1100226  0.0002924831822170225
1100244  0.0002924831822170225
1100248  0.0002924831822170225
1100429  0.0002924831822170225
1100468  0.0002924831822170225
1100469  0.0002924831822170225
1100488  0.0002924831822170225
1100501  0.0002924831822170225
1100502  0.0002924831822170225
1200571  0.0002924831822170225
1200572  0.0002924831822170225
1200573  0.0002924831822170225
1200580  0.0002924831822170225
1300146  0.0002924831822170225
1300150  0.0002924831822170225
1300365  0.0002924831822170225
1301052  0.0002924831822170225
1301195  0.0002924831822170225
1900084  0.0002924831822170225
1900095  0.0002924831822170225
1900099  0.0002924831822170225
1900117  0.0002924831822170225
1900126  0.0002924831822170225
1900135  0.0002924831822170225
1900144  0.0002924831822170225
1900153  0.0002924831822170225
1900162  0.0002924831822170225
1900171  0.0002924831822170225
1900180  0.0002924831822170225
1900189  0.0002924831822170225
1900198  0.0002924831822170225
1900207  0.0002924831822170225
1900216  0.0002924831822170225
1900225  0.0002924831822170225
1900234  0.0002924831822170225
1900243  0.0002924831822170225
1900252  0.0002924831822170225
1900261  0.0002924831822170225
1900270  0.0002924831822170225
1900279  0.0002924831822170225
1900288  0.0002924831822170225
1900297  0.0002924831822170225
1900306  0.0002924831822170225
1900315  0.0002924831822170225
1900324  0.0002924831822170225
1900333  0.0002924831822170225
1900352  0.0002924831822170225
1900361  0.0002924831822170225
1900370  0.0002924831822170225
1900379  0.0002924831822170225
1900388  0.0002924831822170225
1900397  0.0002924831822170225
1900406  0.0002924831822170225
1900415  0.0002924831822170225
1900424  0.0002924831822170225
1900433  0.0002924831822170225
1900442  0.0002924831822170225
1900451  0.0002924831822170225
1900460  0.0002924831822170225
1900469  0.0002924831822170225
1900478  0.0002924831822170225
1900487  0.0002924831822170225
1900496  0.0002924831822170225
1900505  0.0002924831822170225
1900514  0.0002924831822170225
1900523  0.0002924831822170225
1900533  0.0002924831822170225
1900544  0.0002924831822170225
2000210  0.0002924831822170225
2000224  0.0002924831822170225
2000225  0.0002924831822170225
2000227  0.0002924831822170225
2100182  0.0002924831822170225
2100191  0.0002924831822170225
2100200  0.0002924831822170225
2100209  0.0002924831822170225
2100230  0.0002924831822170225
2100279  0.0002924831822170225
2200171  0.0002924831822170225
2200172  0.0002924831822170225
2200173  0.0002924831822170225
2200174  0.0002924831822170225
2200175  0.0002924831822170225
2200176  0.0002924831822170225
2200177  0.0002924831822170225
2200178  0.0002924831822170225
2200179  0.0002924831822170225
2200180  0.0002924831822170225
2500780  0.0002924831822170225
2500783  0.0002924831822170225
2500784  0.0002924831822170225
2500785  0.0002924831822170225
2500800  0.0002924831822170225
2500804  0.0002924831822170225
2600629  0.0002924831822170225
2600632  0.0002924831822170225
2600633  0.0002924831822170225
2600634  0.0002924831822170225
2700885  0.0002924831822170225
2700886  0.0002924831822170225
2700887  0.0002924831822170225
2700888  0.0002924831822170225
2700889  0.0002924831822170225
2700890  0.0002924831822170225
3000215  0.0002924831822170225
3000219  0.0002924831822170225
3000391  0.0002924831822170225
3000392  0.0002924831822170225
3000400  0.0002924831822170225
3000462  0.0002924831822170225
3000463  0.0002924831822170225
3000464  0.0002924831822170225
3000465  0.0002924831822170225
3201463  0.0002924831822170225
3201467  0.0002924831822170225
3201468  0.0002924831822170225
3201696  0.0002924831822170225
3201697  0.0002924831822170225
3201703  0.0002924831822170225
3201704  0.0002924831822170225
3201706  0.0002924831822170225
3201707  0.0002924831822170225
3201708  0.0002924831822170225
3201709  0.0002924831822170225
3201710  0.0002924831822170225
3201714  0.0002924831822170225
3201715  0.0002924831822170225
3201716  0.0002924831822170225
3201717  0.0002924831822170225
3201728  0.0002924831822170225
3401215  0.0002924831822170225
3401217  0.0002924831822170225
3401286  0.0002924831822170225
3401289  0.0002924831822170225
3401290  0.0002924831822170225
3401291  0.0002924831822170225
3401316  0.0002924831822170225
3401318  0.0002924831822170225
3501064  0.0002924831822170225
3501066  0.0002924831822170225
3501119  0.0002924831822170225
3501121  0.0002924831822170225
3501123  0.0002924831822170225
3900056  0.0002924831822170225
3900057  0.0002924831822170225
3900060  0.0002924831822170225
3900063  0.0002924831822170225
3900067  0.0002924831822170225
3900068  0.0002924831822170225
3900069  0.0002924831822170225
3900071  0.0002924831822170225
3900072  0.0002924831822170225
3900196  0.0002924831822170225
4200380  0.0002924831822170225
4500208  0.0002924831822170225
5000057  0.0002924831822170225
5000060  0.0002924831822170225
5300591  0.0002924831822170225
5400234  0.0002924831822170225
5400237  0.0002924831822170225
5400240  0.0002924831822170225
5400241  0.0002924831822170225
5400253  0.0002924831822170225
5400262  0.0002924831822170225
5700112  0.0002924831822170225
5700123  0.0002924831822170225
5700124  0.0002924831822170225
5900133  0.0002924831822170225
6000061  0.0002924831822170225
6000067  0.0002924831822170225
6400054  0.0002924831822170225
6500113  0.0002924831822170225
6500114  0.0002924831822170225
6500115  0.0002924831822170225
6500127  0.0002924831822170225
6500128  0.0002924831822170225
6500129  0.0002924831822170225
6500141  0.0002924831822170225
6500158  0.0002924831822170225
6500162  0.0002924831822170225
6500192  0.0002924831822170225
6500196  0.0002924831822170225
6500200  0.0002924831822170225
6500204  0.0002924831822170225
6500208  0.0002924831822170225
7100097  0.0002924831822170225
7100101  0.0002924831822170225
7100102  0.0002924831822170225
7100104  0.0002924831822170225
7100105  0.0002924831822170225
7100108  0.0002924831822170225
7100112  0.0002924831822170225
7100113  0.0002924831822170225
7100116  0.0002924831822170225
7300334  0.0002924831822170225
7300335  0.0002924831822170225
7800131  0.0002924831822170225
7800138  0.0002924831822170225
7900032  0.0002924831822170225
7900134  0.0002924831822170225
7900135  0.0002924831822170225
7900137  0.0002924831822170225
7900138  0.0002924831822170225
7900140  0.0002924831822170225
7900141  0.0002924831822170225
7900143  0.0002924831822170225
8000311  0.0002924831822170225
8000323  0.0002924831822170225
8000325  0.0002924831822170225
8000327  0.0002924831822170225
8000337  0.0002924831822170225
8000348  0.0002924831822170225
8100986  0.0002924831822170225
8100999  0.0002924831822170225
8200194  0.0002924831822170225
8200197  0.0002924831822170225
8200200  0.0002924831822170225
8200203  0.0002924831822170225
8200204  0.0002924831822170225
8200205  0.0002924831822170225
8200209  0.0002924831822170225
8200219  0.0002924831822170225
8200223  0.0002924831822170225
8200224  0.0002924831822170225
8200262  0.0002924831822170225
8200405  0.0002924831822170225
8200430  0.0002924831822170225
8200474  0.0002924831822170225
8200476  0.0002924831822170225
8200477  0.0002924831822170225
8200478  0.0002924831822170225
8200523  0.0002924831822170225
8200525  0.0002924831822170225
8200526  0.0002924831822170225
8200527  0.0002924831822170225
8200547  0.0002924831822170225
8200571  0.0002924831822170225
8200619  0.0002924831822170225
8200632  0.0002924831822170225
8200661  0.0002924831822170225
8200662  0.0002924831822170225
8200663  0.0002924831822170225
8200664  0.0002924831822170225
8200665  0.0002924831822170225
8200666  0.0002924831822170225
8200669  0.0002924831822170225
8200685  0.0002924831822170225
8200686  0.0002924831822170225
8200688  0.0002924831822170225
8200689  0.0002924831822170225
8200690  0.0002924831822170225
8200691  0.0002924831822170225
8200694  0.0002924831822170225
8200748  0.0002924831822170225
8200791  0.0002924831822170225
8200792  0.0002924831822170225
8200794  0.0002924831822170225
8200806  0.0002924831822170225
8200807  0.0002924831822170225
8200809  0.0002924831822170225
8300469  0.0002924831822170225
8300531  0.0002924831822170225
8300543  0.0002924831822170225
8300545  0.0002924831822170225
8300547  0.0002924831822170225
8300549  0.0002924831822170225
8300557  0.0002924831822170225
8300559  0.0002924831822170225
8300561  0.0002924831822170225
8300563  0.0002924831822170225
8300565  0.0002924831822170225
8300567  0.0002924831822170225
8300569  0.0002924831822170225
8300571  0.0002924831822170225
8300577  0.0002924831822170225
8300581  0.0002924831822170225
8300583  0.0002924831822170225
8300585  0.0002924831822170225
8300587  0.0002924831822170225
8300590  0.0002924831822170225
1300224  0.00029239766081871346
1300754  0.00029239766081871346
1300770  0.00029239766081871346
1300838  0.00029239766081871346
1300839  0.00029239766081871346
1300841  0.00029239766081871346
3100053  0.00029239766081871346
3100065  0.00029239766081871346
3100069  0.00029239766081871346
4100052  0.00029239766081871346
4100057  0.00029239766081871346
5900129  0.00029239766081871346
5900130  0.00029239766081871346
5900131  0.00029239766081871346
7800130  0.00029239766081871346
7800132  0.00029239766081871346
7800133  0.00029239766081871346
7800134  0.00029239766081871346
8300551  0.00029239766081871346
8300573  0.00029239766081871346
1300352  0.00029231218941829873
1300353  0.00029231218941829873
1300354  0.00029231218941829873
4200635  0.0002922267679719462
8000269  0.0002920560747663551
8000270  0.0002920560747663551
1100066  0.0
1100163  0.0
1100399  0.0
1100400  0.0
1100441  0.0
1100442  0.0
1300152  0.0
1300156  0.0
1300177  0.0
1300180  0.0
1300206  0.0
1300218  0.0
1300274  0.0
1300277  0.0
1300280  0.0
1300283  0.0
1300294  0.0
1300295  0.0
1300308  0.0
1300331  0.0
1300335  0.0
1300342  0.0
1300355  0.0
1300356  0.0
1300357  0.0
1300358  0.0
1300360  0.0
1300361  0.0
1300415  0.0
1300429  0.0
1300430  0.0
1300431  0.0
1300433  0.0
1300434  0.0
1300448  0.0
1300452  0.0
1300455  0.0
1300477  0.0
1300478  0.0
1300479  0.0
1300480  0.0
1300482  0.0
1300489  0.0
1300490  0.0
1300495  0.0
1300511  0.0
1300525  0.0
1300526  0.0
1300527  0.0
1300529  0.0
1300530  0.0
1300559  0.0
1300560  0.0
1300561  0.0
1300562  0.0
1300564  0.0
1300676  0.0
1300677  0.0
1300678  0.0
1300679  0.0
1300680  0.0
1300681  0.0
1300684  0.0
1300685  0.0
1300686  0.0
1300716  0.0
1300774  0.0
1300780  0.0
1300814  0.0
1300820  0.0
1300953  0.0
1301011  0.0
1301015  0.0
1301021  0.0
1301035  0.0
1301169  0.0
1400057  0.0
1400058  0.0
1500637  0.0
1500640  0.0
1600203  0.0
1600337  0.0
1600346  0.0
1600355  0.0
1600366  0.0
1600375  0.0
1600384  0.0
1600395  0.0
1600404  0.0
1600413  0.0
1600424  0.0
1600433  0.0
1600442  0.0
1600453  0.0
1600462  0.0
1600471  0.0
1600480  0.0
1600491  0.0
1600504  0.0
1600513  0.0
1600522  0.0
1600533  0.0
1600542  0.0
1600553  0.0
1600562  0.0
1600571  0.0
1600582  0.0
1600591  0.0
1600602  0.0
1600611  0.0
1600620  0.0
1600629  0.0
1600640  0.0
1600649  0.0
1600669  0.0
1900540  0.0
2100079  0.0
2100101  0.0
2100110  0.0
2100119  0.0
2100128  0.0
2100137  0.0
2100146  0.0
2100155  0.0
2100164  0.0
2100173  0.0
2100243  0.0
2100244  0.0
2100245  0.0
2100246  0.0
2100248  0.0
2100250  0.0
2100259  0.0
2100268  0.0
2100275  0.0
2200150  0.0
2200151  0.0
2200152  0.0
2200153  0.0
2200154  0.0
2200155  0.0
2200156  0.0
2200157  0.0
2200158  0.0
2200159  0.0
2200207  0.0
2200208  0.0
2200209  0.0
2200210  0.0
2200211  0.0
2200212  0.0
2200213  0.0
2200214  0.0
2200215  0.0
2200216  0.0
2200225  0.0
2200226  0.0
2200227  0.0
2200228  0.0
2200229  0.0
2200230  0.0
2200231  0.0
2200232  0.0
2200233  0.0
2200234  0.0
2200314  0.0
2200323  0.0
2200324  0.0
2200325  0.0
2200326  0.0
2200328  0.0
2400054  0.0
2500754  0.0
2500781  0.0
2500790  0.0
2600506  0.0
2600524  0.0
2600525  0.0
2600527  0.0
2600537  0.0
2600552  0.0
2600594  0.0
2600610  0.0
2600611  0.0
2600612  0.0
2600630  0.0
2600642  0.0
2600673  0.0
2600674  0.0
2600675  0.0
2600676  0.0
2600678  0.0
2600680  0.0
2600692  0.0
2600693  0.0
2600694  0.0
2600695  0.0
2600697  0.0
2600699  0.0
2600722  0.0
2900110  0.0
3000096  0.0
3000115  0.0
3000121  0.0
3000123  0.0
3000217  0.0
3000334  0.0
3000353  0.0
3000384  0.0
3000386  0.0
3000388  0.0
3000431  0.0
3000432  0.0
3000444  0.0
3000471  0.0
3100077  0.0
3100078  0.0
3100081  0.0
3100084  0.0
3201365  0.0
3201368  0.0
3201369  0.0
3201394  0.0
3201407  0.0
3201446  0.0
3201447  0.0
3201448  0.0
3201451  0.0
3201452  0.0
3201453  0.0
3201454  0.0
3201455  0.0
3201464  0.0
3201474  0.0
3201522  0.0
3201541  0.0
3201560  0.0
3201563  0.0
3201584  0.0
3201596  0.0
3201606  0.0
3201618  0.0
3201623  0.0
3201637  0.0
3201651  0.0
3201679  0.0
3201681  0.0
3201698  0.0
3201724  0.0
3300040  0.0
3300041  0.0
3300050  0.0
3300052  0.0
3300053  0.0
3300054  0.0
3300055  0.0
3300056  0.0
3300058  0.0
3300069  0.0
3300133  0.0
3401198  0.0
3401213  0.0
3401218  0.0
3401220  0.0
3401228  0.0
3401230  0.0
3401232  0.0
3401233  0.0
3401235  0.0
3401257  0.0
3401259  0.0
3401261  0.0
3401262  0.0
3401264  0.0
3401272  0.0
3401274  0.0
3401276  0.0
3401277  0.0
3401279  0.0
3401287  0.0
3401297  0.0
3401319  0.0
3401321  0.0
3401327  0.0
3401329  0.0
3401330  0.0
3401332  0.0
3500984  0.0
3501036  0.0
3501037  0.0
3501056  0.0
3501114  0.0
3600086  0.0
3700046  0.0
3800824  0.0
3800833  0.0
3900058  0.0
3900061  0.0
3900064  0.0
3900096  0.0
3900097  0.0
3900108  0.0
3900136  0.0
3900157  0.0
3900182  0.0
3900183  0.0
3900202  0.0
3900205  0.0
3900210  0.0
3900229  0.0
3900230  0.0
3900231  0.0
3900232  0.0
3900234  0.0
3900238  0.0
3900256  0.0
3900258  0.0
3900260  0.0
3900284  0.0
3900285  0.0
4000071  0.0
4000093  0.0
4000094  0.0
4000095  0.0
4000097  0.0
4000119  0.0
4200320  0.0
4200340  0.0
4200403  0.0
4200425  0.0
4200595  0.0
4200832  0.0
4300134  0.0
4300201  0.0
4300202  0.0
4500159  0.0
4500161  0.0
4500162  0.0
4500165  0.0
4500166  0.0
4500167  0.0
4500168  0.0
4500170  0.0
4500171  0.0
4500172  0.0
4500173  0.0
4500174  0.0
4500176  0.0
4500177  0.0
4500178  0.0
4500182  0.0
4500185  0.0
4500189  0.0
4500190  0.0
4500192  0.0
4500193  0.0
4500194  0.0
4500195  0.0
4500198  0.0
4500200  0.0
4500224  0.0
4500365  0.0
4600119  0.0
4600120  0.0
4600123  0.0
4600124  0.0
4600126  0.0
4600127  0.0
4600128  0.0
4600129  0.0
4600131  0.0
4600132  0.0
4600134  0.0
4600146  0.0
4700170  0.0
4700196  0.0
4800049  0.0
4800079  0.0
4800091  0.0
4800111  0.0
4800165  0.0
4900062  0.0
4900066  0.0
4900070  0.0
4900074  0.0
4900078  0.0
4900082  0.0
4900086  0.0
4900087  0.0
4900088  0.0
4900090  0.0
4900106  0.0
4900110  0.0
4900117  0.0
5000103  0.0
5100140  0.0
5300406  0.0
5300457  0.0
5300458  0.0
5300459  0.0
5300469  0.0
5300470  0.0
5300471  0.0
5300574  0.0
5300578  0.0
5300595  0.0
5300611  0.0
5300620  0.0
5300621  0.0
5300622  0.0
5300627  0.0
5400056  0.0
5400060  0.0
5400063  0.0
5400089  0.0
5400093  0.0
5400094  0.0
5400096  0.0
5400097  0.0
5400099  0.0
5400100  0.0
5400102  0.0
5400210  0.0
5400213  0.0
5400235  0.0
5400238  0.0
5600076  0.0
5600104  0.0
5900076  0.0
5900088  0.0
5900100  0.0
6000144  0.0
6100048  0.0
6100061  0.0
6100065  0.0
6100069  0.0
6100073  0.0
6100077  0.0
6100081  0.0
6100088  0.0
6100094  0.0
6100098  0.0
6100111  0.0
6100120  0.0
6100129  0.0
6100138  0.0
6100158  0.0
6100168  0.0
6100178  0.0
6100186  0.0
6100190  0.0
6100194  0.0
6100198  0.0
6100202  0.0
6300145  0.0
6400064  0.0
6400068  0.0
6400072  0.0
6400076  0.0
6400080  0.0
6400112  0.0
6400116  0.0
6400123  0.0
6500085  0.0
6500090  0.0
6600074  0.0
6600078  0.0
6600101  0.0
6600102  0.0
6600113  0.0
6600114  0.0
6600115  0.0
6600116  0.0
6600117  0.0
6600118  0.0
6600119  0.0
6600120  0.0
6600121  0.0
6600122  0.0
6600123  0.0
6600124  0.0
6600145  0.0
6600158  0.0
6600170  0.0
6600182  0.0
6600186  0.0
6600190  0.0
6600233  0.0
6600234  0.0
6600238  0.0
6600247  0.0
6600254  0.0
6700054  0.0
6700056  0.0
6700057  0.0
6700060  0.0
6700061  0.0
6700062  0.0
6700064  0.0
6700067  0.0
6700068  0.0
6700069  0.0
6700084  0.0
6700140  0.0
6700154  0.0
6700207  0.0
6700211  0.0
6700215  0.0
6700219  0.0
6700223  0.0
6700232  0.0
6700239  0.0
6800105  0.0
6800106  0.0
6800108  0.0
6800114  0.0
6800119  0.0
6800124  0.0
6800151  0.0
6900074  0.0
6900075  0.0
6900076  0.0
6900078  0.0
6900101  0.0
7100074  0.0
7100080  0.0
7100093  0.0
7100098  0.0
7100109  0.0
7100114  0.0
7100157  0.0
7100213  0.0
7100217  0.0
7100251  0.0
7200479  0.0
7300283  0.0
7300299  0.0
7300303  0.0
7300307  0.0
7300311  0.0
7300345  0.0
7300355  0.0
7300361  0.0
7300368  0.0
7300369  0.0
7300370  0.0
7300373  0.0
7700054  0.0
7700057  0.0
7700077  0.0
7700081  0.0
7700085  0.0
7700089  0.0
7700093  0.0
7700097  0.0
7800049  0.0
7800055  0.0
7800059  0.0
7800063  0.0
7800067  0.0
7800071  0.0
7800072  0.0
7800076  0.0
7800077  0.0
7800081  0.0
7800082  0.0
7800086  0.0
7800087  0.0
7800091  0.0
7800092  0.0
7800096  0.0
7800097  0.0
7800101  0.0
7800105  0.0
7800119  0.0
7900053  0.0
7900085  0.0
7900089  0.0
7900093  0.0
7900097  0.0
7900101  0.0
7900105  0.0
7900109  0.0
7900113  0.0
7900129  0.0
7900151  0.0
7900164  0.0
7900171  0.0
8000272  0.0
8200229  0.0
8200235  0.0
8200450  0.0
