Chart-1	1767	1767	1767	1767	1747	1767	1767	1485	
Chart-2	264	264	264	264	265	264	264	133	
Chart-3	353	353	353	353	353	353	353	399	
Chart-4	1306	1306	1306	1306	1148	1306	1306	6316	
Chart-5	122	122	122	122	122	122	122	124	
Chart-6	28	28	28	28	96	28	28	183	
Chart-7	58	58	58	58	58	58	58	217	
Chart-8	65	54	65	66	52	65	65	65	
Chart-9	397	397	397	397	397	397	397	448	
Chart-11	41	41	41	41	41	41	41	45	
Chart-12	1793	1690	1793	1793	1690	1793	1793	2498	
Chart-15	6483	5992	6483	5428	5456	6483	6483	6483	
Chart-16	31	31	31	31	35	31	35	11	
Chart-17	354	354	354	354	354	354	354	186	
Chart-20	81	81	81	81	53	81	81	4	
Chart-21	69	69	69	69	69	69	69	221	
Chart-22	122	101	122	122	101	122	121	16	
Chart-25	3250	3384	3250	3250	323	3250	3250	434	
Chart-26	3829	3814	3829	3829	3813	3829	3862	9756	
Lang-1	92	79	92	92	79	92	92	263	
Lang-2	11	11	11	11	11	11	11	75	
Lang-3	64	64	64	64	64	64	64	127	
Lang-4	2	2	2	2	2	2	2	39	
Lang-5	14	14	14	14	14	14	14	17	
Lang-6	36	36	36	36	36	36	36	1033	
Lang-7	36	36	36	36	36	36	36	179	
Lang-9	62	62	62	62	62	62	62	596	
Lang-10	71	71	71	71	71	71	71	76	
Lang-12	4	4	3	4	4	4	4	8	
Lang-14	27	19	27	27	17	27	30	1268	
Lang-15	12	183	9	12	1938	12	194	224	
Lang-16	118	91	118	118	67	118	118	366	
Lang-17	5	5	5	5	5	5	5	46	
Lang-18	88	88	88	88	88	88	88	52	
Lang-19	33	33	33	33	36	33	33	45	
Lang-20	178	178	178	178	178	178	178	569	
Lang-22	31	31	31	31	25	31	32	172	
Lang-26	184	184	184	184	184	184	184	278	
Lang-27	91	91	91	91	91	91	91	186	
Lang-28	48	48	48	48	47	48	48	50	
Lang-30	117	116	96	117	96	117	119	1908	
Lang-31	805	404	885	805	353	805	1977	1979	
Lang-32	2	2	2	2	2	2	2	3	
Lang-34	229	229	229	229	229	229	229	638	
Lang-36	136	136	136	136	136	136	136	79	
Lang-37	884	794	950	950	317	884	884	884	
Lang-39	1060	765	1060	1085	482	1060	1060	1060	
Lang-40	1072	562	1072	1073	502	1072	1072	1072	
Lang-41	35	35	35	35	37	35	35	44	
Lang-42	141	141	141	141	141	141	141	234	
Lang-44	91	9	91	120	6	91	91	91	
Lang-46	77	44	42	74	42	77	77	77	
Lang-47	409	410	410	409	410	409	409	491	
Lang-48	9	9	9	9	9	9	9	13	
Lang-50	239	239	239	239	239	239	239	63	
Lang-53	203	138	166	11	138	138	135	135	
Lang-54	69	39	69	72	33	69	69	69	
Lang-55	7	14	7	23	17	7	7	7	
Lang-59	400	400	400	400	400	400	400	481	
Lang-60	320	320	320	320	333	320	320	509	
Lang-61	338	338	338	338	337	338	338	911	
Lang-62	198	198	198	198	198	198	198	112	
Lang-63	41	41	41	41	41	41	41	115	
Lang-64	138	138	138	138	130	138	138	96	
Lang-65	9	9	9	9	9	9	9	68	
Math-1	927	929	928	927	929	927	922	117	
Math-2	237	237	237	237	243	237	237	251	
Math-6	4	4	4	4	4	4	4	63	
Math-7	1014	1014	1014	1014	1014	1014	1014	536	
Math-11	877	722	877	911	510	877	877	877	
Math-13	134	134	134	134	134	114	114	1294	
Math-14	74	74	74	74	74	74	74	680	
Math-15	13	13	13	13	13	13	13	1659	
Math-16	1	1	1	1	1	1	1	1622	
Math-17	669	669	669	669	601	669	669	694	
Math-21	253	232	253	253	184	253	281	291	
Math-23	103	103	103	103	103	103	103	58	
Math-24	164	164	164	164	164	164	164	87	
Math-26	428	428	428	428	91	428	428	49	
Math-27	284	267	284	294	240	284	284	284	
Math-28	255	255	255	255	255	255	255	238	
Math-29	322	322	323	322	319	322	322	1050	
Math-30	28	266	25	2469	266	28	28	28	
Math-31	270	270	270	270	247	270	270	210	
Math-33	352	352	352	352	352	352	352	107	
Math-34	105	107	105	105	107	105	105	18	
Math-35	8	8	9	8	9	9	9	8	
Math-36	364	364	364	364	384	364	364	518	
Math-37	620	620	620	620	620	620	556	430	
Math-40	440	440	440	440	424	440	440	483	
Math-41	593	593	593	593	593	593	593	572	
Math-42	328	328	328	328	328	328	328	476	
Math-43	163	163	163	163	163	163	163	436	
Math-44	150	150	150	150	150	150	150	147	
Math-45	451	451	451	451	451	451	451	964	
Math-46	722	722	722	722	722	722	722	41	
Math-47	11	11	11	11	11	11	11	755	
Math-48	489	489	489	489	487	489	489	970	
Math-49	1214	1214	1214	1214	1214	1214	1214	1378	
Math-50	486	486	486	486	484	486	486	88	
Math-52	1054	907	1054	892	774	1054	1054	1054	
Math-53	34	34	34	34	34	34	34	25	
Math-54	964	964	964	964	605	964	964	2269	
Math-55	525	525	525	525	525	525	525	735	
Math-57	371	371	371	371	2527	371	371	423	
Math-58	37	48	37	37	37	39	39	185	
Math-62	325	325	325	2061	2059	325	325	325	
Math-64	88	88	88	88	88	88	88	11	
Math-65	251	251	251	251	251	251	251	404	
Math-66	7	6	7	7	7	7	7	262	
Math-68	60	60	60	60	60	60	60	86	
Math-69	220	220	220	220	214	220	237	281	
Math-74	139	139	139	139	139	139	139	258	
Math-76	441	408	441	441	239	442	521	523	
Math-79	129	129	129	129	129	129	129	379	
Math-81	26	26	26	26	26	26	26	409	
Math-82	169	169	169	169	169	169	169	254	
Math-83	136	135	136	136	136	136	136	249	
Math-84	28	78	28	28	78	28	39	53	
Math-85	162	162	162	162	162	162	162	331	
Math-86	4	75	4	4	74	4	21	132	
Math-87	11	114	11	11	11	11	11	131	
Math-88	266	266	266	266	271	266	266	364	
Math-89	11	9	1	40	26	11	11	8	
Math-90	1	4	1	1	19	1	1	26	
Math-92	41	40	41	41	37	41	41	11	
Math-93	104	96	104	104	79	104	104	196	
Math-94	3	3	3	3	2	3	3	186	
Math-95	123	120	123	235	114	123	123	123	
Math-96	21	21	21	21	21	21	21	50	
Math-97	22	22	22	22	56	22	22	51	
Math-98	412	412	412	412	412	412	412	237	
Math-99	27	27	27	27	27	27	27	75	
Math-100	269	269	269	269	269	269	269	192	
Math-101	72	72	72	72	32	72	72	69	
Math-103	42	42	42	42	40	42	42	60	
Math-105	25	25	25	25	28	28	28	48	
Mockito-2	342	342	342	342	342	342	342	616	
Mockito-3	655	655	655	655	1049	655	655	1162	
Mockito-5	1507	1507	1507	1507	1507	1507	1507	1330	
Mockito-6	1427	1423	1407	1427	1406	1427	1435	1163	
Mockito-9	78	78	78	78	78	78	78	1165	
Mockito-10	82	82	82	82	82	82	82	1040	
Mockito-11	761	730	761	761	730	761	798	798	
Mockito-12	140	140	140	140	140	140	137	398	
Mockito-13	370	370	370	370	370	370	370	1082	
Mockito-14	66	66	66	66	66	66	66	887	
Mockito-16	107	107	107	107	107	107	107	621	
Mockito-17	58	58	58	58	58	58	58	16	
Mockito-18	365	365	365	365	352	365	365	896	
Mockito-20	361	361	361	361	361	361	361	1750	
Mockito-21	227	227	227	227	238	227	227	3	
Mockito-22	312	312	312	312	300	312	312	689	
Mockito-23	83	83	83	83	83	83	83	1076	
Mockito-24	2435	2407	2435	2435	2331	2435	2538	3015	
Mockito-25	80	80	80	80	80	80	80	2417	
Mockito-26	582	582	582	582	582	582	582	2416	
Mockito-27	915	915	915	915	915	915	915	642	
Mockito-28	350	350	350	350	350	350	350	499	
Mockito-29	797	798	797	797	809	797	797	57	
Mockito-32	24	24	24	24	24	24	24	604	
Mockito-33	402	402	402	402	402	402	402	1148	
Mockito-34	513	513	513	513	444	513	513	1345	
Mockito-35	894	894	894	894	894	894	894	1192	
Mockito-36	230	230	230	230	230	230	230	1860	
Mockito-37	405	405	406	405	501	406	410	1032	
Mockito-38	674	674	674	674	593	674	674	894	
Time-1	1505	1505	1505	1505	1505	1505	1505	594	
Time-2	2001	2001	2001	2001	2000	2001	2002	1900	
Time-3	2775	2758	2749	2775	2749	2775	2833	1111	
Time-4	2776	2776	2776	2776	2776	2776	2776	2601	
Time-5	2129	2099	2129	2129	2096	2129	2170	3272	
Time-7	3151	3151	3151	3151	3151	3151	3151	1243	
Time-8	1449	1449	1449	1449	1449	1449	1449	2865	
Time-9	1435	1435	1435	1435	1435	1435	1435	2796	
Time-10	1979	1981	1979	1979	1998	1979	1979	546	
Time-11	1456	1120	2132	1803	1042	1456	1456	1456	
Time-12	2559	2559	2559	2559	2559	2559	2559	265	
Time-14	3317	3317	3317	3317	3317	3317	3317	4680	
Time-15	71	71	71	71	71	71	71	121	
Time-17	2804	2804	2804	2804	2804	2804	2804	1427	
Time-18	2021	2021	2021	2021	2021	2021	2021	2337	
Time-19	1408	1408	1408	1408	1294	1408	1408	487	
Time-21	1835	1833	1835	1835	1829	1835	1846	1171	
Time-22	1774	1774	1774	1774	1772	1774	1774	689	
Time-23	926	849	926	926	844	926	926	1334	
Time-27	959	959	959	959	1082	959	959	2954	
