500059  1.0
500063  1.0
500074  1.0
500075  1.0
500076  1.0
1900293  1.0
1900296  1.0
1900297  1.0
1901791  1.0
1901792  1.0
1901793  1.0
1901795  1.0
1901796  1.0
1901797  1.0
1901798  1.0
2400286  1.0
2400291  1.0
2400294  1.0
2400309  1.0
2400317  1.0
2400320  1.0
2400361  1.0
2400368  1.0
2400374  1.0
2400509  1.0
2400567  1.0
2400568  1.0
2400584  1.0
2400586  1.0
2400589  1.0
2400590  1.0
2400591  1.0
2400592  1.0
2400594  1.0
2400595  1.0
2400597  1.0
2400599  1.0
2400600  1.0
2400601  1.0
2400605  1.0
2400607  1.0
2400608  1.0
2400610  1.0
2400611  1.0
2400616  1.0
2400617  1.0
2400618  1.0
2400622  1.0
2400624  1.0
2400625  1.0
2400626  1.0
2400631  1.0
2400632  1.0
2400634  1.0
2400635  1.0
2400636  1.0
2400637  1.0
2400639  1.0
2400640  1.0
2400641  1.0
2400643  1.0
2400644  1.0
2400645  1.0
2400647  1.0
2400648  1.0
2400649  1.0
2400651  1.0
2400652  1.0
2400653  1.0
2400654  1.0
2400656  1.0
2400658  1.0
2400659  1.0
2400660  1.0
2400662  1.0
2400663  1.0
2400664  1.0
2400665  1.0
2400667  1.0
2400669  1.0
2400670  1.0
2400671  1.0
2400913  1.0
2400914  1.0
2400946  1.0
2400950  1.0
2400951  1.0
2400954  1.0
2401013  1.0
2401014  1.0
2401015  1.0
2401019  1.0
2401040  1.0
2401041  1.0
2401042  1.0
2401044  1.0
2401045  1.0
2401046  1.0
2401051  1.0
2401197  1.0
2401198  1.0
2401227  1.0
2401231  1.0
2401232  1.0
2401235  1.0
2401291  1.0
2401292  1.0
2401293  1.0
2401297  1.0
2401320  1.0
2401321  1.0
2401322  1.0
2401324  1.0
2401339  1.0
2401340  1.0
2401352  1.0
2401353  1.0
2401356  1.0
2401357  1.0
2401358  1.0
2401362  1.0
2401365  1.0
2401367  1.0
2401410  1.0
2401411  1.0
2401412  1.0
2401413  1.0
2401426  1.0
2401429  1.0
2401430  1.0
2401431  1.0
2401433  1.0
2401436  1.0
2401449  1.0
2401452  1.0
2401453  1.0
2401456  1.0
2401457  1.0
2401458  1.0
2401459  1.0
2401463  1.0
2401466  1.0
2401468  1.0
2401507  1.0
2401508  1.0
2401509  1.0
2401510  1.0
2401523  1.0
2401526  1.0
2401527  1.0
2401528  1.0
2401530  1.0
2401534  1.0
2401613  1.0
2401614  1.0
2401665  1.0
2401667  1.0
2401672  1.0
2401673  1.0
2401674  1.0
2401675  1.0
2401678  1.0
2401679  1.0
2401681  1.0
2401682  1.0
2401684  1.0
2401727  1.0
2402334  1.0
2402335  1.0
2402336  1.0
2402337  1.0
2402341  1.0
2402345  1.0
2402346  1.0
2402347  1.0
2402350  1.0
700191  0.5
700192  0.5
3200107  0.5
3300161  0.5
3300162  0.5
3300163  0.5
4300056  0.5
4300060  0.5
4300064  0.5
4300075  0.5
4300076  0.5
4300077  0.5
1702892  0.25
1702895  0.25
1702896  0.25
3000068  0.16666666666666663
3000069  0.16666666666666663
3000070  0.16666666666666663
3000107  0.16666666666666663
4400061  0.09090909090909094
4400065  0.09090909090909094
4400069  0.09090909090909094
4400073  0.09090909090909094
4400084  0.09090909090909094
4400085  0.09090909090909094
4400086  0.09090909090909094
4600062  0.09090909090909094
4600069  0.09090909090909094
4600080  0.09090909090909094
4600081  0.09090909090909094
4600082  0.09090909090909094
3900201  0.0714285714285714
3900202  0.0714285714285714
2900057  0.0625
2900061  0.0625
2900072  0.0625
2900073  0.0625
2900074  0.0625
700133  0.05555555555555558
700134  0.05555555555555558
3200085  0.05555555555555558
1400131  0.052631578947368474
1400132  0.052631578947368474
3200095  0.052631578947368474
3200096  0.052631578947368474
1000259  0.04347826086956519
1000260  0.04347826086956519
1000243  0.04166666666666663
1000244  0.04166666666666663
1000246  0.04166666666666663
1100257  0.04166666666666663
1100258  0.04166666666666663
1100270  0.04166666666666663
1100273  0.04166666666666663
1100277  0.04166666666666663
1100278  0.04166666666666663
1100282  0.04166666666666663
1100283  0.04166666666666663
1100284  0.04166666666666663
1100286  0.04166666666666663
1100287  0.04166666666666663
1100288  0.04166666666666663
1100289  0.04166666666666663
1100292  0.04166666666666663
900064  0.040000000000000036
900065  0.040000000000000036
900087  0.040000000000000036
900088  0.040000000000000036
900090  0.040000000000000036
1000080  0.040000000000000036
1000081  0.040000000000000036
1000083  0.040000000000000036
1000084  0.040000000000000036
1100073  0.040000000000000036
1100074  0.040000000000000036
1100075  0.040000000000000036
1100076  0.040000000000000036
1100077  0.040000000000000036
3900211  0.040000000000000036
3900212  0.040000000000000036
3900213  0.040000000000000036
3900214  0.040000000000000036
3900215  0.040000000000000036
3900216  0.040000000000000036
3900217  0.040000000000000036
3900218  0.040000000000000036
3900219  0.040000000000000036
3900220  0.040000000000000036
3900221  0.040000000000000036
3900222  0.040000000000000036
3900223  0.040000000000000036
1500456  0.03448275862068961
3300111  0.03448275862068961
3300123  0.033333333333333326
3300126  0.033333333333333326
3300131  0.033333333333333326
3300132  0.033333333333333326
3300133  0.033333333333333326
3300109  0.032258064516129004
3300110  0.032258064516129004
3300113  0.032258064516129004
5100078  0.030303030303030276
5100079  0.030303030303030276
5100091  0.030303030303030276
5100092  0.030303030303030276
5100095  0.030303030303030276
5100096  0.030303030303030276
5100097  0.030303030303030276
5100098  0.030303030303030276
5100099  0.030303030303030276
5100100  0.030303030303030276
1500986  0.02857142857142858
1500987  0.02857142857142858
300072  0.02564102564102566
300073  0.02564102564102566
300074  0.02564102564102566
300133  0.02564102564102566
300136  0.02564102564102566
300137  0.02564102564102566
300138  0.02564102564102566
300145  0.02564102564102566
300205  0.02564102564102566
300206  0.02564102564102566
300211  0.02564102564102566
300212  0.02564102564102566
300214  0.02564102564102566
600065  0.02564102564102566
600066  0.02564102564102566
600074  0.02564102564102566
600075  0.02564102564102566
600076  0.02564102564102566
600077  0.02564102564102566
1200071  0.02564102564102566
1200072  0.02564102564102566
1200073  0.02564102564102566
1200074  0.02564102564102566
1300064  0.02564102564102566
1300065  0.02564102564102566
1300066  0.02564102564102566
1500969  0.02564102564102566
1500972  0.02564102564102566
1500973  0.02564102564102566
1500978  0.02564102564102566
700095  0.024390243902439046
700096  0.024390243902439046
700097  0.024390243902439046
700098  0.024390243902439046
700176  0.024390243902439046
700177  0.024390243902439046
700189  0.024390243902439046
700190  0.024390243902439046
700196  0.024390243902439046
800063  0.024390243902439046
800064  0.024390243902439046
800065  0.024390243902439046
1500203  0.023255813953488413
1500206  0.023255813953488413
1500210  0.023255813953488413
1500214  0.023255813953488413
1500223  0.023255813953488413
1500232  0.023255813953488413
1500236  0.023255813953488413
1500277  0.023255813953488413
1500280  0.023255813953488413
1500306  0.023255813953488413
1500308  0.023255813953488413
1500309  0.023255813953488413
1500310  0.023255813953488413
1500311  0.023255813953488413
1500312  0.023255813953488413
1500313  0.023255813953488413
1500314  0.023255813953488413
1500315  0.023255813953488413
1500316  0.023255813953488413
1500318  0.023255813953488413
1500319  0.023255813953488413
1500320  0.023255813953488413
1500322  0.023255813953488413
1500324  0.023255813953488413
1500325  0.023255813953488413
1500327  0.023255813953488413
4800122  0.022222222222222254
4800128  0.022222222222222254
4500083  0.021739130434782594
4500087  0.021739130434782594
4500091  0.021739130434782594
4500095  0.021739130434782594
4500100  0.021739130434782594
4500105  0.021739130434782594
4500150  0.021739130434782594
4500156  0.021739130434782594
4500197  0.021739130434782594
4500199  0.021739130434782594
4500200  0.021739130434782594
4500201  0.021739130434782594
4500202  0.021739130434782594
4500203  0.021739130434782594
4500204  0.021739130434782594
4500205  0.021739130434782594
4500289  0.021739130434782594
4500291  0.021739130434782594
4500292  0.021739130434782594
4500293  0.021739130434782594
4500294  0.021739130434782594
4500297  0.021739130434782594
4500299  0.021739130434782594
4500302  0.021739130434782594
4500303  0.021739130434782594
4500304  0.021739130434782594
4500307  0.021739130434782594
4500308  0.021739130434782594
4500309  0.021739130434782594
4500312  0.021739130434782594
4500315  0.021739130434782594
4500316  0.021739130434782594
4500317  0.021739130434782594
4500320  0.021739130434782594
4500323  0.021739130434782594
4500324  0.021739130434782594
4500325  0.021739130434782594
4500328  0.021739130434782594
4500331  0.021739130434782594
4500332  0.021739130434782594
4500333  0.021739130434782594
4500335  0.021739130434782594
4500517  0.021739130434782594
4500532  0.021739130434782594
4700059  0.021739130434782594
4700062  0.021739130434782594
4700065  0.021739130434782594
4700068  0.021739130434782594
4700071  0.021739130434782594
4700074  0.021739130434782594
4700077  0.021739130434782594
4700080  0.021739130434782594
4700083  0.021739130434782594
4700086  0.021739130434782594
4700089  0.021739130434782594
4700092  0.021739130434782594
4700095  0.021739130434782594
4700098  0.021739130434782594
4700101  0.021739130434782594
4700104  0.021739130434782594
4700107  0.021739130434782594
4700110  0.021739130434782594
4700113  0.021739130434782594
4700116  0.021739130434782594
4700119  0.021739130434782594
4700122  0.021739130434782594
4700125  0.021739130434782594
4700128  0.021739130434782594
4700151  0.021739130434782594
100087  0.01851851851851849
100088  0.01851851851851849
100091  0.01851851851851849
100092  0.01851851851851849
100093  0.01851851851851849
200049  0.01851851851851849
3100065  0.01538461538461533
3100102  0.01538461538461533
3100103  0.01538461538461533
3100116  0.01538461538461533
3100117  0.01538461538461533
3100120  0.01538461538461533
3100121  0.01538461538461533
3100122  0.01538461538461533
3100123  0.01538461538461533
3100124  0.01538461538461533
3100125  0.01538461538461533
5200056  0.014285714285714235
5200059  0.014285714285714235
5200069  0.014285714285714235
5200070  0.014285714285714235
5200071  0.014285714285714235
3300149  0.007299270072992692
1900249  0.00694444444444442
1900250  0.00694444444444442
1900251  0.00694444444444442
1900252  0.00694444444444442
1900253  0.00694444444444442
1900255  0.00694444444444442
1900256  0.00694444444444442
1900257  0.00694444444444442
4100075  0.00694444444444442
4100076  0.00694444444444442
4100083  0.00694444444444442
4100084  0.00694444444444442
4100087  0.00694444444444442
4100088  0.00694444444444442
1700305  0.005649717514124242
1700378  0.005649717514124242
1700396  0.005649717514124242
1700398  0.005649717514124242
1700399  0.005649717514124242
1700401  0.005649717514124242
1700402  0.005649717514124242
1700404  0.005649717514124242
1700405  0.005649717514124242
1700406  0.005649717514124242
1700408  0.005649717514124242
1700409  0.005649717514124242
1700410  0.005649717514124242
1700412  0.005649717514124242
1700413  0.005649717514124242
1700414  0.005649717514124242
1700416  0.005649717514124242
1700417  0.005649717514124242
1700418  0.005649717514124242
1700420  0.005649717514124242
1700421  0.005649717514124242
1700422  0.005649717514124242
1700424  0.005649717514124242
1700425  0.005649717514124242
1700426  0.005649717514124242
1700428  0.005649717514124242
1700429  0.005649717514124242
1700431  0.005649717514124242
1700432  0.005649717514124242
1700434  0.005649717514124242
1700435  0.005649717514124242
1700437  0.005649717514124242
1700438  0.005649717514124242
1700441  0.005649717514124242
1700442  0.005649717514124242
1700445  0.005649717514124242
1700446  0.005649717514124242
1700448  0.005649717514124242
1700450  0.005649717514124242
1700451  0.005649717514124242
1700453  0.005649717514124242
1700455  0.005649717514124242
1700456  0.005649717514124242
1700458  0.005649717514124242
1700459  0.005649717514124242
1700461  0.005649717514124242
1700463  0.005649717514124242
1700464  0.005649717514124242
1700465  0.005649717514124242
2500060  0.005649717514124242
2500064  0.005649717514124242
2500068  0.005649717514124242
2500072  0.005649717514124242
2500076  0.005649717514124242
2500080  0.005649717514124242
2500084  0.005649717514124242
2500088  0.005649717514124242
2500092  0.005649717514124242
2500096  0.005649717514124242
2500100  0.005649717514124242
2500104  0.005649717514124242
2500108  0.005649717514124242
2500112  0.005649717514124242
2500116  0.005649717514124242
2500120  0.005649717514124242
2500124  0.005649717514124242
2500128  0.005649717514124242
2500132  0.005649717514124242
2500136  0.005649717514124242
2500140  0.005649717514124242
2500144  0.005649717514124242
2500148  0.005649717514124242
2500152  0.005649717514124242
2500156  0.005649717514124242
2500167  0.005649717514124242
2500168  0.005649717514124242
2500169  0.005649717514124242
2800090  0.005649717514124242
2800091  0.005649717514124242
2800109  0.005649717514124242
2800111  0.005649717514124242
2800115  0.005649717514124242
2800118  0.005649717514124242
2800123  0.005649717514124242
2800124  0.005649717514124242
2800125  0.005649717514124242
2800126  0.005649717514124242
2800128  0.005649717514124242
3400120  0.005649717514124242
3400121  0.005649717514124242
3400123  0.005649717514124242
3400124  0.005649717514124242
3400125  0.005649717514124242
3400126  0.005649717514124242
3400127  0.005649717514124242
3400128  0.005649717514124242
3400129  0.005649717514124242
3400130  0.005649717514124242
3400131  0.005649717514124242
3400132  0.005649717514124242
3400133  0.005649717514124242
3400265  0.005649717514124242
3400268  0.005649717514124242
3400269  0.005649717514124242
3500060  0.005649717514124242
3500061  0.005649717514124242
3600059  0.005649717514124242
3600060  0.005649717514124242
3700058  0.005649717514124242
3700059  0.005649717514124242
3800059  0.005649717514124242
3800060  0.005649717514124242
4000058  0.005291005291005346
4000062  0.005291005291005346
4000066  0.005291005291005346
4000070  0.005291005291005346
4000074  0.005291005291005346
4000078  0.005291005291005346
4000082  0.005291005291005346
4000086  0.005291005291005346
4000089  0.005291005291005346
4000093  0.005291005291005346
4000097  0.005291005291005346
4000101  0.005291005291005346
4000105  0.005291005291005346
4000109  0.005291005291005346
4000113  0.005291005291005346
4000124  0.005291005291005346
4000125  0.005291005291005346
4000126  0.005291005291005346
1700150  0.005102040816326481
1700153  0.005102040816326481
1700156  0.005102040816326481
1700159  0.005102040816326481
1700162  0.005102040816326481
1700165  0.005102040816326481
1700169  0.005102040816326481
1700173  0.005102040816326481
1702760  0.005102040816326481
1702763  0.005102040816326481
1400069  0.005025125628140725
1400070  0.005025125628140725
1400093  0.005025125628140725
1400094  0.005025125628140725
1400095  0.005025125628140725
1400096  0.005025125628140725
1600055  0.005025125628140725
1600059  0.005025125628140725
1600063  0.005025125628140725
1600074  0.005025125628140725
1600075  0.005025125628140725
1600076  0.005025125628140725
3200058  0.004566210045662156
3200059  0.004566210045662156
3300068  0.004566210045662156
3300071  0.004566210045662156
3300077  0.004566210045662156
3300078  0.004566210045662156
3300086  0.004566210045662156
3300087  0.004566210045662156
3300095  0.004566210045662156
3300096  0.004566210045662156
3300097  0.004566210045662156
3300098  0.004566210045662156
300082  0.0
300095  0.0
300096  0.0
300097  0.0
300098  0.0
300100  0.0
300115  0.0
300116  0.0
300117  0.0
300118  0.0
300120  0.0
300139  0.0
300140  0.0
300141  0.0
300143  0.0
300144  0.0
300154  0.0
300155  0.0
300156  0.0
300157  0.0
300158  0.0
300159  0.0
300160  0.0
300173  0.0
300174  0.0
300178  0.0
600085  0.0
600094  0.0
700108  0.0
700145  0.0
700146  0.0
700161  0.0
700162  0.0
700222  0.0
700223  0.0
700235  0.0
700236  0.0
700237  0.0
700239  0.0
700259  0.0
700261  0.0
1000094  0.0
1000105  0.0
1000120  0.0
1000122  0.0
1000123  0.0
1000126  0.0
1000142  0.0
1000156  0.0
1000167  0.0
1000221  0.0
1000223  0.0
1000224  0.0
1000409  0.0
1000410  0.0
1100087  0.0
1100098  0.0
1100112  0.0
1100113  0.0
1100114  0.0
1100115  0.0
1100116  0.0
1100117  0.0
1100118  0.0
1100119  0.0
1100123  0.0
1100136  0.0
1100150  0.0
1100153  0.0
1100164  0.0
1100222  0.0
1100225  0.0
1100228  0.0
1100229  0.0
1100233  0.0
1100234  0.0
1100238  0.0
1100239  0.0
1100240  0.0
1100241  0.0
1100279  0.0
1200082  0.0
1200091  0.0
1400113  0.0
1400114  0.0
1500348  0.0
1500349  0.0
1500512  0.0
1500525  0.0
1500526  0.0
1500540  0.0
1500543  0.0
1500544  0.0
1500545  0.0
1500546  0.0
1500550  0.0
1500560  0.0
1500573  0.0
1500580  0.0
1500581  0.0
1500582  0.0
1500625  0.0
1500626  0.0
1500627  0.0
1500631  0.0
1500633  0.0
1500649  0.0
1500650  0.0
1500651  0.0
1500853  0.0
1500860  0.0
1500861  0.0
1500865  0.0
1500866  0.0
1500868  0.0
1500878  0.0
1500947  0.0
1500948  0.0
1500974  0.0
1500975  0.0
1501022  0.0
1501023  0.0
1501024  0.0
1501037  0.0
1501038  0.0
1501054  0.0
1501057  0.0
1501060  0.0
1501061  0.0
1501076  0.0
1501077  0.0
1501079  0.0
1501080  0.0
1501081  0.0
1501082  0.0
1501096  0.0
1501097  0.0
1501125  0.0
1501128  0.0
1501129  0.0
1501130  0.0
1501131  0.0
1501133  0.0
1501142  0.0
1501143  0.0
1501144  0.0
1501145  0.0
1501155  0.0
1501156  0.0
1501236  0.0
1501237  0.0
1501238  0.0
1501239  0.0
1501309  0.0
1501312  0.0
1501315  0.0
1501316  0.0
1501319  0.0
1501324  0.0
1501328  0.0
1501331  0.0
1501334  0.0
1501337  0.0
1501340  0.0
1501343  0.0
1501347  0.0
1501350  0.0
1501353  0.0
1501356  0.0
1501359  0.0
1501362  0.0
1501365  0.0
1501378  0.0
1501381  0.0
1501385  0.0
1501387  0.0
1501388  0.0
1501400  0.0
1501401  0.0
1501402  0.0
1501403  0.0
1501405  0.0
1501406  0.0
1501418  0.0
1501419  0.0
1501420  0.0
1501421  0.0
1501423  0.0
1501425  0.0
1501427  0.0
1700510  0.0
1700511  0.0
1700512  0.0
1700515  0.0
1700541  0.0
1700542  0.0
1700556  0.0
1700557  0.0
1700562  0.0
1700563  0.0
1700565  0.0
1700588  0.0
1700589  0.0
1700601  0.0
1700602  0.0
1700607  0.0
1700608  0.0
1700610  0.0
1700657  0.0
1700658  0.0
1700673  0.0
1700674  0.0
1700675  0.0
1700677  0.0
1700700  0.0
1700701  0.0
1700713  0.0
1700714  0.0
1700715  0.0
1700717  0.0
1700796  0.0
1700797  0.0
1700810  0.0
1700811  0.0
1700812  0.0
1700814  0.0
1700852  0.0
1700853  0.0
1700865  0.0
1700866  0.0
1700867  0.0
1700869  0.0
1700882  0.0
1700976  0.0
1700977  0.0
1700990  0.0
1700991  0.0
1700992  0.0
1700994  0.0
1701017  0.0
1701018  0.0
1701030  0.0
1701033  0.0
1701034  0.0
1701035  0.0
1701037  0.0
1701051  0.0
1701147  0.0
1701148  0.0
1701161  0.0
1701162  0.0
1701163  0.0
1701165  0.0
1701188  0.0
1701189  0.0
1701201  0.0
1701204  0.0
1701205  0.0
1701206  0.0
1701208  0.0
1701222  0.0
1701309  0.0
1701310  0.0
1701323  0.0
1701324  0.0
1701325  0.0
1701327  0.0
1701365  0.0
1701366  0.0
1701378  0.0
1701381  0.0
1701382  0.0
1701383  0.0
1701385  0.0
1701398  0.0
1701485  0.0
1701486  0.0
1701500  0.0
1701501  0.0
1701502  0.0
1701504  0.0
1701526  0.0
1701527  0.0
1701540  0.0
1701543  0.0
1701544  0.0
1701545  0.0
1701547  0.0
1701561  0.0
1701656  0.0
1701657  0.0
1701670  0.0
1701671  0.0
1701672  0.0
1701674  0.0
1701697  0.0
1701698  0.0
1701710  0.0
1701713  0.0
1701714  0.0
1701715  0.0
1701717  0.0
1701730  0.0
1701805  0.0
1701806  0.0
1701816  0.0
1701817  0.0
1701830  0.0
1701831  0.0
1701832  0.0
1701834  0.0
1701857  0.0
1701858  0.0
1701870  0.0
1701871  0.0
1701872  0.0
1701874  0.0
1701920  0.0
1701921  0.0
1701935  0.0
1701936  0.0
1701937  0.0
1701939  0.0
1701962  0.0
1701965  0.0
1701966  0.0
1701979  0.0
1701980  0.0
1701981  0.0
1701983  0.0
1702029  0.0
1702030  0.0
1702045  0.0
1702046  0.0
1702047  0.0
1702049  0.0
1702072  0.0
1702073  0.0
1702086  0.0
1702089  0.0
1702090  0.0
1702091  0.0
1702093  0.0
1702147  0.0
1702148  0.0
1702164  0.0
1702165  0.0
1702166  0.0
1702168  0.0
1702190  0.0
1702191  0.0
1702204  0.0
1702207  0.0
1702208  0.0
1702209  0.0
1702211  0.0
1702267  0.0
1702268  0.0
1702284  0.0
1702285  0.0
1702286  0.0
1702288  0.0
1702310  0.0
1702311  0.0
1702324  0.0
1702327  0.0
1702328  0.0
1702329  0.0
1702331  0.0
1702352  0.0
1702353  0.0
1702354  0.0
1702402  0.0
1702403  0.0
1702418  0.0
1702419  0.0
1702420  0.0
1702422  0.0
1702446  0.0
1702447  0.0
1702460  0.0
1702461  0.0
1702462  0.0
1702464  0.0
1702536  0.0
1702537  0.0
1702538  0.0
1702560  0.0
1702561  0.0
1702562  0.0
1702634  0.0
1702635  0.0
1702636  0.0
1702658  0.0
1702659  0.0
1702660  0.0
1702705  0.0
1702706  0.0
1702707  0.0
1702729  0.0
1702730  0.0
1702731  0.0
1702742  0.0
1702923  0.0
1702924  0.0
1702943  0.0
1702944  0.0
1702952  0.0
1702953  0.0
1702954  0.0
1702955  0.0
1702958  0.0
1702968  0.0
1702971  0.0
1702974  0.0
1702975  0.0
1702979  0.0
1702982  0.0
1702985  0.0
1702986  0.0
1702988  0.0
1702989  0.0
1702991  0.0
1702993  0.0
1702995  0.0
1702996  0.0
1702998  0.0
1702999  0.0
1703001  0.0
1703002  0.0
1703004  0.0
1703005  0.0
1703007  0.0
1703008  0.0
1703010  0.0
1703012  0.0
1703014  0.0
1703016  0.0
1703018  0.0
1703019  0.0
1703021  0.0
1703022  0.0
1703024  0.0
1703026  0.0
1703028  0.0
1703031  0.0
1703033  0.0
1703034  0.0
1703036  0.0
1703037  0.0
1703039  0.0
1703041  0.0
1703043  0.0
1703044  0.0
1703046  0.0
1703048  0.0
1703050  0.0
1703052  0.0
1703054  0.0
1703056  0.0
1703058  0.0
1703060  0.0
1703062  0.0
1703064  0.0
1703066  0.0
1703068  0.0
1703070  0.0
1703072  0.0
1703074  0.0
1703076  0.0
1703078  0.0
1703079  0.0
1703081  0.0
1703083  0.0
1703085  0.0
1703086  0.0
1703088  0.0
1703090  0.0
1703092  0.0
1703094  0.0
1703096  0.0
1703097  0.0
1703099  0.0
1703101  0.0
1703103  0.0
1703105  0.0
1703107  0.0
1703109  0.0
1703111  0.0
1703120  0.0
1703121  0.0
1703122  0.0
1703123  0.0
1703124  0.0
1703125  0.0
1703126  0.0
1703127  0.0
1703128  0.0
1703129  0.0
1703130  0.0
1703131  0.0
1703132  0.0
1703133  0.0
1703134  0.0
1703137  0.0
1703138  0.0
1703150  0.0
1703162  0.0
1703164  0.0
1703165  0.0
1703169  0.0
1703170  0.0
1703175  0.0
1703176  0.0
1703180  0.0
1703181  0.0
1703184  0.0
1703185  0.0
1703190  0.0
1703191  0.0
1703196  0.0
1703197  0.0
1703202  0.0
1703203  0.0
1703205  0.0
1703206  0.0
1703210  0.0
1703211  0.0
1703217  0.0
1703218  0.0
1703224  0.0
1703225  0.0
1703231  0.0
1703232  0.0
1703238  0.0
1703239  0.0
1703244  0.0
1703245  0.0
1703249  0.0
1703250  0.0
1703252  0.0
1703253  0.0
1703255  0.0
1703256  0.0
1703258  0.0
1703260  0.0
1703271  0.0
1703272  0.0
1703273  0.0
1703274  0.0
1703275  0.0
1703276  0.0
1703277  0.0
1703278  0.0
1703279  0.0
1703280  0.0
1703281  0.0
1703294  0.0
1703295  0.0
1703296  0.0
1703297  0.0
1703298  0.0
1703299  0.0
1703300  0.0
1703301  0.0
1703302  0.0
1703303  0.0
1703307  0.0
1703309  0.0
1800164  0.0
1800174  0.0
1800194  0.0
1800206  0.0
1800300  0.0
1800301  0.0
1800302  0.0
1800303  0.0
1800304  0.0
1800305  0.0
1800307  0.0
1800308  0.0
1800309  0.0
1800310  0.0
1800311  0.0
1800312  0.0
1800313  0.0
1800314  0.0
1800315  0.0
1800316  0.0
1800317  0.0
1800328  0.0
1800340  0.0
1800341  0.0
1800342  0.0
1800367  0.0
1800368  0.0
1800369  0.0
1800379  0.0
1800391  0.0
1800392  0.0
1800393  0.0
1800417  0.0
1800418  0.0
1800419  0.0
1800448  0.0
1800451  0.0
1800452  0.0
1800453  0.0
1800477  0.0
1800478  0.0
1800479  0.0
1800504  0.0
1800505  0.0
1800506  0.0
1800531  0.0
1800532  0.0
1800533  0.0
1800564  0.0
1800565  0.0
1800566  0.0
1800568  0.0
1800594  0.0
1800597  0.0
1800598  0.0
1800599  0.0
1800622  0.0
1800623  0.0
1800624  0.0
1800650  0.0
1800653  0.0
1800654  0.0
1800655  0.0
1800677  0.0
1800678  0.0
1800679  0.0
1800701  0.0
1800702  0.0
1800703  0.0
1800866  0.0
1800867  0.0
1800869  0.0
1800870  0.0
1800871  0.0
1800872  0.0
1800875  0.0
1801295  0.0
1801298  0.0
1801301  0.0
1801302  0.0
1801303  0.0
1801305  0.0
1801306  0.0
1801308  0.0
1801309  0.0
1801311  0.0
1801312  0.0
1801314  0.0
1801315  0.0
1801317  0.0
1801319  0.0
1801321  0.0
1801323  0.0
1801325  0.0
1801327  0.0
1801329  0.0
1801330  0.0
1801332  0.0
1801333  0.0
1801335  0.0
1801336  0.0
1801338  0.0
1801339  0.0
1801341  0.0
1801342  0.0
1801344  0.0
1801355  0.0
1801356  0.0
1801357  0.0
1801369  0.0
1801370  0.0
1801371  0.0
1900335  0.0
1900350  0.0
1900351  0.0
1900367  0.0
1900368  0.0
1900369  0.0
1900371  0.0
1900394  0.0
1900395  0.0
1900410  0.0
1900411  0.0
1900412  0.0
1900414  0.0
1900467  0.0
1900468  0.0
1900485  0.0
1900486  0.0
1900487  0.0
1900489  0.0
1900511  0.0
1900512  0.0
1900527  0.0
1900528  0.0
1900529  0.0
1900531  0.0
1900566  0.0
1900580  0.0
1900581  0.0
1900597  0.0
1900598  0.0
1900599  0.0
1900601  0.0
1900622  0.0
1900623  0.0
1900637  0.0
1900638  0.0
1900639  0.0
1900641  0.0
1900668  0.0
1900671  0.0
1900672  0.0
1900673  0.0
1900675  0.0
1900676  0.0
1900677  0.0
1900683  0.0
1900723  0.0
1900736  0.0
1900739  0.0
1900740  0.0
1900741  0.0
1900751  0.0
1900764  0.0
1900765  0.0
1900766  0.0
1900776  0.0
1900789  0.0
1900790  0.0
1900791  0.0
1900902  0.0
1900919  0.0
1900920  0.0
1900922  0.0
1900923  0.0
1900924  0.0
1900925  0.0
1900926  0.0
1900927  0.0
1900930  0.0
1901471  0.0
1901474  0.0
1901477  0.0
1901479  0.0
1901481  0.0
1901483  0.0
1901485  0.0
1901487  0.0
1901489  0.0
1901491  0.0
1901493  0.0
1901495  0.0
1901497  0.0
1901499  0.0
1901501  0.0
1901503  0.0
1901505  0.0
1901507  0.0
1901509  0.0
1901511  0.0
1901513  0.0
1901515  0.0
1901517  0.0
1901519  0.0
1901521  0.0
1901523  0.0
1901532  0.0
1901533  0.0
1901682  0.0
1901686  0.0
1901687  0.0
1901691  0.0
1901692  0.0
1901693  0.0
1901695  0.0
1901697  0.0
1901704  0.0
1901705  0.0
1901709  0.0
1901722  0.0
1901723  0.0
1901726  0.0
1901737  0.0
1901738  0.0
1901741  0.0
1901742  0.0
1901745  0.0
1901746  0.0
1901749  0.0
2200210  0.0
2200212  0.0
2200213  0.0
2200214  0.0
2200215  0.0
2200216  0.0
2200218  0.0
2200219  0.0
2200220  0.0
2200221  0.0
2200222  0.0
2200224  0.0
2201291  0.0
2201292  0.0
2201293  0.0
2201294  0.0
2201295  0.0
2201306  0.0
2201309  0.0
2201312  0.0
2201315  0.0
2201316  0.0
2201319  0.0
2201322  0.0
2201325  0.0
2201329  0.0
2201333  0.0
2201337  0.0
2201341  0.0
2201345  0.0
2201348  0.0
2201357  0.0
2201358  0.0
2201373  0.0
2201374  0.0
2201375  0.0
2201387  0.0
2201388  0.0
2201389  0.0
2201406  0.0
2201407  0.0
2201410  0.0
2201411  0.0
2201412  0.0
2201417  0.0
2201433  0.0
2201437  0.0
2201438  0.0
2201439  0.0
2201440  0.0
2201441  0.0
2201442  0.0
2201448  0.0
2201460  0.0
2201463  0.0
2201464  0.0
2201465  0.0
2201473  0.0
2300143  0.0
2300147  0.0
2300150  0.0
2300154  0.0
2300157  0.0
2300163  0.0
2300167  0.0
2300170  0.0
2300177  0.0
2300180  0.0
2300307  0.0
2300309  0.0
2300310  0.0
2300311  0.0
2300312  0.0
2300313  0.0
2300314  0.0
2300315  0.0
2300316  0.0
2300318  0.0
2300319  0.0
2300320  0.0
2300322  0.0
2300323  0.0
2300324  0.0
2300325  0.0
2300327  0.0
2300328  0.0
2300329  0.0
2300330  0.0
2300331  0.0
2300333  0.0
2300334  0.0
2300335  0.0
2300337  0.0
2300339  0.0
2300341  0.0
2300380  0.0
2300616  0.0
2300617  0.0
2300618  0.0
2300640  0.0
2300643  0.0
2300644  0.0
2300645  0.0
2300667  0.0
2300670  0.0
2300671  0.0
2300672  0.0
2300838  0.0
2301030  0.0
2301043  0.0
2301044  0.0
2301045  0.0
2301187  0.0
2301188  0.0
2301222  0.0
2301223  0.0
2301228  0.0
2301236  0.0
2301237  0.0
2301441  0.0
2301443  0.0
2301444  0.0
2301445  0.0
2301456  0.0
2301459  0.0
2301462  0.0
2301463  0.0
2301466  0.0
2301469  0.0
2301472  0.0
2301475  0.0
2301478  0.0
2301481  0.0
2301484  0.0
2301487  0.0
2301488  0.0
2301490  0.0
2301491  0.0
2301493  0.0
2301494  0.0
2301496  0.0
2301499  0.0
2301502  0.0
2301505  0.0
2301510  0.0
2301513  0.0
2301516  0.0
2301519  0.0
2301522  0.0
2301525  0.0
2301528  0.0
2301531  0.0
2301535  0.0
2301538  0.0
2301549  0.0
2301550  0.0
2301551  0.0
2301552  0.0
2301553  0.0
2301554  0.0
2301555  0.0
2301556  0.0
2301568  0.0
2301569  0.0
2301570  0.0
2301571  0.0
2301572  0.0
2301573  0.0
2301574  0.0
2301575  0.0
2301576  0.0
2500177  0.0
2500190  0.0
2500191  0.0
2500193  0.0
2500197  0.0
2500198  0.0
2500199  0.0
2500202  0.0
2500214  0.0
2500215  0.0
2500216  0.0
2500218  0.0
2500221  0.0
2500224  0.0
2500227  0.0
2500230  0.0
2500233  0.0
2500236  0.0
2500239  0.0
2500242  0.0
2500245  0.0
2500248  0.0
2500251  0.0
2500252  0.0
2500254  0.0
2500257  0.0
2500260  0.0
2500263  0.0
2500266  0.0
2500269  0.0
2500270  0.0
2500272  0.0
2500275  0.0
2500278  0.0
2500281  0.0
2500284  0.0
2500287  0.0
2500288  0.0
2500290  0.0
2600196  0.0
2600202  0.0
2600275  0.0
2600282  0.0
2600338  0.0
2600340  0.0
2600343  0.0
2600346  0.0
2600349  0.0
2600352  0.0
2600356  0.0
2600357  0.0
2600358  0.0
2600359  0.0
2600360  0.0
2600361  0.0
2600362  0.0
2600363  0.0
2600364  0.0
2600365  0.0
2600366  0.0
2600367  0.0
2600368  0.0
2600369  0.0
2600370  0.0
2600371  0.0
2600372  0.0
2600373  0.0
2600374  0.0
2600561  0.0
2600572  0.0
2600573  0.0
2600586  0.0
2600612  0.0
2600623  0.0
2600624  0.0
2600634  0.0
2600645  0.0
2600646  0.0
2600654  0.0
2600665  0.0
2600687  0.0
2600741  0.0
2600764  0.0
2600788  0.0
2600814  0.0
2600838  0.0
2600847  0.0
2600871  0.0
2600880  0.0
2600889  0.0
2600912  0.0
2600937  0.0
2600961  0.0
2600986  0.0
2601015  0.0
2700155  0.0
2700277  0.0
2700279  0.0
2700280  0.0
2700282  0.0
2700283  0.0
2700284  0.0
2700286  0.0
2700287  0.0
2700289  0.0
2700290  0.0
2700292  0.0
2700294  0.0
2700295  0.0
2700297  0.0
2700298  0.0
2700299  0.0
2700300  0.0
2700302  0.0
2700304  0.0
2700305  0.0
2700306  0.0
2700307  0.0
2700309  0.0
2700311  0.0
2700312  0.0
2700313  0.0
2700314  0.0
2700316  0.0
2700318  0.0
2700319  0.0
2700320  0.0
2700321  0.0
2700323  0.0
2700325  0.0
2700326  0.0
2700328  0.0
2700353  0.0
2700354  0.0
2700355  0.0
2700357  0.0
2700381  0.0
2700382  0.0
2700383  0.0
2700407  0.0
2700408  0.0
2700409  0.0
2700922  0.0
2700935  0.0
2700936  0.0
2700937  0.0
2700940  0.0
2700951  0.0
2700964  0.0
2700965  0.0
2700977  0.0
2700978  0.0
2700979  0.0
2700980  0.0
2700982  0.0
2700983  0.0
2700986  0.0
2700997  0.0
2701009  0.0
2701010  0.0
2701023  0.0
2701027  0.0
2701028  0.0
2701029  0.0
2701030  0.0
2701032  0.0
2701033  0.0
2701037  0.0
2701049  0.0
2701063  0.0
2701066  0.0
2701067  0.0
2701068  0.0
2701081  0.0
2701096  0.0
2701097  0.0
2701098  0.0
2701100  0.0
2701101  0.0
2701114  0.0
2701129  0.0
2701130  0.0
2701131  0.0
2701133  0.0
2701134  0.0
2701144  0.0
2701155  0.0
2701156  0.0
2701157  0.0
2701159  0.0
2701160  0.0
2701170  0.0
2701182  0.0
2701183  0.0
2701186  0.0
2701188  0.0
2701198  0.0
2701226  0.0
2701240  0.0
2701241  0.0
2701258  0.0
2701261  0.0
2701262  0.0
2701264  0.0
2701265  0.0
2701266  0.0
2701268  0.0
2701282  0.0
2701283  0.0
2701364  0.0
2701365  0.0
2701378  0.0
2701379  0.0
2701380  0.0
2701381  0.0
2701384  0.0
2701410  0.0
2701411  0.0
2701412  0.0
2701438  0.0
2701439  0.0
2701440  0.0
2701651  0.0
2701654  0.0
2701657  0.0
2701658  0.0
2701659  0.0
2701661  0.0
2701662  0.0
2701664  0.0
2701665  0.0
2701668  0.0
2701669  0.0
2701671  0.0
2701672  0.0
2701674  0.0
2701675  0.0
2701677  0.0
2701678  0.0
2701680  0.0
2701681  0.0
2701683  0.0
2701684  0.0
2701686  0.0
2701687  0.0
2701689  0.0
2701690  0.0
2701692  0.0
2701694  0.0
2701696  0.0
2701697  0.0
2701699  0.0
2701700  0.0
2701702  0.0
2701714  0.0
2701715  0.0
2701726  0.0
2701727  0.0
2701728  0.0
2701729  0.0
2701730  0.0
2701731  0.0
2701744  0.0
2701745  0.0
2701746  0.0
2701747  0.0
2701748  0.0
2701749  0.0
2800077  0.0
2800079  0.0
2800174  0.0
2800177  0.0
2800178  0.0
2800180  0.0
2800181  0.0
2800182  0.0
2800184  0.0
2800187  0.0
2800190  0.0
2800193  0.0
3000078  0.0
3000079  0.0
3000098  0.0
3100181  0.0
3100182  0.0
3100184  0.0
3100187  0.0
3100188  0.0
3100191  0.0
3100192  0.0
3100194  0.0
3100197  0.0
3100200  0.0
3100203  0.0
3100381  0.0
3100382  0.0
3100385  0.0
3100396  0.0
3100397  0.0
3100400  0.0
3100411  0.0
3100412  0.0
3100415  0.0
3100426  0.0
3100427  0.0
3100430  0.0
3100441  0.0
3100442  0.0
3100445  0.0
3100456  0.0
3100457  0.0
3100460  0.0
3100471  0.0
3100472  0.0
3100475  0.0
3100486  0.0
3100487  0.0
3100490  0.0
3100501  0.0
3100512  0.0
3100523  0.0
3100535  0.0
3100545  0.0
3100546  0.0
3100547  0.0
3100548  0.0
3100549  0.0
3100550  0.0
3100551  0.0
3100552  0.0
3300166  0.0
3300178  0.0
3300182  0.0
3300183  0.0
3300186  0.0
3300190  0.0
3300191  0.0
3300192  0.0
3300193  0.0
3300194  0.0
3300197  0.0
3300206  0.0
3300207  0.0
3300208  0.0
3300211  0.0
3300212  0.0
3300213  0.0
3300214  0.0
3300215  0.0
3300221  0.0
3300235  0.0
3300236  0.0
3300237  0.0
3300238  0.0
3300241  0.0
3300255  0.0
3300256  0.0
3300257  0.0
3300258  0.0
3300259  0.0
3300260  0.0
3300265  0.0
3300269  0.0
3300282  0.0
3300283  0.0
3300284  0.0
3300285  0.0
3300286  0.0
3300287  0.0
3300292  0.0
3500071  0.0
3500082  0.0
3500083  0.0
3500093  0.0
3500094  0.0
3500105  0.0
3600070  0.0
3600081  0.0
3600082  0.0
3600092  0.0
3600095  0.0
3600098  0.0
3600099  0.0
3600100  0.0
3600101  0.0
3600102  0.0
3600103  0.0
3600107  0.0
3600116  0.0
3600117  0.0
3600118  0.0
3600121  0.0
3600122  0.0
3600123  0.0
3600130  0.0
3600142  0.0
3600143  0.0
3600144  0.0
3600145  0.0
3600146  0.0
3600147  0.0
3600148  0.0
3600149  0.0
3600156  0.0
3600169  0.0
3600170  0.0
3600171  0.0
3600172  0.0
3600173  0.0
3600174  0.0
3600178  0.0
3700080  0.0
3700081  0.0
3700091  0.0
3700103  0.0
3700107  0.0
3700111  0.0
3700112  0.0
3700125  0.0
3700137  0.0
3700138  0.0
3700139  0.0
3700140  0.0
3700151  0.0
3700164  0.0
3700165  0.0
3700166  0.0
3700173  0.0
3800081  0.0
3800082  0.0
3800093  0.0
3800105  0.0
3800108  0.0
3800111  0.0
3800112  0.0
3800113  0.0
3800114  0.0
3800115  0.0
3800118  0.0
3800140  0.0
3800141  0.0
3800142  0.0
3800143  0.0
3800154  0.0
3800167  0.0
3800168  0.0
3800169  0.0
3800176  0.0
3900270  0.0
3900271  0.0
3900272  0.0
3900284  0.0
3900285  0.0
3900295  0.0
3900307  0.0
3900308  0.0
3900309  0.0
3900356  0.0
3900357  0.0
3900369  0.0
3900370  0.0
3900371  0.0
3900381  0.0
3900393  0.0
3900394  0.0
3900395  0.0
3900448  0.0
3900449  0.0
3900450  0.0
3900499  0.0
3900500  0.0
3900501  0.0
3900514  0.0
3900515  0.0
3900537  0.0
3900538  0.0
3900539  0.0
3900594  0.0
3900595  0.0
3900596  0.0
3900628  0.0
3900631  0.0
3900632  0.0
3900633  0.0
3900869  0.0
3900872  0.0
3900876  0.0
3900877  0.0
3900878  0.0
3900880  0.0
3900882  0.0
3900884  0.0
3900885  0.0
3900887  0.0
3900889  0.0
3900891  0.0
3900893  0.0
3900895  0.0
3900896  0.0
3900898  0.0
3900899  0.0
3900901  0.0
3900902  0.0
3900904  0.0
3900905  0.0
3900907  0.0
3900918  0.0
3900919  0.0
3900921  0.0
3900923  0.0
3900925  0.0
4000147  0.0
4000148  0.0
4000150  0.0
4000154  0.0
4000155  0.0
4000156  0.0
4000159  0.0
4000179  0.0
4000180  0.0
4000183  0.0
4000184  0.0
4000186  0.0
4000189  0.0
4000192  0.0
4000193  0.0
4000195  0.0
4000198  0.0
4000201  0.0
4000204  0.0
4000207  0.0
4000210  0.0
4000211  0.0
4000225  0.0
4100130  0.0
4100141  0.0
4100144  0.0
4100145  0.0
4100147  0.0
4100149  0.0
4100150  0.0
4100152  0.0
4300098  0.0
4300099  0.0
4500171  0.0
4500173  0.0
4500174  0.0
4500175  0.0
4500176  0.0
4500177  0.0
4500178  0.0
4500180  0.0
4500213  0.0
4500215  0.0
4500216  0.0
4500348  0.0
4500349  0.0
4500352  0.0
4500356  0.0
4500358  0.0
4500359  0.0
4500361  0.0
4500364  0.0
4500368  0.0
4500371  0.0
4500374  0.0
4500377  0.0
4500381  0.0
4500384  0.0
4500387  0.0
4500390  0.0
4500403  0.0
4500406  0.0
4500409  0.0
4500412  0.0
4500413  0.0
4500417  0.0
4500428  0.0
4500430  0.0
4500431  0.0
4500432  0.0
4500433  0.0
4500436  0.0
4500437  0.0
4500438  0.0
4500439  0.0
4500442  0.0
4500443  0.0
4500444  0.0
4500445  0.0
4500448  0.0
4500449  0.0
4500450  0.0
4500451  0.0
4500454  0.0
4500455  0.0
4500456  0.0
4500457  0.0
4500460  0.0
4500472  0.0
4500474  0.0
4500475  0.0
4500476  0.0
4500477  0.0
4500480  0.0
4500481  0.0
4500482  0.0
4500483  0.0
4500486  0.0
4500487  0.0
4500488  0.0
4500489  0.0
4500492  0.0
4500493  0.0
4500494  0.0
4500495  0.0
4500498  0.0
4500499  0.0
4500500  0.0
4500501  0.0
4500504  0.0
4500544  0.0
4500545  0.0
4900069  0.0
4900070  0.0
4900077  0.0
4900078  0.0
4900081  0.0
4900082  0.0
4900144  0.0
4900145  0.0
4900147  0.0
4900150  0.0
4900152  0.0
4900153  0.0
4900155  0.0
4900168  0.0
5000056  0.0
5000060  0.0
5000065  0.0
5000070  0.0
5000082  0.0
5000083  0.0
5000084  0.0
5000105  0.0
5000108  0.0
5000112  0.0
5000113  0.0
5000114  0.0
5000117  0.0
5000137  0.0
5000138  0.0
5000141  0.0
5000142  0.0
5000144  0.0
5000147  0.0
5000148  0.0
5000150  0.0
5100154  0.0
5100164  0.0
5100176  0.0
5100181  0.0
5100182  0.0
5100183  0.0
5100184  0.0
5100185  0.0
5100194  0.0
5100195  0.0
5100197  0.0
5100198  0.0
5100199  0.0
5100200  0.0
5100201  0.0
5100202  0.0
5100204  0.0
5100206  0.0
5100207  0.0
5100211  0.0
5100212  0.0
5100213  0.0
5100217  0.0
5100218  0.0
5100219  0.0
5100220  0.0
5100221  0.0
5100222  0.0
5100223  0.0
5100226  0.0
5100228  0.0
5100229  0.0
5100230  0.0
5100233  0.0
5100236  0.0
5100237  0.0
5100238  0.0
5100240  0.0
5100241  0.0
5100247  0.0
5100248  0.0
5100249  0.0
5100250  0.0
5100251  0.0
5100252  0.0
5100253  0.0
5100256  0.0
5100258  0.0
5100259  0.0
5100260  0.0
5100263  0.0
5100266  0.0
5100267  0.0
5100268  0.0
5100270  0.0
5100271  0.0
5100275  0.0
5100285  0.0
5100288  0.0
5100291  0.0
5100292  0.0
5100295  0.0
5100296  0.0
5100298  0.0
5100301  0.0
5100304  0.0
5100307  0.0
5200091  0.0
5200094  0.0
5200097  0.0
5200098  0.0
5200099  0.0
5200101  0.0
5200121  0.0
5200122  0.0
5200124  0.0
5200125  0.0
100089  nan
100103  nan
100114  nan
300134  nan
300175  nan
300191  nan
300192  nan
300207  nan
300208  nan
300209  nan
300229  nan
300230  nan
300232  nan
300233  nan
300235  nan
300236  nan
300237  nan
300239  nan
300240  nan
300241  nan
300244  nan
300246  nan
300256  nan
300257  nan
300270  nan
300271  nan
300272  nan
300275  nan
300276  nan
300284  nan
300285  nan
300295  nan
300297  nan
300298  nan
300310  nan
300312  nan
300313  nan
300325  nan
300326  nan
300327  nan
300328  nan
300329  nan
300330  nan
300331  nan
300332  nan
300344  nan
300345  nan
300347  nan
300348  nan
300350  nan
300351  nan
300352  nan
300353  nan
300356  nan
300357  nan
300358  nan
300359  nan
300360  nan
300362  nan
300363  nan
300364  nan
300365  nan
300366  nan
300370  nan
300371  nan
300375  nan
300385  nan
400054  nan
400055  nan
500084  nan
500097  nan
500098  nan
500100  nan
500101  nan
500104  nan
500105  nan
500106  nan
500109  nan
500118  nan
500129  nan
500130  nan
500132  nan
500133  nan
500135  nan
600103  nan
600104  nan
700119  nan
700120  nan
700122  nan
700123  nan
700209  nan
700210  nan
700211  nan
800072  nan
800073  nan
800074  nan
800076  nan
800077  nan
800085  nan
800096  nan
800107  nan
800108  nan
800110  nan
800111  nan
800113  nan
800114  nan
800115  nan
800117  nan
900076  nan
1000180  nan
1000194  nan
1000205  nan
1000227  nan
1000274  nan
1000275  nan
1000277  nan
1000291  nan
1000292  nan
1000307  nan
1000308  nan
1000309  nan
1000310  nan
1000312  nan
1000313  nan
1000327  nan
1000328  nan
1000330  nan
1000341  nan
1000342  nan
1000344  nan
1000355  nan
1000356  nan
1000358  nan
1000369  nan
1000370  nan
1000372  nan
1000386  nan
1000387  nan
1000389  nan
1000396  nan
1000397  nan
1000399  nan
1000412  nan
1000413  nan
1000415  nan
1000416  nan
1000417  nan
1000419  nan
1000420  nan
1000422  nan
1000423  nan
1000424  nan
1000425  nan
1000426  nan
1000427  nan
1000428  nan
1000429  nan
1000430  nan
1000433  nan
1000434  nan
1000438  nan
1000447  nan
1000459  nan
1000460  nan
1000461  nan
1000465  nan
1000466  nan
1000470  nan
1000471  nan
1000475  nan
1000476  nan
1000477  nan
1000478  nan
1000480  nan
1000483  nan
1000484  nan
1000485  nan
1000486  nan
1000487  nan
1000490  nan
1000491  nan
1000495  nan
1000496  nan
1100151  nan
1100177  nan
1100191  nan
1100192  nan
1100194  nan
1100205  nan
1100223  nan
1100226  nan
1100230  nan
1100235  nan
1100244  nan
1100271  nan
1100274  nan
1100305  nan
1100306  nan
1100307  nan
1100310  nan
1100311  nan
1100312  nan
1100315  nan
1100318  nan
1100319  nan
1100321  nan
1100322  nan
1100323  nan
1100324  nan
1100325  nan
1100329  nan
1100330  nan
1100331  nan
1100335  nan
1100337  nan
1100338  nan
1100339  nan
1100340  nan
1100341  nan
1100342  nan
1100343  nan
1100347  nan
1100348  nan
1100349  nan
1100350  nan
1100351  nan
1100352  nan
1100353  nan
1100356  nan
1100358  nan
1100368  nan
1100369  nan
1100370  nan
1100382  nan
1100383  nan
1100384  nan
1100387  nan
1100388  nan
1100398  nan
1100399  nan
1100400  nan
1100412  nan
1100413  nan
1100414  nan
1100417  nan
1100418  nan
1100419  nan
1100420  nan
1100421  nan
1100422  nan
1100424  nan
1100425  nan
1100426  nan
1100434  nan
1100435  nan
1100436  nan
1100437  nan
1100447  nan
1100448  nan
1100450  nan
1100451  nan
1100454  nan
1100455  nan
1100456  nan
1100458  nan
1100459  nan
1100461  nan
1100462  nan
1100463  nan
1100465  nan
1100466  nan
1100467  nan
1100469  nan
1100470  nan
1100471  nan
1100472  nan
1100473  nan
1100474  nan
1100475  nan
1100479  nan
1100480  nan
1100485  nan
1100495  nan
1100496  nan
1100497  nan
1100498  nan
1100510  nan
1100511  nan
1100512  nan
1100513  nan
1100514  nan
1100515  nan
1100516  nan
1100517  nan
1100518  nan
1100519  nan
1200100  nan
1200101  nan
1200114  nan
1200115  nan
1200116  nan
1200117  nan
1200119  nan
1200131  nan
1200132  nan
1200135  nan
1200136  nan
1200138  nan
1200139  nan
1200140  nan
1200143  nan
1200144  nan
1200147  nan
1300074  nan
1400080  nan
1400081  nan
1400104  nan
1400122  nan
1500337  nan
1500362  nan
1500375  nan
1500376  nan
1500377  nan
1500388  nan
1500400  nan
1500401  nan
1500403  nan
1500404  nan
1500405  nan
1500416  nan
1500428  nan
1500429  nan
1500431  nan
1500432  nan
1500433  nan
1500468  nan
1500469  nan
1500480  nan
1500481  nan
1500482  nan
1500485  nan
1500501  nan
1500541  nan
1500574  nan
1500575  nan
1500576  nan
1500585  nan
1500586  nan
1500589  nan
1500599  nan
1500611  nan
1500612  nan
1500613  nan
1500615  nan
1500628  nan
1500669  nan
1500670  nan
1500671  nan
1500673  nan
1500684  nan
1500696  nan
1500697  nan
1500698  nan
1500709  nan
1500722  nan
1500723  nan
1500724  nan
1500726  nan
1500738  nan
1500753  nan
1500754  nan
1500756  nan
1500757  nan
1500758  nan
1500760  nan
1500776  nan
1500790  nan
1500791  nan
1500792  nan
1500802  nan
1500815  nan
1500816  nan
1500817  nan
1500818  nan
1500822  nan
1500823  nan
1500824  nan
1500827  nan
1500828  nan
1500830  nan
1500840  nan
1500854  nan
1500855  nan
1500856  nan
1500862  nan
1500890  nan
1500891  nan
1500892  nan
1500894  nan
1500904  nan
1500918  nan
1500932  nan
1500934  nan
1500935  nan
1500937  nan
1500958  nan
1500959  nan
1500970  nan
1501055  nan
1501058  nan
1501062  nan
1501063  nan
1501064  nan
1501069  nan
1501070  nan
1501099  nan
1501100  nan
1501102  nan
1501105  nan
1501106  nan
1501107  nan
1501108  nan
1501111  nan
1501112  nan
1501113  nan
1501126  nan
1501146  nan
1501147  nan
1501148  nan
1501152  nan
1501174  nan
1501175  nan
1501176  nan
1501177  nan
1501180  nan
1501194  nan
1501204  nan
1501215  nan
1501216  nan
1501224  nan
1501225  nan
1501250  nan
1501251  nan
1501266  nan
1501267  nan
1501268  nan
1501270  nan
1501271  nan
1501273  nan
1501290  nan
1501291  nan
1501292  nan
1501294  nan
1501295  nan
1501297  nan
1501310  nan
1501313  nan
1501317  nan
1501322  nan
1501326  nan
1501329  nan
1501332  nan
1501335  nan
1501338  nan
1501341  nan
1501345  nan
1501348  nan
1501351  nan
1501354  nan
1501357  nan
1501360  nan
1501363  nan
1501382  nan
1501440  nan
1501441  nan
1501443  nan
1501444  nan
1501447  nan
1501449  nan
1501450  nan
1501451  nan
1501453  nan
1501454  nan
1501457  nan
1501458  nan
1501459  nan
1501461  nan
1501462  nan
1501465  nan
1501466  nan
1501467  nan
1501469  nan
1501470  nan
1501473  nan
1501474  nan
1501475  nan
1501477  nan
1501478  nan
1501482  nan
1501483  nan
1501485  nan
1501500  nan
1501501  nan
1501503  nan
1501504  nan
1501507  nan
1501509  nan
1501510  nan
1501511  nan
1501513  nan
1501514  nan
1501517  nan
1501518  nan
1501519  nan
1501521  nan
1501522  nan
1501525  nan
1501526  nan
1501527  nan
1501529  nan
1501530  nan
1501533  nan
1501534  nan
1501535  nan
1501537  nan
1501538  nan
1501543  nan
1501544  nan
1501546  nan
1600084  nan
1600096  nan
1600097  nan
1600099  nan
1600100  nan
1600102  nan
1600103  nan
1600104  nan
1600106  nan
1600115  nan
1600126  nan
1600127  nan
1600129  nan
1600130  nan
1600132  nan
1600133  nan
1600135  nan
1700483  nan
1700498  nan
1700513  nan
1700528  nan
1700575  nan
1700623  nan
1700624  nan
1700625  nan
1700626  nan
1700628  nan
1700644  nan
1700687  nan
1700736  nan
1700737  nan
1700738  nan
1700740  nan
1700741  nan
1700743  nan
1700758  nan
1700759  nan
1700760  nan
1700761  nan
1700762  nan
1700763  nan
1700766  nan
1700767  nan
1700769  nan
1700783  nan
1700825  nan
1700826  nan
1700827  nan
1700829  nan
1700839  nan
1700896  nan
1700897  nan
1700916  nan
1700917  nan
1700918  nan
1700920  nan
1700921  nan
1700923  nan
1700938  nan
1700939  nan
1700940  nan
1700941  nan
1700942  nan
1700943  nan
1700946  nan
1700947  nan
1700949  nan
1700963  nan
1701004  nan
1701031  nan
1701066  nan
1701067  nan
1701086  nan
1701087  nan
1701088  nan
1701091  nan
1701092  nan
1701094  nan
1701109  nan
1701110  nan
1701111  nan
1701112  nan
1701113  nan
1701114  nan
1701117  nan
1701118  nan
1701120  nan
1701134  nan
1701175  nan
1701202  nan
1701237  nan
1701238  nan
1701256  nan
1701271  nan
1701272  nan
1701273  nan
1701274  nan
1701275  nan
1701276  nan
1701279  nan
1701280  nan
1701282  nan
1701296  nan
1701338  nan
1701339  nan
1701340  nan
1701342  nan
1701352  nan
1701379  nan
1701412  nan
1701413  nan
1701432  nan
1701447  nan
1701448  nan
1701449  nan
1701450  nan
1701451  nan
1701452  nan
1701455  nan
1701456  nan
1701458  nan
1701472  nan
1701514  nan
1701541  nan
1701576  nan
1701577  nan
1701596  nan
1701597  nan
1701598  nan
1701600  nan
1701601  nan
1701603  nan
1701618  nan
1701619  nan
1701620  nan
1701621  nan
1701622  nan
1701623  nan
1701626  nan
1701627  nan
1701629  nan
1701643  nan
1701684  nan
1701711  nan
1701744  nan
1701745  nan
1701762  nan
1701774  nan
1701775  nan
1701776  nan
1701778  nan
1701794  nan
1701845  nan
1701890  nan
1701891  nan
1701892  nan
1701894  nan
1701907  nan
1701950  nan
1701963  nan
1701999  nan
1702000  nan
1702001  nan
1702003  nan
1702016  nan
1702059  nan
1702087  nan
1702110  nan
1702127  nan
1702129  nan
1702130  nan
1702132  nan
1702178  nan
1702205  nan
1702232  nan
1702247  nan
1702249  nan
1702250  nan
1702252  nan
1702298  nan
1702325  nan
1702341  nan
1702369  nan
1702370  nan
1702371  nan
1702374  nan
1702389  nan
1702432  nan
1702475  nan
1702487  nan
1702488  nan
1702500  nan
1702501  nan
1702502  nan
1702504  nan
1702505  nan
1702507  nan
1702523  nan
1702548  nan
1702573  nan
1702585  nan
1702586  nan
1702587  nan
1702589  nan
1702601  nan
1702602  nan
1702603  nan
1702605  nan
1702621  nan
1702646  nan
1702672  nan
1702673  nan
1702674  nan
1702676  nan
1702692  nan
1702717  nan
1702755  nan
1702756  nan
1702757  nan
1702777  nan
1702778  nan
1702779  nan
1702781  nan
1702782  nan
1702785  nan
1702786  nan
1702789  nan
1702790  nan
1702792  nan
1702793  nan
1702796  nan
1702797  nan
1702800  nan
1702801  nan
1702803  nan
1702804  nan
1702807  nan
1702808  nan
1702811  nan
1702812  nan
1702814  nan
1702815  nan
1702818  nan
1702819  nan
1702822  nan
1702823  nan
1702825  nan
1702826  nan
1702830  nan
1702831  nan
1702835  nan
1702836  nan
1702839  nan
1702840  nan
1702844  nan
1702845  nan
1702849  nan
1702850  nan
1702853  nan
1702854  nan
1702858  nan
1702859  nan
1702863  nan
1702864  nan
1702867  nan
1702868  nan
1702872  nan
1702873  nan
1702877  nan
1702878  nan
1702881  nan
1702893  nan
1702907  nan
1702908  nan
1702910  nan
1702911  nan
1702969  nan
1702972  nan
1702977  nan
1702980  nan
1702983  nan
1800185  nan
1800186  nan
1800188  nan
1800189  nan
1800219  nan
1800220  nan
1800353  nan
1800404  nan
1800430  nan
1800449  nan
1800464  nan
1800490  nan
1800517  nan
1800548  nan
1800580  nan
1800595  nan
1800610  nan
1800636  nan
1800651  nan
1800665  nan
1800689  nan
1800722  nan
1800726  nan
1800727  nan
1800743  nan
1800744  nan
1800745  nan
1800746  nan
1800748  nan
1800749  nan
1800750  nan
1800751  nan
1800753  nan
1800754  nan
1800756  nan
1800757  nan
1800758  nan
1800759  nan
1800760  nan
1800762  nan
1800763  nan
1800765  nan
1800768  nan
1800769  nan
1800772  nan
1800775  nan
1800800  nan
1800801  nan
1800802  nan
1800805  nan
1800807  nan
1800809  nan
1800811  nan
1800812  nan
1800813  nan
1800815  nan
1800817  nan
1800819  nan
1800821  nan
1800825  nan
1800839  nan
1800840  nan
1800841  nan
1800842  nan
1800844  nan
1800845  nan
1800847  nan
1800848  nan
1800849  nan
1800888  nan
1800889  nan
1800890  nan
1800894  nan
1800895  nan
1800898  nan
1800899  nan
1800901  nan
1800902  nan
1800903  nan
1800904  nan
1800907  nan
1800908  nan
1800909  nan
1800912  nan
1800913  nan
1800914  nan
1800915  nan
1800917  nan
1800921  nan
1800922  nan
1800923  nan
1800924  nan
1800926  nan
1800927  nan
1800928  nan
1800929  nan
1800930  nan
1800931  nan
1800933  nan
1800958  nan
1800959  nan
1800960  nan
1800963  nan
1800964  nan
1800965  nan
1800968  nan
1800969  nan
1800970  nan
1800972  nan
1800974  nan
1800975  nan
1800978  nan
1800979  nan
1800980  nan
1800989  nan
1800990  nan
1800991  nan
1800992  nan
1800993  nan
1800994  nan
1800995  nan
1800997  nan
1800999  nan
1801000  nan
1801001  nan
1801002  nan
1801005  nan
1801009  nan
1801010  nan
1801011  nan
1801014  nan
1801019  nan
1801020  nan
1801021  nan
1801025  nan
1801028  nan
1801029  nan
1801032  nan
1801035  nan
1801037  nan
1801038  nan
1801043  nan
1801044  nan
1801049  nan
1801050  nan
1801051  nan
1801054  nan
1801068  nan
1801070  nan
1801071  nan
1801073  nan
1801098  nan
1801099  nan
1801100  nan
1801103  nan
1801104  nan
1801105  nan
1801106  nan
1801109  nan
1801110  nan
1801111  nan
1801114  nan
1801118  nan
1801121  nan
1801122  nan
1801127  nan
1801128  nan
1801129  nan
1801130  nan
1801133  nan
1801135  nan
1801136  nan
1801145  nan
1801146  nan
1801151  nan
1801166  nan
1801167  nan
1801168  nan
1801169  nan
1801170  nan
1801171  nan
1801172  nan
1801173  nan
1801174  nan
1801176  nan
1801177  nan
1801178  nan
1801179  nan
1801180  nan
1801181  nan
1801182  nan
1801184  nan
1801185  nan
1801187  nan
1801188  nan
1801190  nan
1801191  nan
1801193  nan
1801194  nan
1801196  nan
1801197  nan
1801199  nan
1801200  nan
1801202  nan
1801203  nan
1801205  nan
1801206  nan
1801208  nan
1801209  nan
1801211  nan
1801212  nan
1801214  nan
1801215  nan
1801217  nan
1801218  nan
1801220  nan
1801221  nan
1801223  nan
1801224  nan
1801226  nan
1801227  nan
1801229  nan
1801230  nan
1801232  nan
1801233  nan
1801235  nan
1801236  nan
1801238  nan
1801239  nan
1801241  nan
1801242  nan
1801244  nan
1801245  nan
1801247  nan
1801248  nan
1801250  nan
1801251  nan
1801253  nan
1801254  nan
1801256  nan
1801257  nan
1801260  nan
1801272  nan
1801296  nan
1801299  nan
1801380  nan
1801381  nan
1801382  nan
1801384  nan
1801385  nan
1801388  nan
1801389  nan
1801390  nan
1801393  nan
1801394  nan
1801395  nan
1801397  nan
1801399  nan
1801400  nan
1801403  nan
1801404  nan
1801405  nan
1801414  nan
1801415  nan
1801416  nan
1801417  nan
1801418  nan
1801419  nan
1801420  nan
1801422  nan
1801424  nan
1801425  nan
1801426  nan
1801427  nan
1801430  nan
1801434  nan
1801435  nan
1801436  nan
1801439  nan
1801444  nan
1801445  nan
1801446  nan
1801450  nan
1801453  nan
1900267  nan
1900280  nan
1900294  nan
1900317  nan
1900319  nan
1900320  nan
1900322  nan
1900381  nan
1900434  nan
1900435  nan
1900436  nan
1900437  nan
1900439  nan
1900453  nan
1900499  nan
1900548  nan
1900550  nan
1900551  nan
1900553  nan
1900611  nan
1900656  nan
1900657  nan
1900669  nan
1900681  nan
1900697  nan
1900698  nan
1900699  nan
1900700  nan
1900710  nan
1900711  nan
1900712  nan
1900713  nan
1900737  nan
1900800  nan
1900810  nan
1900826  nan
1900827  nan
1900828  nan
1900829  nan
1900830  nan
1900831  nan
1900832  nan
1900835  nan
1900836  nan
1900838  nan
1900839  nan
1900860  nan
1900861  nan
1900862  nan
1900863  nan
1900866  nan
1900867  nan
1900869  nan
1900872  nan
1900873  nan
1900874  nan
1900875  nan
1900879  nan
1900880  nan
1900881  nan
1900882  nan
1900883  nan
1900887  nan
1900889  nan
1900934  nan
1900955  nan
1900972  nan
1900974  nan
1900989  nan
1900991  nan
1901016  nan
1901017  nan
1901019  nan
1901020  nan
1901022  nan
1901023  nan
1901025  nan
1901026  nan
1901029  nan
1901030  nan
1901034  nan
1901035  nan
1901036  nan
1901038  nan
1901059  nan
1901060  nan
1901061  nan
1901064  nan
1901065  nan
1901066  nan
1901067  nan
1901068  nan
1901071  nan
1901072  nan
1901076  nan
1901077  nan
1901078  nan
1901080  nan
1901100  nan
1901101  nan
1901102  nan
1901103  nan
1901104  nan
1901107  nan
1901108  nan
1901111  nan
1901112  nan
1901113  nan
1901114  nan
1901117  nan
1901118  nan
1901119  nan
1901122  nan
1901123  nan
1901126  nan
1901127  nan
1901128  nan
1901129  nan
1901130  nan
1901132  nan
1901135  nan
1901138  nan
1901139  nan
1901140  nan
1901143  nan
1901144  nan
1901147  nan
1901148  nan
1901149  nan
1901152  nan
1901153  nan
1901154  nan
1901155  nan
1901156  nan
1901157  nan
1901158  nan
1901161  nan
1901165  nan
1901166  nan
1901186  nan
1901187  nan
1901188  nan
1901189  nan
1901191  nan
1901192  nan
1901195  nan
1901196  nan
1901199  nan
1901200  nan
1901202  nan
1901203  nan
1901204  nan
1901207  nan
1901208  nan
1901212  nan
1901213  nan
1901214  nan
1901216  nan
1901217  nan
1901218  nan
1901219  nan
1901220  nan
1901221  nan
1901222  nan
1901226  nan
1901230  nan
1901231  nan
1901232  nan
1901233  nan
1901234  nan
1901235  nan
1901236  nan
1901237  nan
1901238  nan
1901241  nan
1901242  nan
1901245  nan
1901247  nan
1901249  nan
1901250  nan
1901252  nan
1901253  nan
1901254  nan
1901256  nan
1901257  nan
1901258  nan
1901262  nan
1901264  nan
1901265  nan
1901266  nan
1901270  nan
1901271  nan
1901272  nan
1901273  nan
1901274  nan
1901275  nan
1901277  nan
1901278  nan
1901280  nan
1901282  nan
1901285  nan
1901286  nan
1901287  nan
1901288  nan
1901289  nan
1901290  nan
1901291  nan
1901292  nan
1901293  nan
1901294  nan
1901296  nan
1901297  nan
1901298  nan
1901300  nan
1901302  nan
1901303  nan
1901304  nan
1901305  nan
1901306  nan
1901307  nan
1901308  nan
1901309  nan
1901311  nan
1901312  nan
1901313  nan
1901318  nan
1901319  nan
1901320  nan
1901321  nan
1901322  nan
1901323  nan
1901324  nan
1901328  nan
1901332  nan
1901334  nan
1901358  nan
1901359  nan
1901360  nan
1901363  nan
1901364  nan
1901367  nan
1901392  nan
1901393  nan
1901394  nan
1901397  nan
1901398  nan
1901401  nan
1901419  nan
1901420  nan
1901421  nan
1901425  nan
1901426  nan
1901429  nan
1901430  nan
1901432  nan
1901433  nan
1901434  nan
1901435  nan
1901438  nan
1901439  nan
1901440  nan
1901443  nan
1901444  nan
1901445  nan
1901446  nan
1901448  nan
1901450  nan
1901451  nan
1901452  nan
1901453  nan
1901455  nan
1901456  nan
1901457  nan
1901458  nan
1901459  nan
1901472  nan
1901475  nan
1901542  nan
1901543  nan
1901544  nan
1901545  nan
1901547  nan
1901573  nan
1901574  nan
1901577  nan
1901578  nan
1901580  nan
1901584  nan
1901588  nan
1901610  nan
1901612  nan
1901613  nan
1901614  nan
1901615  nan
1901616  nan
1901617  nan
1901618  nan
1901619  nan
1901620  nan
1901623  nan
1901625  nan
1901627  nan
1901633  nan
1901651  nan
1901652  nan
1901653  nan
1901655  nan
1901656  nan
1901660  nan
1901662  nan
1901663  nan
1901664  nan
1901666  nan
1901668  nan
1901699  nan
1901710  nan
1901711  nan
1901713  nan
1901715  nan
1901717  nan
1901727  nan
1901728  nan
1901729  nan
1901730  nan
1901732  nan
1901762  nan
1901763  nan
1901775  nan
1901776  nan
1901777  nan
1901779  nan
1901800  nan
1901801  nan
1901802  nan
1901803  nan
1901804  nan
1901805  nan
1901806  nan
1901812  nan
1901813  nan
1901814  nan
1901815  nan
1901816  nan
1901821  nan
1901839  nan
1901840  nan
1901842  nan
1901843  nan
1901865  nan
1901866  nan
1901868  nan
1901869  nan
1901870  nan
1901871  nan
1901872  nan
1901873  nan
1901876  nan
1901879  nan
1901880  nan
1901882  nan
1901883  nan
1901885  nan
1901886  nan
1901887  nan
1901888  nan
1901890  nan
1901892  nan
1901893  nan
1901916  nan
1901941  nan
1901942  nan
1901944  nan
1901945  nan
1901946  nan
1901947  nan
1901949  nan
1901952  nan
1901954  nan
1901955  nan
1901983  nan
1901986  nan
1901987  nan
1901991  nan
2000115  nan
2000116  nan
2000126  nan
2000127  nan
2000137  nan
2000138  nan
2000139  nan
2000141  nan
2000142  nan
2000143  nan
2000144  nan
2000152  nan
2000165  nan
2000166  nan
2000168  nan
2000169  nan
2000180  nan
2000189  nan
2000190  nan
2000200  nan
2000209  nan
2000210  nan
2000219  nan
2000220  nan
2000223  nan
2000233  nan
2000234  nan
2000237  nan
2000250  nan
2000251  nan
2000253  nan
2000254  nan
2000255  nan
2000256  nan
2000258  nan
2000259  nan
2000261  nan
2000262  nan
2000265  nan
2000277  nan
2000278  nan
2000280  nan
2000281  nan
2000282  nan
2000283  nan
2000284  nan
2000285  nan
2000286  nan
2000287  nan
2000288  nan
2000289  nan
2000292  nan
2000293  nan
2000294  nan
2000295  nan
2000297  nan
2000299  nan
2000319  nan
2000320  nan
2000322  nan
2000324  nan
2000325  nan
2000327  nan
2000328  nan
2000331  nan
2000332  nan
2000336  nan
2000340  nan
2000341  nan
2000343  nan
2000345  nan
2000355  nan
2000356  nan
2000357  nan
2000358  nan
2000369  nan
2000370  nan
2000372  nan
2000373  nan
2000375  nan
2000376  nan
2000377  nan
2000379  nan
2000380  nan
2000382  nan
2000383  nan
2000385  nan
2000394  nan
2000395  nan
2000396  nan
2000397  nan
2000409  nan
2000420  nan
2000421  nan
2000422  nan
2000434  nan
2000435  nan
2000436  nan
2100102  nan
2100103  nan
2100104  nan
2100106  nan
2100107  nan
2100108  nan
2100109  nan
2100121  nan
2100132  nan
2100133  nan
2100135  nan
2100136  nan
2100148  nan
2100161  nan
2100162  nan
2100174  nan
2100187  nan
2100188  nan
2100197  nan
2100209  nan
2100210  nan
2100212  nan
2100213  nan
2100215  nan
2100216  nan
2100217  nan
2100219  nan
2100220  nan
2100222  nan
2100223  nan
2100225  nan
2200200  nan
2200201  nan
2200235  nan
2200248  nan
2200249  nan
2200250  nan
2200261  nan
2200274  nan
2200275  nan
2200276  nan
2200286  nan
2200300  nan
2200301  nan
2200302  nan
2200312  nan
2200324  nan
2200325  nan
2200326  nan
2200336  nan
2200348  nan
2200349  nan
2200350  nan
2200361  nan
2200373  nan
2200374  nan
2200375  nan
2200386  nan
2200398  nan
2200399  nan
2200401  nan
2200402  nan
2200403  nan
2200415  nan
2200416  nan
2200418  nan
2200420  nan
2200421  nan
2200423  nan
2200436  nan
2200437  nan
2200439  nan
2200440  nan
2200443  nan
2200445  nan
2200446  nan
2200458  nan
2200459  nan
2200461  nan
2200463  nan
2200464  nan
2200466  nan
2200479  nan
2200480  nan
2200482  nan
2200483  nan
2200486  nan
2200488  nan
2200489  nan
2200501  nan
2200502  nan
2200504  nan
2200505  nan
2200506  nan
2200520  nan
2200521  nan
2200523  nan
2200536  nan
2200537  nan
2200539  nan
2200540  nan
2200541  nan
2200551  nan
2200552  nan
2200553  nan
2200572  nan
2200573  nan
2200574  nan
2200576  nan
2200577  nan
2200579  nan
2200580  nan
2200582  nan
2200603  nan
2200604  nan
2200605  nan
2200607  nan
2200609  nan
2200612  nan
2200613  nan
2200616  nan
2200617  nan
2200637  nan
2200638  nan
2200641  nan
2200662  nan
2200686  nan
2200687  nan
2200689  nan
2200690  nan
2200691  nan
2200713  nan
2200714  nan
2200715  nan
2200716  nan
2200717  nan
2200719  nan
2200720  nan
2200721  nan
2200722  nan
2200725  nan
2200726  nan
2200727  nan
2200751  nan
2200753  nan
2200754  nan
2200755  nan
2200756  nan
2200759  nan
2200760  nan
2200761  nan
2200778  nan
2200779  nan
2200781  nan
2200782  nan
2200784  nan
2200786  nan
2200788  nan
2200789  nan
2200791  nan
2200794  nan
2200796  nan
2200814  nan
2200815  nan
2200817  nan
2200818  nan
2200820  nan
2200822  nan
2200825  nan
2200826  nan
2200829  nan
2200849  nan
2200850  nan
2200854  nan
2200855  nan
2200859  nan
2200860  nan
2200861  nan
2200862  nan
2200863  nan
2200865  nan
2200866  nan
2200867  nan
2200869  nan
2200870  nan
2200872  nan
2200873  nan
2200875  nan
2200876  nan
2200881  nan
2200882  nan
2200883  nan
2200884  nan
2200885  nan
2200886  nan
2200889  nan
2200890  nan
2200891  nan
2200894  nan
2200903  nan
2200926  nan
2200927  nan
2200930  nan
2200931  nan
2200933  nan
2200934  nan
2200935  nan
2200938  nan
2200941  nan
2200943  nan
2200945  nan
2200972  nan
2200973  nan
2200976  nan
2200977  nan
2200978  nan
2200980  nan
2200981  nan
2200982  nan
2200984  nan
2200985  nan
2200986  nan
2200988  nan
2200990  nan
2200991  nan
2200992  nan
2200993  nan
2200994  nan
2200995  nan
2200997  nan
2200999  nan
2201000  nan
2201002  nan
2201003  nan
2201005  nan
2201007  nan
2201008  nan
2201010  nan
2201011  nan
2201013  nan
2201015  nan
2201016  nan
2201018  nan
2201019  nan
2201021  nan
2201023  nan
2201024  nan
2201026  nan
2201028  nan
2201030  nan
2201031  nan
2201035  nan
2201039  nan
2201040  nan
2201042  nan
2201043  nan
2201045  nan
2201049  nan
2201050  nan
2201052  nan
2201053  nan
2201054  nan
2201055  nan
2201056  nan
2201057  nan
2201058  nan
2201059  nan
2201060  nan
2201061  nan
2201062  nan
2201063  nan
2201064  nan
2201065  nan
2201066  nan
2201069  nan
2201087  nan
2201090  nan
2201091  nan
2201094  nan
2201095  nan
2201096  nan
2201098  nan
2201099  nan
2201101  nan
2201102  nan
2201103  nan
2201106  nan
2201107  nan
2201108  nan
2201112  nan
2201113  nan
2201116  nan
2201119  nan
2201120  nan
2201121  nan
2201122  nan
2201123  nan
2201124  nan
2201125  nan
2201126  nan
2201129  nan
2201131  nan
2201134  nan
2201137  nan
2201138  nan
2201139  nan
2201141  nan
2201142  nan
2201154  nan
2201155  nan
2201156  nan
2201158  nan
2201159  nan
2201160  nan
2201161  nan
2201162  nan
2201163  nan
2201164  nan
2201165  nan
2201166  nan
2201167  nan
2201168  nan
2201169  nan
2201170  nan
2201171  nan
2201172  nan
2201173  nan
2201174  nan
2201175  nan
2201176  nan
2201177  nan
2201178  nan
2201179  nan
2201180  nan
2201181  nan
2201182  nan
2201183  nan
2201184  nan
2201185  nan
2201186  nan
2201187  nan
2201188  nan
2201189  nan
2201190  nan
2201191  nan
2201192  nan
2201193  nan
2201194  nan
2201195  nan
2201196  nan
2201197  nan
2201198  nan
2201199  nan
2201200  nan
2201201  nan
2201202  nan
2201203  nan
2201204  nan
2201205  nan
2201206  nan
2201207  nan
2201208  nan
2201209  nan
2201210  nan
2201211  nan
2201213  nan
2201227  nan
2201230  nan
2201245  nan
2201246  nan
2201247  nan
2201249  nan
2201251  nan
2201253  nan
2201270  nan
2201271  nan
2201272  nan
2201274  nan
2201276  nan
2201278  nan
2201307  nan
2201310  nan
2201313  nan
2201317  nan
2201320  nan
2201323  nan
2201327  nan
2201331  nan
2201335  nan
2201339  nan
2201343  nan
2201346  nan
2201361  nan
2201408  nan
2201413  nan
2201414  nan
2201415  nan
2201434  nan
2201443  nan
2201444  nan
2201445  nan
2201446  nan
2201461  nan
2201466  nan
2201467  nan
2201468  nan
2201469  nan
2201470  nan
2201472  nan
2300352  nan
2300364  nan
2300365  nan
2300366  nan
2300368  nan
2300395  nan
2300396  nan
2300397  nan
2300398  nan
2300399  nan
2300403  nan
2300404  nan
2300405  nan
2300409  nan
2300419  nan
2300431  nan
2300432  nan
2300434  nan
2300435  nan
2300436  nan
2300438  nan
2300448  nan
2300460  nan
2300461  nan
2300463  nan
2300464  nan
2300465  nan
2300476  nan
2300488  nan
2300489  nan
2300501  nan
2300502  nan
2300504  nan
2300505  nan
2300506  nan
2300507  nan
2300510  nan
2300520  nan
2300532  nan
2300533  nan
2300534  nan
2300546  nan
2300560  nan
2300561  nan
2300562  nan
2300574  nan
2300588  nan
2300589  nan
2300590  nan
2300602  nan
2300628  nan
2300641  nan
2300655  nan
2300668  nan
2300684  nan
2300700  nan
2300701  nan
2300702  nan
2300705  nan
2300719  nan
2300734  nan
2300735  nan
2300736  nan
2300738  nan
2300748  nan
2300761  nan
2300762  nan
2300765  nan
2300766  nan
2300767  nan
2300770  nan
2300780  nan
2300792  nan
2300793  nan
2300795  nan
2300796  nan
2300797  nan
2300807  nan
2300819  nan
2300820  nan
2300822  nan
2300823  nan
2300824  nan
2300826  nan
2300850  nan
2300851  nan
2300852  nan
2300854  nan
2300865  nan
2300877  nan
2300878  nan
2300879  nan
2300890  nan
2300902  nan
2300903  nan
2300904  nan
2300914  nan
2300926  nan
2300927  nan
2300929  nan
2300930  nan
2300931  nan
2300933  nan
2300943  nan
2300955  nan
2300956  nan
2300958  nan
2300959  nan
2300960  nan
2300973  nan
2300987  nan
2300988  nan
2300989  nan
2301002  nan
2301016  nan
2301017  nan
2301018  nan
2301055  nan
2301072  nan
2301073  nan
2301151  nan
2301152  nan
2301154  nan
2301155  nan
2301156  nan
2301160  nan
2301161  nan
2301164  nan
2301165  nan
2301169  nan
2301170  nan
2301173  nan
2301174  nan
2301175  nan
2301177  nan
2301198  nan
2301199  nan
2301211  nan
2301212  nan
2301224  nan
2301225  nan
2301250  nan
2301251  nan
2301252  nan
2301253  nan
2301254  nan
2301255  nan
2301256  nan
2301257  nan
2301258  nan
2301259  nan
2301261  nan
2301262  nan
2301263  nan
2301265  nan
2301266  nan
2301269  nan
2301291  nan
2301292  nan
2301295  nan
2301296  nan
2301299  nan
2301300  nan
2301301  nan
2301302  nan
2301303  nan
2301304  nan
2301305  nan
2301307  nan
2301308  nan
2301311  nan
2301312  nan
2301313  nan
2301314  nan
2301315  nan
2301316  nan
2301318  nan
2301320  nan
2301322  nan
2301324  nan
2301325  nan
2301326  nan
2301329  nan
2301330  nan
2301331  nan
2301332  nan
2301333  nan
2301334  nan
2301336  nan
2301338  nan
2301340  nan
2301342  nan
2301343  nan
2301344  nan
2301347  nan
2301348  nan
2301349  nan
2301350  nan
2301351  nan
2301353  nan
2301354  nan
2301357  nan
2301359  nan
2301361  nan
2301362  nan
2301364  nan
2301367  nan
2301368  nan
2301369  nan
2301370  nan
2301371  nan
2301373  nan
2301375  nan
2301378  nan
2301380  nan
2301384  nan
2301385  nan
2301386  nan
2301387  nan
2301388  nan
2301389  nan
2301394  nan
2301409  nan
2301410  nan
2301411  nan
2301414  nan
2301415  nan
2301418  nan
2301419  nan
2301422  nan
2301423  nan
2301426  nan
2301427  nan
2301428  nan
2301430  nan
2301457  nan
2301460  nan
2301464  nan
2301467  nan
2301470  nan
2301473  nan
2301476  nan
2301479  nan
2301482  nan
2301485  nan
2301497  nan
2301500  nan
2301503  nan
2301508  nan
2301511  nan
2301514  nan
2301517  nan
2301520  nan
2301523  nan
2301526  nan
2301529  nan
2301533  nan
2301536  nan
2400602  nan
2400612  nan
2400613  nan
2400619  nan
2400620  nan
2400627  nan
2400628  nan
2400679  nan
2400690  nan
2400702  nan
2400703  nan
2400705  nan
2400706  nan
2400707  nan
2400717  nan
2400729  nan
2400730  nan
2400732  nan
2400733  nan
2400734  nan
2400746  nan
2400759  nan
2400760  nan
2400761  nan
2400763  nan
2400764  nan
2400765  nan
2400766  nan
2400767  nan
2400770  nan
2400782  nan
2400783  nan
2400795  nan
2400796  nan
2400807  nan
2400808  nan
2400809  nan
2400811  nan
2400812  nan
2400814  nan
2400815  nan
2400816  nan
2400817  nan
2400819  nan
2400820  nan
2400822  nan
2400833  nan
2400834  nan
2400836  nan
2400837  nan
2400853  nan
2400854  nan
2400856  nan
2400867  nan
2400880  nan
2400881  nan
2400882  nan
2400884  nan
2400885  nan
2400887  nan
2400901  nan
2400902  nan
2400928  nan
2400929  nan
2400947  nan
2400952  nan
2400963  nan
2400974  nan
2400975  nan
2400976  nan
2400977  nan
2400980  nan
2400982  nan
2400991  nan
2400999  nan
2401000  nan
2401001  nan
2401002  nan
2401005  nan
2401006  nan
2401007  nan
2401016  nan
2401029  nan
2401047  nan
2401048  nan
2401061  nan
2401062  nan
2401072  nan
2401073  nan
2401084  nan
2401085  nan
2401086  nan
2401088  nan
2401089  nan
2401091  nan
2401092  nan
2401093  nan
2401094  nan
2401096  nan
2401097  nan
2401099  nan
2401110  nan
2401111  nan
2401113  nan
2401114  nan
2401130  nan
2401131  nan
2401133  nan
2401134  nan
2401135  nan
2401136  nan
2401137  nan
2401138  nan
2401141  nan
2401150  nan
2401163  nan
2401164  nan
2401165  nan
2401167  nan
2401168  nan
2401170  nan
2401184  nan
2401185  nan
2401211  nan
2401212  nan
2401228  nan
2401233  nan
2401243  nan
2401254  nan
2401255  nan
2401257  nan
2401258  nan
2401260  nan
2401269  nan
2401277  nan
2401278  nan
2401279  nan
2401280  nan
2401283  nan
2401284  nan
2401285  nan
2401294  nan
2401307  nan
2401354  nan
2401377  nan
2401391  nan
2401392  nan
2401393  nan
2401394  nan
2401395  nan
2401398  nan
2401427  nan
2401450  nan
2401454  nan
2401460  nan
2401464  nan
2401481  nan
2401482  nan
2401484  nan
2401485  nan
2401487  nan
2401489  nan
2401490  nan
2401491  nan
2401493  nan
2401495  nan
2401524  nan
2401547  nan
2401548  nan
2401550  nan
2401551  nan
2401553  nan
2401555  nan
2401556  nan
2401557  nan
2401559  nan
2401561  nan
2401572  nan
2401583  nan
2401596  nan
2401597  nan
2401598  nan
2401600  nan
2401634  nan
2401635  nan
2401648  nan
2401649  nan
2401668  nan
2401693  nan
2401694  nan
2401696  nan
2401697  nan
2401708  nan
2401709  nan
2401710  nan
2401711  nan
2401712  nan
2401715  nan
2401738  nan
2401752  nan
2401753  nan
2401755  nan
2401756  nan
2401757  nan
2401768  nan
2401783  nan
2401784  nan
2401786  nan
2401787  nan
2401788  nan
2401799  nan
2401814  nan
2401815  nan
2401817  nan
2401818  nan
2401819  nan
2401829  nan
2401844  nan
2401845  nan
2401846  nan
2401848  nan
2401858  nan
2401870  nan
2401871  nan
2401873  nan
2401874  nan
2401875  nan
2401885  nan
2401897  nan
2401898  nan
2401900  nan
2401901  nan
2401902  nan
2401912  nan
2401924  nan
2401925  nan
2401927  nan
2401928  nan
2401929  nan
2401942  nan
2401957  nan
2401958  nan
2401959  nan
2401971  nan
2401985  nan
2401986  nan
2401988  nan
2401989  nan
2401990  nan
2402003  nan
2402017  nan
2402018  nan
2402020  nan
2402021  nan
2402022  nan
2402032  nan
2402045  nan
2402046  nan
2402047  nan
2402049  nan
2402059  nan
2402071  nan
2402072  nan
2402074  nan
2402075  nan
2402076  nan
2402086  nan
2402098  nan
2402099  nan
2402101  nan
2402102  nan
2402103  nan
2402116  nan
2402133  nan
2402134  nan
2402135  nan
2402137  nan
2402150  nan
2402164  nan
2402165  nan
2402167  nan
2402168  nan
2402169  nan
2402182  nan
2402196  nan
2402197  nan
2402199  nan
2402200  nan
2402201  nan
2402211  nan
2402224  nan
2402225  nan
2402226  nan
2402236  nan
2402237  nan
2402239  nan
2402241  nan
2402242  nan
2402243  nan
2402244  nan
2402245  nan
2402246  nan
2402247  nan
2402251  nan
2402264  nan
2402265  nan
2402267  nan
2402268  nan
2402269  nan
2402271  nan
2402272  nan
2402274  nan
2402276  nan
2402278  nan
2402279  nan
2402282  nan
2402295  nan
2402296  nan
2402297  nan
2402298  nan
2402300  nan
2402302  nan
2402305  nan
2402316  nan
2402317  nan
2402320  nan
2402321  nan
2402323  nan
2402338  nan
2402342  nan
2402358  nan
2402359  nan
2402360  nan
2402361  nan
2402362  nan
2402363  nan
2402367  nan
2402372  nan
2402373  nan
2402374  nan
2402376  nan
2402389  nan
2402390  nan
2402405  nan
2402406  nan
2402422  nan
2402423  nan
2402443  nan
2402444  nan
2402446  nan
2402447  nan
2402450  nan
2402451  nan
2402453  nan
2402454  nan
2402455  nan
2402457  nan
2402459  nan
2402460  nan
2402462  nan
2402463  nan
2402464  nan
2402466  nan
2402468  nan
2402469  nan
2402470  nan
2402472  nan
2402481  nan
2402482  nan
2402483  nan
2402484  nan
2402485  nan
2402486  nan
2402487  nan
2402488  nan
2402490  nan
2402491  nan
2402492  nan
2402493  nan
2402494  nan
2402495  nan
2402496  nan
2402497  nan
2402499  nan
2402500  nan
2402510  nan
2402523  nan
2402524  nan
2402525  nan
2402526  nan
2402528  nan
2402529  nan
2402531  nan
2402532  nan
2402534  nan
2402545  nan
2402546  nan
2402547  nan
2402549  nan
2402550  nan
2402551  nan
2402552  nan
2402553  nan
2402554  nan
2402555  nan
2402558  nan
2402559  nan
2402561  nan
2402562  nan
2402563  nan
2402564  nan
2402565  nan
2402566  nan
2402567  nan
2402570  nan
2402571  nan
2402585  nan
2402601  nan
2402618  nan
2402638  nan
2402639  nan
2402643  nan
2402646  nan
2402647  nan
2402649  nan
2402650  nan
2402651  nan
2402653  nan
2402667  nan
2402668  nan
2402683  nan
2402684  nan
2402700  nan
2402701  nan
2402722  nan
2402723  nan
2402725  nan
2402726  nan
2402727  nan
2402729  nan
2402731  nan
2402732  nan
2402734  nan
2402735  nan
2402736  nan
2402738  nan
2402740  nan
2402741  nan
2402742  nan
2402744  nan
2402753  nan
2402754  nan
2402755  nan
2402756  nan
2402757  nan
2402758  nan
2402759  nan
2402760  nan
2402762  nan
2402763  nan
2402764  nan
2402765  nan
2402766  nan
2402767  nan
2402768  nan
2402769  nan
2402771  nan
2402772  nan
2402784  nan
2402797  nan
2402798  nan
2402799  nan
2402800  nan
2402802  nan
2402803  nan
2402805  nan
2402806  nan
2402808  nan
2402819  nan
2402820  nan
2402821  nan
2402823  nan
2402824  nan
2402825  nan
2402826  nan
2402827  nan
2402828  nan
2402829  nan
2402832  nan
2402833  nan
2402835  nan
2402836  nan
2402837  nan
2402838  nan
2402839  nan
2402840  nan
2402841  nan
2402844  nan
2402845  nan
2402861  nan
2402879  nan
2402898  nan
2402919  nan
2402920  nan
2402923  nan
2402924  nan
2402928  nan
2402931  nan
2402932  nan
2402934  nan
2402935  nan
2402936  nan
2402938  nan
2402952  nan
2402968  nan
2402969  nan
2402970  nan
2402972  nan
2402982  nan
2402994  nan
2402995  nan
2403007  nan
2403008  nan
2403009  nan
2403011  nan
2403021  nan
2403033  nan
2403034  nan
2403046  nan
2403047  nan
2403048  nan
2403050  nan
2403060  nan
2403072  nan
2403073  nan
2403085  nan
2403086  nan
2403087  nan
2403089  nan
2403102  nan
2403115  nan
2403116  nan
2403118  nan
2403119  nan
2403120  nan
2403133  nan
2403147  nan
2403148  nan
2403150  nan
2403151  nan
2403161  nan
2403172  nan
2403173  nan
2403174  nan
2403176  nan
2403187  nan
2403200  nan
2403201  nan
2403202  nan
2403204  nan
2403214  nan
2403226  nan
2403227  nan
2403241  nan
2403242  nan
2403243  nan
2403245  nan
2403258  nan
2403272  nan
2403273  nan
2403275  nan
2403276  nan
2403277  nan
2403289  nan
2403301  nan
2403302  nan
2403304  nan
2403305  nan
2403306  nan
2403317  nan
2403329  nan
2403330  nan
2403342  nan
2403343  nan
2403345  nan
2403346  nan
2403347  nan
2403348  nan
2403350  nan
2403363  nan
2403379  nan
2403380  nan
2403382  nan
2403383  nan
2403384  nan
2403385  nan
2403387  nan
2403395  nan
2403396  nan
2403398  nan
2403400  nan
2403401  nan
2403402  nan
2403412  nan
2403427  nan
2403428  nan
2403429  nan
2403444  nan
2403445  nan
2403449  nan
2403450  nan
2403451  nan
2403453  nan
2403456  nan
2403457  nan
2403459  nan
2403465  nan
2403467  nan
2403468  nan
2403473  nan
2403474  nan
2403475  nan
2403476  nan
2403477  nan
2403482  nan
2403499  nan
2403500  nan
2403504  nan
2403505  nan
2403506  nan
2403508  nan
2403511  nan
2403512  nan
2403514  nan
2403520  nan
2403521  nan
2403522  nan
2403523  nan
2403524  nan
2403528  nan
2403540  nan
2403541  nan
2403542  nan
2403543  nan
2403544  nan
2403557  nan
2403558  nan
2403559  nan
2403560  nan
2403583  nan
2403584  nan
2403585  nan
2403586  nan
2403590  nan
2403594  nan
2403596  nan
2403599  nan
2403600  nan
2403603  nan
2403604  nan
2403605  nan
2403606  nan
2403607  nan
2403608  nan
2403610  nan
2403611  nan
2403615  nan
2403616  nan
2403619  nan
2403622  nan
2403626  nan
2403627  nan
2403630  nan
2403631  nan
2403632  nan
2403637  nan
2403638  nan
2403639  nan
2403640  nan
2403641  nan
2403643  nan
2403644  nan
2403648  nan
2403651  nan
2403654  nan
2403655  nan
2403656  nan
2403659  nan
2403660  nan
2403662  nan
2403664  nan
2403665  nan
2403666  nan
2403667  nan
2403671  nan
2403672  nan
2403673  nan
2403676  nan
2403677  nan
2403678  nan
2403679  nan
2403680  nan
2403682  nan
2403683  nan
2403684  nan
2403689  nan
2403690  nan
2403692  nan
2403693  nan
2403697  nan
2403700  nan
2403701  nan
2403704  nan
2403705  nan
2403708  nan
2403709  nan
2403710  nan
2403711  nan
2403712  nan
2403713  nan
2403714  nan
2403719  nan
2403720  nan
2403725  nan
2403726  nan
2403727  nan
2403728  nan
2403729  nan
2403730  nan
2403734  nan
2403738  nan
2403739  nan
2403740  nan
2403741  nan
2403742  nan
2403743  nan
2403744  nan
2403749  nan
2403750  nan
2403755  nan
2403756  nan
2403757  nan
2403758  nan
2403759  nan
2403760  nan
2403767  nan
2403768  nan
2403770  nan
2403771  nan
2403775  nan
2403777  nan
2403778  nan
2403780  nan
2403781  nan
2403782  nan
2403786  nan
2403789  nan
2403790  nan
2403792  nan
2403793  nan
2403796  nan
2403797  nan
2403800  nan
2403801  nan
2403802  nan
2403803  nan
2403804  nan
2403805  nan
2403806  nan
2403807  nan
2403812  nan
2403813  nan
2403814  nan
2403816  nan
2403817  nan
2403820  nan
2403822  nan
2403824  nan
2403825  nan
2403826  nan
2403827  nan
2403828  nan
2403829  nan
2403834  nan
2403835  nan
2403836  nan
2403839  nan
2403843  nan
2403856  nan
2403857  nan
2403858  nan
2403876  nan
2403879  nan
2403880  nan
2403881  nan
2403882  nan
2403887  nan
2403888  nan
2403889  nan
2403890  nan
2403894  nan
2403897  nan
2403899  nan
2403900  nan
2403901  nan
2403902  nan
2403903  nan
2403905  nan
2403906  nan
2403908  nan
2403911  nan
2403913  nan
2403914  nan
2403915  nan
2403916  nan
2403917  nan
2403919  nan
2403920  nan
2403922  nan
2403925  nan
2403927  nan
2403928  nan
2403929  nan
2403930  nan
2403931  nan
2403933  nan
2403934  nan
2403936  nan
2403939  nan
2403941  nan
2403942  nan
2403943  nan
2403944  nan
2403945  nan
2403947  nan
2403948  nan
2403950  nan
2403952  nan
2403974  nan
2403975  nan
2403976  nan
2403977  nan
2403978  nan
2403979  nan
2403980  nan
2403982  nan
2403983  nan
2403985  nan
2403986  nan
2403987  nan
2403988  nan
2403989  nan
2403990  nan
2403991  nan
2403992  nan
2403993  nan
2403994  nan
2403995  nan
2403996  nan
2403997  nan
2404000  nan
2404006  nan
2404007  nan
2404008  nan
2404009  nan
2404012  nan
2404020  nan
2404021  nan
2404022  nan
2404023  nan
2404024  nan
2404025  nan
2404028  nan
2404034  nan
2404035  nan
2404036  nan
2404037  nan
2404040  nan
2404049  nan
2404063  nan
2404064  nan
2404066  nan
2404067  nan
2404068  nan
2404069  nan
2404070  nan
2404072  nan
2404073  nan
2404074  nan
2404075  nan
2404076  nan
2404078  nan
2404079  nan
2404080  nan
2404086  nan
2404100  nan
2404101  nan
2404104  nan
2404105  nan
2404106  nan
2404109  nan
2404110  nan
2404111  nan
2404114  nan
2404115  nan
2404116  nan
2404117  nan
2404118  nan
2404119  nan
2404120  nan
2404121  nan
2404123  nan
2404124  nan
2404125  nan
2404127  nan
2404129  nan
2404130  nan
2404131  nan
2404133  nan
2404135  nan
2404138  nan
2404139  nan
2404152  nan
2404153  nan
2404155  nan
2404156  nan
2404158  nan
2404170  nan
2404171  nan
2404172  nan
2404174  nan
2404176  nan
2404178  nan
2404194  nan
2404195  nan
2404196  nan
2404199  nan
2404200  nan
2404201  nan
2404202  nan
2404203  nan
2404204  nan
2404205  nan
2404206  nan
2404209  nan
2404225  nan
2404226  nan
2404227  nan
2404230  nan
2404231  nan
2404232  nan
2404233  nan
2404234  nan
2404235  nan
2404236  nan
2404237  nan
2404240  nan
2404255  nan
2404257  nan
2404258  nan
2404259  nan
2404262  nan
2404263  nan
2404266  nan
2404267  nan
2404268  nan
2404270  nan
2404294  nan
2404295  nan
2404296  nan
2404297  nan
2404298  nan
2404299  nan
2404301  nan
2404303  nan
2404305  nan
2404307  nan
2404310  nan
2404311  nan
2404312  nan
2404314  nan
2404336  nan
2404337  nan
2404339  nan
2404340  nan
2404341  nan
2404343  nan
2404345  nan
2404347  nan
2404349  nan
2404352  nan
2404353  nan
2404354  nan
2404356  nan
2404369  nan
2404370  nan
2404372  nan
2404373  nan
2404374  nan
2404376  nan
2404377  nan
2404382  nan
2404383  nan
2404384  nan
2404385  nan
2404386  nan
2404387  nan
2404389  nan
2404390  nan
2404405  nan
2404406  nan
2404407  nan
2404408  nan
2404410  nan
2404411  nan
2404412  nan
2404413  nan
2404414  nan
2404419  nan
2404420  nan
2404421  nan
2404426  nan
2404438  nan
2404439  nan
2404440  nan
2404441  nan
2404443  nan
2404444  nan
2404445  nan
2404449  nan
2404450  nan
2404454  nan
2404466  nan
2404478  nan
2404479  nan
2404480  nan
2404490  nan
2404502  nan
2404503  nan
2404517  nan
2404518  nan
2404519  nan
2404521  nan
2404531  nan
2404543  nan
2404544  nan
2404558  nan
2404559  nan
2404560  nan
2404562  nan
2404572  nan
2404573  nan
2404574  nan
2404576  nan
2404590  nan
2404591  nan
2404592  nan
2404593  nan
2404594  nan
2404595  nan
2404597  nan
2404598  nan
2404599  nan
2404600  nan
2404603  nan
2404604  nan
2404616  nan
2404628  nan
2404629  nan
2404630  nan
2404643  nan
2404658  nan
2404672  nan
2404673  nan
2404687  nan
2404700  nan
2404701  nan
2404703  nan
2404704  nan
2404705  nan
2404706  nan
2404707  nan
2404709  nan
2404710  nan
2404711  nan
2404712  nan
2404714  nan
2404717  nan
2404728  nan
2404739  nan
2404753  nan
2404767  nan
2404785  nan
2404797  nan
2404798  nan
2404817  nan
2404818  nan
2404819  nan
2404820  nan
2404823  nan
2404824  nan
2404825  nan
2404827  nan
2404829  nan
2404830  nan
2404832  nan
2404836  nan
2404848  nan
2404849  nan
2404850  nan
2404851  nan
2404854  nan
2404864  nan
2404876  nan
2404877  nan
2404889  nan
2404890  nan
2404891  nan
2404893  nan
2404903  nan
2404904  nan
2404906  nan
2404907  nan
2404909  nan
2404910  nan
2404911  nan
2404913  nan
2404914  nan
2404916  nan
2404917  nan
2404919  nan
2404920  nan
2404922  nan
2404923  nan
2404925  nan
2404926  nan
2404928  nan
2404929  nan
2404931  nan
2404933  nan
2404935  nan
2404937  nan
2404939  nan
2404940  nan
2404942  nan
2404943  nan
2404945  nan
2404946  nan
2404948  nan
2404949  nan
2404951  nan
2404952  nan
2404954  nan
2404955  nan
2404957  nan
2404959  nan
2404961  nan
2404963  nan
2404965  nan
2404966  nan
2404968  nan
2404970  nan
2404972  nan
2404974  nan
2404976  nan
2404977  nan
2404979  nan
2404980  nan
2404982  nan
2404983  nan
2404985  nan
2404987  nan
2404989  nan
2404991  nan
2404993  nan
2404995  nan
2404997  nan
2404999  nan
2405001  nan
2405003  nan
2405005  nan
2405007  nan
2405009  nan
2405011  nan
2405013  nan
2405014  nan
2405016  nan
2405017  nan
2405019  nan
2405021  nan
2405023  nan
2405025  nan
2405027  nan
2405029  nan
2405031  nan
2405032  nan
2405034  nan
2405035  nan
2405037  nan
2405039  nan
2405041  nan
2405043  nan
2405045  nan
2405047  nan
2405049  nan
2405051  nan
2405053  nan
2405055  nan
2405057  nan
2405059  nan
2405061  nan
2405063  nan
2405065  nan
2405066  nan
2405068  nan
2405070  nan
2405072  nan
2405074  nan
2405076  nan
2405078  nan
2405080  nan
2405092  nan
2405094  nan
2405095  nan
2405096  nan
2405097  nan
2405098  nan
2405099  nan
2405102  nan
2405105  nan
2405106  nan
2405107  nan
2405108  nan
2405109  nan
2405110  nan
2405113  nan
2405115  nan
2405116  nan
2405117  nan
2405118  nan
2405119  nan
2405122  nan
2405123  nan
2405124  nan
2405125  nan
2405127  nan
2405128  nan
2405129  nan
2405131  nan
2405132  nan
2405133  nan
2405134  nan
2405135  nan
2405136  nan
2405139  nan
2405140  nan
2405143  nan
2405144  nan
2405148  nan
2405149  nan
2405151  nan
2405153  nan
2405155  nan
2405157  nan
2405158  nan
2405161  nan
2405176  nan
2405177  nan
2405178  nan
2405179  nan
2405180  nan
2405181  nan
2405182  nan
2405183  nan
2405184  nan
2405185  nan
2405196  nan
2405197  nan
2405198  nan
2405199  nan
2405200  nan
2405201  nan
2405202  nan
2405203  nan
2405204  nan
2405205  nan
2405206  nan
2405207  nan
2405208  nan
2405209  nan
2405222  nan
2405223  nan
2405224  nan
2405225  nan
2405226  nan
2405227  nan
2405228  nan
2405229  nan
2405230  nan
2405231  nan
2405232  nan
2405233  nan
2405234  nan
2405236  nan
2405237  nan
2405238  nan
2405239  nan
2405240  nan
2405243  nan
2405244  nan
2405245  nan
2405246  nan
2405247  nan
2405250  nan
2405251  nan
2405252  nan
2405253  nan
2405254  nan
2405257  nan
2405258  nan
2405259  nan
2405261  nan
2405262  nan
2405266  nan
2405277  nan
2405289  nan
2405306  nan
2405307  nan
2405308  nan
2405309  nan
2405310  nan
2405312  nan
2405314  nan
2405315  nan
2405317  nan
2405318  nan
2405319  nan
2405321  nan
2405322  nan
2405323  nan
2405324  nan
2405325  nan
2405329  nan
2405334  nan
2405348  nan
2405349  nan
2405350  nan
2405359  nan
2405360  nan
2405361  nan
2405362  nan
2405365  nan
2405367  nan
2405368  nan
2405370  nan
2405374  nan
2405388  nan
2405389  nan
2405390  nan
2405391  nan
2405393  nan
2500194  nan
2500219  nan
2500222  nan
2500225  nan
2500228  nan
2500231  nan
2500234  nan
2500237  nan
2500240  nan
2500243  nan
2500246  nan
2500249  nan
2500255  nan
2500258  nan
2500261  nan
2500264  nan
2500267  nan
2500273  nan
2500276  nan
2500279  nan
2500282  nan
2500285  nan
2600213  nan
2600214  nan
2600226  nan
2600228  nan
2600246  nan
2600253  nan
2600299  nan
2600304  nan
2600341  nan
2600344  nan
2600347  nan
2600350  nan
2600353  nan
2600392  nan
2600399  nan
2600421  nan
2600427  nan
2600444  nan
2600449  nan
2600483  nan
2600485  nan
2600486  nan
2600488  nan
2600489  nan
2600491  nan
2600492  nan
2600494  nan
2600495  nan
2600497  nan
2600498  nan
2600500  nan
2600501  nan
2600503  nan
2600504  nan
2600507  nan
2600508  nan
2600509  nan
2600510  nan
2600511  nan
2600512  nan
2600513  nan
2600514  nan
2600515  nan
2600516  nan
2600517  nan
2600518  nan
2600519  nan
2600520  nan
2600521  nan
2600522  nan
2600523  nan
2600524  nan
2600534  nan
2600535  nan
2600536  nan
2600537  nan
2600538  nan
2600540  nan
2600541  nan
2600542  nan
2600543  nan
2600544  nan
2600545  nan
2600546  nan
2600548  nan
2600599  nan
2600600  nan
2600676  nan
2600677  nan
2600698  nan
2600699  nan
2600707  nan
2600718  nan
2600730  nan
2600731  nan
2600753  nan
2600754  nan
2600777  nan
2600778  nan
2600802  nan
2600803  nan
2600826  nan
2600827  nan
2600829  nan
2600830  nan
2600858  nan
2600859  nan
2600861  nan
2600862  nan
2600900  nan
2600901  nan
2600903  nan
2600904  nan
2600923  nan
2600924  nan
2600926  nan
2600927  nan
2600950  nan
2600951  nan
2600974  nan
2600975  nan
2600998  nan
2600999  nan
2601001  nan
2601002  nan
2601029  nan
2601030  nan
2601032  nan
2601033  nan
2601043  nan
2601044  nan
2601046  nan
2601047  nan
2601049  nan
2601050  nan
2601051  nan
2601053  nan
2601054  nan
2601056  nan
2601057  nan
2601059  nan
2601061  nan
2601063  nan
2601064  nan
2601066  nan
2601067  nan
2601069  nan
2601070  nan
2601072  nan
2601073  nan
2601075  nan
2601076  nan
2601078  nan
2601080  nan
2601082  nan
2601083  nan
2601085  nan
2601086  nan
2601088  nan
2601089  nan
2601091  nan
2601092  nan
2601094  nan
2601095  nan
2601097  nan
2601098  nan
2601100  nan
2601101  nan
2601103  nan
2601104  nan
2601106  nan
2601107  nan
2601109  nan
2601124  nan
2601125  nan
2601126  nan
2601127  nan
2601130  nan
2601131  nan
2601132  nan
2601133  nan
2601136  nan
2601137  nan
2601148  nan
2601149  nan
2601150  nan
2601151  nan
2601152  nan
2601153  nan
2601154  nan
2601155  nan
2601156  nan
2601157  nan
2601158  nan
2601170  nan
2601171  nan
2601172  nan
2601173  nan
2601174  nan
2601175  nan
2601176  nan
2601177  nan
2601178  nan
2601179  nan
2601180  nan
2700339  nan
2700368  nan
2700394  nan
2700420  nan
2700433  nan
2700434  nan
2700436  nan
2700437  nan
2700438  nan
2700449  nan
2700462  nan
2700463  nan
2700465  nan
2700466  nan
2700467  nan
2700478  nan
2700491  nan
2700492  nan
2700494  nan
2700495  nan
2700496  nan
2700507  nan
2700520  nan
2700521  nan
2700523  nan
2700524  nan
2700525  nan
2700537  nan
2700538  nan
2700539  nan
2700542  nan
2700543  nan
2700546  nan
2700547  nan
2700550  nan
2700551  nan
2700554  nan
2700555  nan
2700556  nan
2700558  nan
2700559  nan
2700560  nan
2700561  nan
2700562  nan
2700565  nan
2700568  nan
2700569  nan
2700570  nan
2700573  nan
2700576  nan
2700577  nan
2700578  nan
2700579  nan
2700580  nan
2700581  nan
2700582  nan
2700583  nan
2700585  nan
2700587  nan
2700588  nan
2700589  nan
2700593  nan
2700594  nan
2700595  nan
2700596  nan
2700597  nan
2700600  nan
2700601  nan
2700602  nan
2700603  nan
2700604  nan
2700605  nan
2700606  nan
2700607  nan
2700609  nan
2700611  nan
2700612  nan
2700613  nan
2700617  nan
2700618  nan
2700619  nan
2700620  nan
2700621  nan
2700624  nan
2700641  nan
2700642  nan
2700643  nan
2700644  nan
2700645  nan
2700647  nan
2700648  nan
2700649  nan
2700651  nan
2700652  nan
2700653  nan
2700655  nan
2700656  nan
2700657  nan
2700659  nan
2700678  nan
2700680  nan
2700681  nan
2700684  nan
2700685  nan
2700686  nan
2700687  nan
2700688  nan
2700689  nan
2700690  nan
2700691  nan
2700692  nan
2700694  nan
2700699  nan
2700703  nan
2700706  nan
2700709  nan
2700711  nan
2700712  nan
2700713  nan
2700714  nan
2700715  nan
2700717  nan
2700718  nan
2700720  nan
2700721  nan
2700723  nan
2700724  nan
2700726  nan
2700728  nan
2700732  nan
2700733  nan
2700734  nan
2700735  nan
2700737  nan
2700739  nan
2700740  nan
2700742  nan
2700744  nan
2700745  nan
2700747  nan
2700749  nan
2700750  nan
2700752  nan
2700756  nan
2700776  nan
2700777  nan
2700781  nan
2700782  nan
2700786  nan
2700787  nan
2700788  nan
2700792  nan
2700793  nan
2700794  nan
2700795  nan
2700796  nan
2700797  nan
2700798  nan
2700801  nan
2700802  nan
2700808  nan
2700809  nan
2700810  nan
2700811  nan
2700812  nan
2700813  nan
2700815  nan
2700816  nan
2700817  nan
2700820  nan
2700840  nan
2700841  nan
2700842  nan
2700843  nan
2700844  nan
2700845  nan
2700846  nan
2700847  nan
2700848  nan
2700850  nan
2700852  nan
2700855  nan
2700856  nan
2700858  nan
2700860  nan
2700863  nan
2700883  nan
2700884  nan
2700885  nan
2700886  nan
2700887  nan
2700888  nan
2700889  nan
2700890  nan
2700891  nan
2700893  nan
2700895  nan
2700898  nan
2700899  nan
2700901  nan
2700903  nan
2700906  nan
2701024  nan
2701064  nan
2701210  nan
2701211  nan
2701214  nan
2701216  nan
2701259  nan
2701293  nan
2701294  nan
2701311  nan
2701312  nan
2701314  nan
2701316  nan
2701327  nan
2701328  nan
2701338  nan
2701339  nan
2701351  nan
2701394  nan
2701424  nan
2701471  nan
2701472  nan
2701473  nan
2701508  nan
2701509  nan
2701511  nan
2701513  nan
2701528  nan
2701529  nan
2701545  nan
2701546  nan
2701547  nan
2701549  nan
2701550  nan
2701552  nan
2701554  nan
2701572  nan
2701573  nan
2701574  nan
2701575  nan
2701577  nan
2701578  nan
2701580  nan
2701582  nan
2701591  nan
2701592  nan
2701593  nan
2701594  nan
2701595  nan
2701599  nan
2701602  nan
2701603  nan
2701613  nan
2701614  nan
2701615  nan
2701616  nan
2701617  nan
2701618  nan
2701619  nan
2701629  nan
2701640  nan
2701641  nan
2701652  nan
2701655  nan
2800112  nan
2800116  nan
2800119  nan
2800136  nan
2800145  nan
2800154  nan
2800163  nan
2800175  nan
2800185  nan
2800188  nan
2800191  nan
2900082  nan
2900094  nan
2900095  nan
2900097  nan
2900098  nan
2900100  nan
2900101  nan
2900102  nan
2900104  nan
2900113  nan
2900124  nan
2900125  nan
2900126  nan
2900128  nan
2900129  nan
2900131  nan
3000087  nan
3000088  nan
3000116  nan
3000127  nan
3000128  nan
3000130  nan
3000131  nan
3000133  nan
3000134  nan
3000135  nan
3000137  nan
3000149  nan
3000150  nan
3000151  nan
3100089  nan
3100090  nan
3100118  nan
3100134  nan
3100143  nan
3100152  nan
3100161  nan
3100170  nan
3100185  nan
3100189  nan
3100195  nan
3100198  nan
3100201  nan
3100214  nan
3100215  nan
3100216  nan
3100217  nan
3100218  nan
3100219  nan
3100220  nan
3100221  nan
3100222  nan
3100223  nan
3100233  nan
3100252  nan
3100253  nan
3100255  nan
3100256  nan
3100257  nan
3100258  nan
3100259  nan
3100260  nan
3100261  nan
3100262  nan
3100263  nan
3100264  nan
3100265  nan
3100266  nan
3100267  nan
3100269  nan
3100270  nan
3100271  nan
3100272  nan
3100273  nan
3100274  nan
3100275  nan
3100276  nan
3100277  nan
3100279  nan
3100290  nan
3100304  nan
3100305  nan
3100307  nan
3100308  nan
3100309  nan
3100310  nan
3100311  nan
3100313  nan
3100314  nan
3100315  nan
3100316  nan
3100317  nan
3100319  nan
3100335  nan
3100350  nan
3100351  nan
3100353  nan
3100354  nan
3100355  nan
3100356  nan
3100357  nan
3100359  nan
3100360  nan
3100361  nan
3100362  nan
3100363  nan
3100365  nan
3100383  nan
3100398  nan
3100413  nan
3100428  nan
3100443  nan
3100458  nan
3100473  nan
3100488  nan
3200067  nan
3200068  nan
3300124  nan
3300127  nan
3300128  nan
3300129  nan
3300139  nan
3300140  nan
3300141  nan
3300179  nan
3300187  nan
3300216  nan
3300261  nan
3300262  nan
3300288  nan
3400136  nan
3400142  nan
3400146  nan
3400147  nan
3400148  nan
3400150  nan
3400154  nan
3400158  nan
3400159  nan
3400162  nan
3400166  nan
3400167  nan
3400169  nan
3400170  nan
3400175  nan
3400179  nan
3400180  nan
3400181  nan
3400183  nan
3400187  nan
3400191  nan
3400192  nan
3400195  nan
3400199  nan
3400200  nan
3400202  nan
3400203  nan
3400208  nan
3400212  nan
3400213  nan
3400214  nan
3400216  nan
3400220  nan
3400224  nan
3400225  nan
3400228  nan
3400232  nan
3400233  nan
3400235  nan
3400236  nan
3400241  nan
3400245  nan
3400246  nan
3400247  nan
3400249  nan
3400253  nan
3400257  nan
3400258  nan
3400261  nan
3400266  nan
3400274  nan
3400278  nan
3400279  nan
3400280  nan
3400282  nan
3400286  nan
3400290  nan
3400291  nan
3400294  nan
3400298  nan
3400299  nan
3400301  nan
3400302  nan
3400307  nan
3400311  nan
3400312  nan
3400313  nan
3400315  nan
3400319  nan
3400323  nan
3400324  nan
3400327  nan
3400331  nan
3400332  nan
3400334  nan
3400335  nan
3400340  nan
3400344  nan
3400345  nan
3400346  nan
3400348  nan
3400352  nan
3400356  nan
3400357  nan
3400360  nan
3400364  nan
3400365  nan
3400367  nan
3400368  nan
3400373  nan
3400377  nan
3400378  nan
3400379  nan
3400381  nan
3400385  nan
3400389  nan
3400390  nan
3400393  nan
3400397  nan
3400398  nan
3400400  nan
3400401  nan
3400406  nan
3400410  nan
3400411  nan
3400412  nan
3400414  nan
3400418  nan
3400422  nan
3400423  nan
3400426  nan
3400430  nan
3400431  nan
3400433  nan
3400434  nan
3400445  nan
3400449  nan
3400450  nan
3400451  nan
3400453  nan
3400457  nan
3400461  nan
3400462  nan
3400465  nan
3400469  nan
3400470  nan
3400472  nan
3400473  nan
3500096  nan
3600093  nan
3600096  nan
3600124  nan
3600125  nan
3600126  nan
3600152  nan
3700069  nan
3700104  nan
3700108  nan
3700115  nan
3700141  nan
3700142  nan
3700143  nan
3700144  nan
3700147  nan
3700167  nan
3700168  nan
3700169  nan
3800070  nan
3800106  nan
3800109  nan
3800128  nan
3800144  nan
3800145  nan
3800146  nan
3800147  nan
3800150  nan
3800170  nan
3800171  nan
3800172  nan
3900237  nan
3900238  nan
3900239  nan
3900242  nan
3900257  nan
3900323  nan
3900324  nan
3900325  nan
3900328  nan
3900343  nan
3900406  nan
3900422  nan
3900423  nan
3900424  nan
3900435  nan
3900466  nan
3900467  nan
3900468  nan
3900471  nan
3900486  nan
3900525  nan
3900551  nan
3900564  nan
3900565  nan
3900566  nan
3900579  nan
3900612  nan
3900629  nan
3900645  nan
3900646  nan
3900647  nan
3900650  nan
3900651  nan
3900652  nan
3900654  nan
3900655  nan
3900656  nan
3900657  nan
3900660  nan
3900661  nan
3900662  nan
3900665  nan
3900666  nan
3900667  nan
3900669  nan
3900670  nan
3900672  nan
3900673  nan
3900674  nan
3900675  nan
3900681  nan
3900682  nan
3900683  nan
3900684  nan
3900686  nan
3900687  nan
3900688  nan
3900689  nan
3900690  nan
3900692  nan
3900702  nan
3900726  nan
3900727  nan
3900731  nan
3900733  nan
3900737  nan
3900738  nan
3900739  nan
3900742  nan
3900743  nan
3900744  nan
3900746  nan
3900748  nan
3900752  nan
3900753  nan
3900758  nan
3900761  nan
3900762  nan
3900765  nan
3900766  nan
3900767  nan
3900768  nan
3900770  nan
3900772  nan
3900773  nan
3900780  nan
3900784  nan
3900787  nan
3900788  nan
3900789  nan
3900791  nan
3900792  nan
3900794  nan
3900795  nan
3900796  nan
3900801  nan
3900802  nan
3900803  nan
3900804  nan
3900806  nan
3900807  nan
3900810  nan
3900811  nan
3900812  nan
3900813  nan
3900816  nan
3900818  nan
3900820  nan
3900821  nan
3900822  nan
3900826  nan
3900828  nan
3900829  nan
3900834  nan
3900835  nan
3900836  nan
3900839  nan
3900840  nan
3900846  nan
3900847  nan
3900852  nan
3900853  nan
3900854  nan
3900858  nan
3900870  nan
3900873  nan
4000134  nan
4000151  nan
4000168  nan
4000181  nan
4000187  nan
4000190  nan
4000196  nan
4000199  nan
4000202  nan
4000205  nan
4000208  nan
4000213  nan
4000214  nan
4000216  nan
4000217  nan
4000219  nan
4000220  nan
4000222  nan
4000223  nan
4100085  nan
4100099  nan
4100100  nan
4100102  nan
4100104  nan
4100117  nan
4100118  nan
4100119  nan
4100142  nan
4100161  nan
4100162  nan
4100163  nan
4200075  nan
4200076  nan
4200087  nan
4200088  nan
4200100  nan
4200101  nan
4200102  nan
4200105  nan
4200106  nan
4200114  nan
4200124  nan
4200125  nan
4200126  nan
4200127  nan
4200138  nan
4200139  nan
4200141  nan
4200142  nan
4200144  nan
4200145  nan
4200146  nan
4200148  nan
4200149  nan
4200151  nan
4200152  nan
4200154  nan
4200155  nan
4200157  nan
4200166  nan
4200167  nan
4200168  nan
4200169  nan
4200181  nan
4200192  nan
4200193  nan
4200194  nan
4200206  nan
4200207  nan
4200208  nan
4300085  nan
4300101  nan
4300102  nan
4300104  nan
4300105  nan
4300106  nan
4300108  nan
4300120  nan
4300121  nan
4300123  nan
4300124  nan
4300126  nan
4300127  nan
4300129  nan
4400096  nan
4400105  nan
4400118  nan
4400119  nan
4400121  nan
4400122  nan
4400124  nan
4400125  nan
4400126  nan
4400128  nan
4400140  nan
4400141  nan
4400143  nan
4400144  nan
4400145  nan
4400147  nan
4400148  nan
4400150  nan
4400151  nan
4400153  nan
4400154  nan
4400157  nan
4400159  nan
4400170  nan
4400171  nan
4400173  nan
4400174  nan
4400176  nan
4400177  nan
4400179  nan
4400180  nan
4400182  nan
4500225  nan
4500227  nan
4500228  nan
4500239  nan
4500241  nan
4500242  nan
4500251  nan
4500253  nan
4500254  nan
4500263  nan
4500265  nan
4500266  nan
4500275  nan
4500277  nan
4500278  nan
4500353  nan
4500362  nan
4500366  nan
4500369  nan
4500372  nan
4500375  nan
4500379  nan
4500382  nan
4500385  nan
4500388  nan
4500404  nan
4500407  nan
4500410  nan
4500414  nan
4600090  nan
4600102  nan
4600103  nan
4600105  nan
4600106  nan
4600108  nan
4600109  nan
4600110  nan
4600112  nan
4600121  nan
4600132  nan
4600133  nan
4600135  nan
4600136  nan
4600138  nan
4700139  nan
4700140  nan
4800082  nan
4800084  nan
4800098  nan
4800100  nan
4800101  nan
4800102  nan
4800103  nan
4800107  nan
4800108  nan
4800109  nan
4800123  nan
4800146  nan
4800147  nan
4800152  nan
4800168  nan
4900079  nan
4900090  nan
4900104  nan
4900105  nan
4900107  nan
4900108  nan
4900113  nan
4900114  nan
4900119  nan
4900121  nan
4900126  nan
4900127  nan
4900133  nan
4900148  nan
4900177  nan
5000092  nan
5000106  nan
5000109  nan
5000126  nan
5000139  nan
5000145  nan
5100093  nan
5100108  nan
5100117  nan
5100126  nan
5100135  nan
5100144  nan
5100286  nan
5100289  nan
5100293  nan
5100299  nan
5100302  nan
5100305  nan
5100316  nan
5100317  nan
5100318  nan
5100319  nan
5100320  nan
5100321  nan
5200079  nan
5200092  nan
5200095  nan
5200110  nan
5200127  nan
