Chart-1	659.0	703.0	566.0	1991.0	341.0	38.0	38.0	91.0	
Chart-2	345.0	173.8	160.2	332.6	191.9	176.5	170.5	178.1	
Chart-3	4.0	95.0	15.0	4.0	4.0	4.0	4.0	12.0	
Chart-4	4943.666666666667	5749.0	6443.666666666667	6466.0	5535.333333333333	5626.333333333333	6467.333333333333	7949.0	
Chart-5	34.333333333333336	81.0	69.66666666666667	219.66666666666666	73.0	66.33333333333333	88.0	88.0	
Chart-6	27.0	27.0	27.0	27.0	19.0	27.0	27.0	100.0	
Chart-7	35.5	48.5	35.5	35.5	35.5	35.5	35.5	170.5	
Chart-8	1.0	9.0	2.0	1.0	1.0	1.0	1.0	1.0	
Chart-9	14.0	192.0	93.0	868.0	33.0	14.0	14.0	14.0	
Chart-11	6.0	6.0	5.0	6.0	6.0	5.0	5.0	6.0	
Chart-12	3.0	12.0	388.0	56.0	3.0	3.0	3.0	47.0	
Chart-15	5500.0	4028.0	3976.6666666666665	5939.666666666667	3832.6666666666665	3753.0	2564.0	2564.0	
Chart-16	56.666666666666664	58.333333333333336	61.0	62.666666666666664	61.0	56.666666666666664	53.0	37.0	
Chart-17	104.0	110.0	134.0	493.0	37.0	12.0	12.0	9.0	
Chart-20	81.0	81.0	81.0	81.0	1.0	1.0	1.0	39.0	
Chart-21	33.25	81.25	38.25	100.5	48.25	61.75	61.75	66.75	
Chart-22	73.0	78.8	73.6	106.8	73.4	68.6	56.8	27.2	
Chart-25	3241.6	3307.1	3234.6	3241.6	3157.1	3241.6	3157.1	1671.6	
Chart-26	10302.5	4455.5	3520.0	2138.0	4267.5	4267.5	3209.0	3475.5	
Lang-1	4.0	34.0	18.0	4.0	4.0	4.0	4.0	6.333333333333333	
Lang-2	11.0	11.0	2.0	11.0	2.0	2.0	2.0	38.0	
Lang-3	114.5	96.75	76.75	205.25	114.5	99.75	99.5	106.75	
Lang-4	13.25	13.25	13.25	13.25	13.25	13.25	13.25	40.25	
Lang-5	33.5	33.5	34.5	30.5	29.0	29.0	29.0	40.5	
Lang-6	111.0	111.0	112.0	111.0	91.0	95.0	95.0	188.0	
Lang-7	471.2	457.6	174.8	651.6	474.2	459.8	189.2	189.2	
Lang-9	62.0	62.0	62.0	62.0	62.0	62.0	62.0	468.0	
Lang-10	137.83333333333334	136.83333333333334	137.83333333333334	137.83333333333334	137.83333333333334	137.83333333333334	137.83333333333334	436.3333333333333	
Lang-12	11.25	10.75	10.5	13.5	11.5	10.75	11.25	11.25	
Lang-14	5.0	5.0	4.0	5.0	5.0	4.0	4.0	4.0	
Lang-15	175.25	201.75	156.5	175.25	175.25	175.25	181.5	231.25	
Lang-16	27.0	22.0	34.0	443.0	45.0	27.0	27.0	27.0	
Lang-17	25.714285714285715	20.714285714285715	25.714285714285715	25.714285714285715	46.285714285714285	25.714285714285715	46.285714285714285	182.0	
Lang-18	168.5	166.75	170.0	168.5	170.0	170.0	170.5	120.5	
Lang-19	42.5	43.5	39.75	43.5	46.0	42.5	45.0	37.25	
Lang-20	35.5	36.0	20.5	1250.5	35.5	16.5	16.5	16.5	
Lang-22	38.0	25.0	38.0	38.0	35.0	38.0	42.0	73.0	
Lang-26	174.0	176.0	174.0	174.0	40.0	160.0	152.0	51.0	
Lang-27	158.0	154.5	55.0	488.0	158.0	140.0	140.0	140.0	
Lang-28	22.5	43.5	17.5	35.5	29.5	4.5	4.5	3.5	
Lang-30	140.11764705882354	115.82352941176471	82.23529411764706	544.0588235294117	105.88235294117646	104.94117647058823	86.58823529411765	85.58823529411765	
Lang-31	28.333333333333332	28.333333333333332	28.333333333333332	115.33333333333333	9.333333333333334	8.333333333333334	25.333333333333332	36.333333333333336	
Lang-32	27.75	27.75	27.75	27.75	25.5	27.75	27.75	87.25	
Lang-34	228.0	228.0	228.0	228.0	61.0	65.0	65.0	183.0	
Lang-36	118.33333333333333	116.66666666666667	164.0	325.0	118.33333333333333	106.33333333333333	103.0	99.0	
Lang-37	25.5	25.5	6.5	70.5	25.5	6.5	6.5	9.5	
Lang-39	27.0	26.0	35.0	1085.0	27.0	27.0	27.0	27.0	
Lang-40	7.0	9.0	12.0	1073.0	7.0	7.0	7.0	7.0	
Lang-41	47.6	46.6	33.6	108.2	46.0	33.2	33.2	20.4	
Lang-42	16.5	46.5	16.0	87.5	16.5	16.5	21.5	32.5	
Lang-44	3.0	3.0	3.0	3.0	3.0	3.0	3.0	15.0	
Lang-46	74.22222222222223	55.111111111111114	55.888888888888886	81.22222222222223	65.11111111111111	65.11111111111111	58.44444444444444	81.66666666666667	
Lang-47	41.0	42.0	60.5	663.0	41.0	11.0	10.0	10.0	
Lang-48	12.0	12.0	12.0	12.0	10.333333333333334	12.0	11.333333333333334	88.0	
Lang-50	155.6	151.4	60.8	215.8	138.6	36.6	32.4	26.0	
Lang-53	149.75	108.25	67.75	83.25	126.75	126.75	125.25	125.25	
Lang-54	22.0	21.0	10.0	72.0	22.0	22.0	20.0	15.0	
Lang-55	14.5	14.5	14.5	14.5	27.5	14.5	16.5	33.5	
Lang-59	6.0	12.0	6.0	880.0	6.0	6.0	6.0	6.0	
Lang-60	66.0	71.0	130.0	745.5	59.5	28.0	30.0	25.0	
Lang-61	46.0	55.0	46.0	521.0	46.0	13.0	70.0	87.0	
Lang-62	259.75	201.75	164.5	204.0	201.75	201.75	201.75	201.75	
Lang-63	62.10526315789474	73.21052631578948	68.10526315789474	86.15789473684211	58.421052631578945	60.89473684210526	39.63157894736842	42.8421052631579	
Lang-64	571.5	615.0	70.5	90.5	613.0	594.5	70.0	70.0	
Lang-65	41.75	41.75	54.75	64.25	41.75	40.75	40.75	56.75	
Math-1	523.5	527.0	766.5	1102.5	523.5	58.5	51.5	15.5	
Math-2	90.0	182.0	82.0	90.0	10.0	10.0	11.0	25.0	
Math-6	1802.3529411764705	1773.8235294117646	1768.9411764705883	1816.764705882353	1714.5882352941176	1803.2941176470588	1931.8235294117646	1962.5294117647059	
Math-7	1150.888888888889	1127.2222222222222	813.0	887.7777777777778	1016.7777777777778	893.7777777777778	528.3333333333334	427.44444444444446	
Math-11	31.0	35.0	3.0	910.0	400.0	31.0	31.0	31.0	
Math-13	176.5	176.5	176.5	176.5	176.5	176.5	176.5	842.5	
Math-14	151.66666666666666	146.66666666666666	151.66666666666666	151.66666666666666	151.66666666666666	151.66666666666666	151.66666666666666	637.3333333333334	
Math-15	653.5	381.0	1918.5	261.0	650.5	697.0	697.0	719.5	
Math-16	1355.0	1071.6666666666667	1580.3333333333333	1665.888888888889	1071.5555555555557	1073.5555555555557	1022.7777777777778	1027.7777777777778	
Math-17	597.0	596.0	597.0	597.0	623.0	597.0	599.0	175.0	
Math-21	54.36363636363637	127.36363636363636	78.36363636363636	75.36363636363636	92.36363636363636	54.36363636363637	55.27272727272727	59.36363636363637	
Math-23	161.5	161.5	161.5	161.5	143.66666666666666	161.5	161.5	235.33333333333334	
Math-24	170.5	171.5	170.5	170.5	219.0	170.5	170.5	127.5	
Math-26	83.0	82.5	51.0	83.0	20.0	20.0	21.0	38.5	
Math-27	1.0	28.0	106.0	294.0	1.0	1.0	1.0	1.0	
Math-28	266.4	317.6	268.0	266.4	184.8	181.6	21.0	48.0	
Math-29	200.6	202.4	145.4	2208.6	188.2	92.8	52.0	8.8	
Math-30	28.0	266.0	25.0	2469.0	266.0	28.0	28.0	28.0	
Math-31	1614.2068965517242	862.0	725.4137931034483	620.3448275862069	858.8275862068965	862.0	733.1379310344828	783.3448275862069	
Math-33	350.0	349.0	349.0	350.0	347.0	349.0	348.0	117.0	
Math-34	3.0	15.0	18.0	147.0	3.0	3.0	3.0	3.0	
Math-35	13.0	15.5	13.0	198.0	12.5	13.0	13.0	12.5	
Math-36	398.5	416.0	418.5	398.5	420.0	398.5	388.0	67.5	
Math-37	463.8	538.2	339.8	518.0	526.4	363.6	153.4	149.8	
Math-40	120.5	164.5	154.5	120.5	35.5	3.5	1.5	25.5	
Math-41	34.0	83.0	64.0	429.0	34.0	34.0	34.0	34.0	
Math-42	316.5	316.5	316.5	316.5	288.5	288.5	145.5	50.5	
Math-43	164.0	164.0	164.0	164.0	116.0	164.0	164.0	226.0	
Math-44	757.6666666666666	757.0	771.3333333333334	757.6666666666666	771.3333333333334	757.6666666666666	751.6666666666666	436.0	
Math-45	7.0	7.0	6.0	7.0	2.0	2.0	2.0	127.0	
Math-46	1408.0	537.5	623.0	611.5	533.0	375.0	372.0	372.5	
Math-47	888.6	885.4	532.8	529.0	883.2	886.8	539.8	552.0	
Math-48	389.0	389.0	389.0	389.0	353.0	7.0	3.0	38.0	
Math-49	1419.0	2120.0	1854.75	2543.75	2019.25	2018.75	1809.25	1809.25	
Math-50	342.3333333333333	350.3333333333333	332.0	700.3333333333334	318.3333333333333	322.0	6.666666666666667	2.0	
Math-52	1563.6666666666667	1872.3333333333333	362.6666666666667	1553.3333333333333	1852.3333333333333	1757.0	555.6666666666666	555.6666666666666	
Math-53	5.0	16.0	6.0	5.0	2.0	2.0	2.0	12.0	
Math-54	1087.5	1497.0	1406.5	1394.0	1265.5	1265.5	1397.5	1536.5	
Math-55	802.5	1001.5	239.5	677.5	998.0	990.5	387.5	387.5	
Math-57	371.0	371.0	371.0	371.0	2527.0	371.0	371.0	423.0	
Math-58	37.0	48.0	46.0	37.0	37.0	37.0	37.0	55.0	
Math-62	328.75	328.75	328.75	2064.75	2062.75	328.75	328.75	328.75	
Math-64	260.2142857142857	253.71428571428572	233.35714285714286	228.92857142857142	243.14285714285714	258.2857142857143	236.14285714285714	292.64285714285717	
Math-65	158.66666666666666	160.83333333333334	162.33333333333334	167.16666666666666	134.0	158.66666666666666	158.66666666666666	248.0	
Math-66	97.88235294117646	96.11764705882354	97.88235294117646	97.88235294117646	67.6470588235294	97.88235294117646	113.0	536.1764705882352	
Math-68	176.14285714285714	175.71428571428572	176.14285714285714	176.14285714285714	175.57142857142858	176.14285714285714	174.14285714285714	197.42857142857142	
Math-69	189.0	190.0	189.0	189.0	98.0	189.0	189.0	13.0	
Math-74	442.4	438.4	410.6	442.4	412.4	454.0	485.0	674.6	
Math-76	531.1428571428571	531.1428571428571	523.9285714285714	531.1428571428571	462.7857142857143	451.0	450.5	123.92857142857143	
Math-79	2.0	4.0	2.0	80.0	2.0	2.0	2.0	2.0	
Math-81	622.75	628.75	639.5	622.75	637.75	622.75	621.75	332.25	
Math-82	169.0	169.0	169.0	169.0	169.0	169.0	169.0	196.0	
Math-83	220.33333333333334	220.33333333333334	220.33333333333334	220.33333333333334	220.33333333333334	220.33333333333334	220.33333333333334	322.3333333333333	
Math-84	116.0	113.33333333333333	116.0	122.66666666666667	108.33333333333333	116.0	126.0	131.33333333333334	
Math-85	59.0	89.0	55.0	59.0	55.0	61.0	69.0	99.0	
Math-86	539.3333333333334	540.0	542.6666666666666	538.3333333333334	540.0	540.0	542.6666666666666	700.0	
Math-87	171.0	171.0	171.0	171.0	171.0	171.0	171.0	223.25	
Math-88	236.85714285714286	257.42857142857144	130.57142857142858	236.85714285714286	113.28571428571429	112.57142857142857	111.42857142857143	33.857142857142854	
Math-89	13.0	15.0	11.0	102.0	15.0	13.5	13.5	13.5	
Math-90	4.0	4.0	4.0	4.0	4.0	4.0	4.0	33.0	
Math-92	57.57142857142857	31.0	50.42857142857143	125.0	39.0	38.285714285714285	37.0	37.0	
Math-93	13.0	19.4	40.6	129.6	19.4	19.0	18.0	18.4	
Math-94	1.0	1.0	1.0	1.0	1.0	1.0	1.0	3.0	
Math-95	31.0	61.0	25.0	236.0	68.0	31.0	31.0	15.0	
Math-96	13.0	17.0	10.0	13.0	10.0	1.0	1.0	2.0	
Math-97	40.0	40.5	40.0	40.0	39.25	39.25	39.25	22.25	
Math-98	8.5	40.5	43.5	778.5	8.5	8.5	8.5	8.5	
Math-99	37.0	67.5	76.0	90.0	36.5	36.5	33.5	12.5	
Math-100	213.33333333333334	245.66666666666666	215.66666666666666	324.6666666666667	188.33333333333334	144.0	61.666666666666664	29.666666666666668	
Math-101	32.0	40.0	32.0	32.0	30.0	7.0	7.0	9.0	
Math-103	18.0	16.0	16.0	18.0	44.0	18.0	20.0	66.0	
Math-105	25.0	25.0	65.0	37.0	25.0	25.0	25.0	25.0	
Mockito-2	280.3333333333333	279.3333333333333	253.0	280.3333333333333	206.66666666666666	155.33333333333334	143.33333333333334	126.0	
Mockito-3	1008.0	1105.6	1069.6	1130.8	1002.0	669.4	622.8	575.6	
Mockito-5	4069.0	3079.0	1071.0	1178.0	3079.0	3079.0	1515.0	1515.0	
Mockito-6	1318.95	1586.3	1725.3	2025.55	1432.4	1392.2	837.4	669.75	
Mockito-9	1174.5	941.5	1465.5	778.5	815.0	993.0	931.5	1019.0	
Mockito-10	522.0	532.8333333333334	576.3333333333334	522.0	351.5	79.16666666666667	87.0	173.0	
Mockito-11	382.5	384.0	466.0	577.0	350.0	216.0	403.0	403.0	
Mockito-12	202.0	202.0	202.0	202.0	90.0	156.0	156.0	140.5	
Mockito-13	490.0	491.6666666666667	490.0	490.0	393.3333333333333	460.6666666666667	385.3333333333333	349.6666666666667	
Mockito-14	354.4	358.0	354.4	354.4	246.2	377.8	376.8	415.2	
Mockito-16	369.5	370.8333333333333	370.8333333333333	369.5	370.6666666666667	369.3333333333333	370.6666666666667	496.5	
Mockito-17	251.2	250.8	250.8	251.2	251.2	251.2	252.4	589.0	
Mockito-18	323.0	323.0	323.0	323.0	270.0	313.0	308.0	129.0	
Mockito-20	1221.5	1233.5	1253.0	1239.5	1234.0	1234.0	1253.0	1671.5	
Mockito-21	224.2	223.6	30.2	239.4	220.4	52.2	51.4	9.0	
Mockito-22	263.0	263.0	263.0	263.0	234.0	246.0	246.0	39.0	
Mockito-23	769.7777777777778	770.8888888888889	770.2222222222222	769.7777777777778	770.2222222222222	769.7777777777778	765.4444444444445	519.2222222222222	
Mockito-24	639.0	771.0	1095.0	2404.0	506.0	1.0	1.0	3.0	
Mockito-25	705.8333333333334	678.0	673.6666666666666	703.3333333333334	579.3333333333334	109.33333333333333	126.16666666666667	268.6666666666667	
Mockito-26	29.0	34.0	636.0	1238.0	435.0	113.0	126.0	221.0	
Mockito-27	491.5	592.5	562.5	994.5	364.5	25.5	17.5	16.5	
Mockito-28	350.0	350.0	350.0	350.0	350.0	350.0	350.0	531.0	
Mockito-29	80.0	80.0	9.0	592.0	80.0	9.0	9.0	7.0	
Mockito-32	378.0	432.5	1199.0	578.5	360.5	327.5	296.0	302.0	
Mockito-33	397.0	397.0	397.0	397.0	158.0	390.0	390.0	372.0	
Mockito-34	493.0	498.0	493.0	493.0	309.0	475.0	450.0	522.0	
Mockito-35	467.0	549.6666666666666	437.3333333333333	1088.3333333333333	428.3333333333333	25.666666666666668	13.666666666666666	8.333333333333334	
Mockito-36	775.5	1053.5	890.0	673.0	1058.0	958.5	896.0	930.5	
Mockito-37	631.5	617.0	617.5	631.5	684.0	632.0	678.0	722.5	
Mockito-38	439.0	471.0	299.0	439.0	74.0	16.0	16.0	7.0	
Time-1	1483.4	1454.0	1631.6	1734.4	1178.8	1084.4	1063.2	609.6	
Time-2	1753.3333333333333	1779.3333333333333	1767.3333333333333	2419.0	1466.3333333333333	939.6666666666666	321.3333333333333	109.66666666666667	
Time-3	2548.5	2330.7	2426.3	3303.5	2313.1	1702.5	1127.7	908.5	
Time-4	1648.0	1665.0	368.0	1648.0	921.0	12.0	12.0	63.0	
Time-5	1773.5	1204.5	1040.3333333333333	1871.6666666666667	1202.1666666666667	535.5	542.5	581.0	
Time-7	1814.0	1815.0	1009.0	1814.0	945.0	6.0	6.0	56.0	
Time-8	654.0	657.0	532.6666666666666	923.3333333333334	494.3333333333333	138.33333333333334	25.0	28.0	
Time-9	679.8	682.4	769.8	686.0	636.0	236.0	54.0	55.6	
Time-10	2375.0	2600.5	2898.5	3804.0	2252.0	2011.5	2434.5	2433.0	
Time-11	802.0	795.0	10.0	802.0	806.0	802.0	855.0	148.0	
Time-12	1659.5	1691.8333333333333	2080.3333333333335	2592.0	1532.3333333333333	1530.8333333333333	19.833333333333332	10.666666666666666	
Time-14	1866.0	1874.0	1014.0	1862.0	1422.0	3.0	3.0	11.0	
Time-15	18.0	18.0	25.0	55.0	18.0	6.0	6.0	3.0	
Time-17	3.0	462.0	848.0	1591.0	3.0	3.0	3.0	3.0	
Time-18	1746.0	2033.0	959.5	2116.0	1856.0	1749.0	1458.5	1457.5	
Time-19	1143.0	1143.0	1143.0	1143.0	1033.0	271.0	216.0	422.0	
Time-21	942.0	956.5714285714286	510.57142857142856	963.4285714285714	744.2857142857143	28.571428571428573	34.0	118.28571428571429	
Time-22	1152.5	1152.5	1099.5	1126.5	1005.5	4.5	4.5	193.5	
Time-23	243.22222222222223	244.22222222222223	290.22222222222223	729.2222222222222	243.22222222222223	27.22222222222222	27.22222222222222	37.22222222222222	
Time-27	219.66666666666666	221.0	80.0	219.66666666666666	48.0	48.0	48.0	349.6666666666667	
