Chart-1	659	703	566	1991	341	38	38	91	
Chart-2	74	78	61	175	71	60	60	111	
Chart-3	4	95	15	4	4	4	4	12	
Chart-4	721	735	722	721	260	343	153	1469	
Chart-5	6	28	5	204	16	6	6	6	
Chart-6	27	27	27	27	19	27	27	100	
Chart-7	35	48	35	35	35	35	35	170	
Chart-8	1	9	2	1	1	1	1	1	
Chart-9	14	192	93	868	33	14	14	14	
Chart-11	6	6	5	6	6	5	5	6	
Chart-12	3	12	388	56	3	3	3	47	
Chart-15	360	945	1132	5382	359	120	120	120	
Chart-16	31	31	31	31	31	31	31	2	
Chart-17	104	110	134	493	37	12	12	9	
Chart-20	81	81	81	81	1	1	1	39	
Chart-21	3	68	13	3	3	3	3	6	
Chart-22	57	61	55	56	55	47	8	11	
Chart-25	3133	3267	3116	3133	2964	3133	2964	163	
Chart-26	285	510	1541	285	134	134	134	667	
Lang-1	3	33	17	3	3	3	3	5	
Lang-2	11	11	2	11	2	2	2	38	
Lang-3	12	43	34	12	12	12	17	93	
Lang-4	2	2	2	2	2	2	2	34	
Lang-5	14	14	5	14	5	5	5	28	
Lang-6	111	111	112	111	91	95	95	188	
Lang-7	150	144	125	217	150	132	132	132	
Lang-9	62	62	62	62	62	62	62	468	
Lang-10	71	71	71	71	71	71	71	408	
Lang-12	4	4	4	4	5	4	5	5	
Lang-14	5	5	4	5	5	4	4	4	
Lang-15	8	180	8	8	8	8	33	227	
Lang-16	27	22	34	443	45	27	27	27	
Lang-17	5	5	5	5	5	5	5	154	
Lang-18	95	93	100	95	100	100	101	5	
Lang-19	28	31	28	28	33	28	32	31	
Lang-20	27	28	8	1228	27	8	8	8	
Lang-22	38	25	38	38	35	38	42	73	
Lang-26	174	176	174	174	40	160	152	51	
Lang-27	156	152	53	486	156	138	138	138	
Lang-28	22	43	17	35	29	4	4	3	
Lang-30	25	25	25	6	6	3	3	5	
Lang-31	26	26	26	113	7	6	23	34	
Lang-32	2	2	2	2	2	2	2	62	
Lang-34	227	227	227	227	60	64	64	182	
Lang-36	42	37	23	60	42	42	42	93	
Lang-37	25	25	6	70	25	6	6	9	
Lang-39	27	26	35	1085	27	27	27	27	
Lang-40	7	9	12	1073	7	7	7	7	
Lang-41	38	38	5	35	38	6	6	6	
Lang-42	15	45	14	25	15	15	19	31	
Lang-44	3	3	3	3	3	3	3	15	
Lang-46	3	3	1	3	1	1	1	6	
Lang-47	35	38	14	371	35	5	6	6	
Lang-48	9	9	9	9	5	9	8	68	
Lang-50	134	141	42	135	115	15	8	2	
Lang-53	91	54	40	39	91	91	91	91	
Lang-54	22	21	10	72	22	22	20	15	
Lang-55	14	14	14	14	27	14	16	33	
Lang-59	6	12	6	880	6	6	6	6	
Lang-60	58	58	33	554	45	20	27	11	
Lang-61	46	55	46	521	46	13	70	87	
Lang-62	231	190	128	139	190	190	190	190	
Lang-63	20	20	23	20	20	20	20	22	
Lang-64	42	42	4	42	38	1	1	1	
Lang-65	4	4	2	4	4	2	2	36	
Math-1	520	520	763	1085	520	55	48	12	
Math-2	90	182	82	90	10	10	11	25	
Math-6	4	4	4	4	11	11	13	92	
Math-7	468	489	306	468	305	64	58	107	
Math-11	31	35	3	910	400	31	31	31	
Math-13	134	134	134	134	134	134	134	795	
Math-14	37	53	37	37	37	37	37	551	
Math-15	650	13	974	13	644	638	638	638	
Math-16	638	591	1000	926	632	651	698	694	
Math-17	597	596	597	597	623	597	599	175	
Math-21	42	115	66	63	80	42	42	47	
Math-23	103	103	103	103	103	103	103	101	
Math-24	164	164	164	164	164	164	164	4	
Math-26	75	75	12	75	12	15	15	28	
Math-27	1	28	106	294	1	1	1	1	
Math-28	2	145	2	2	2	2	2	13	
Math-29	197	198	125	161	159	6	6	6	
Math-30	28	266	25	2469	266	28	28	28	
Math-31	270	270	270	270	259	270	260	380	
Math-33	350	349	349	350	347	349	348	117	
Math-34	3	15	18	147	3	3	3	3	
Math-35	9	14	9	9	8	9	9	8	
Math-36	355	355	355	355	355	355	355	18	
Math-37	247	247	238	452	230	12	5	3	
Math-40	89	106	109	89	1	1	1	22	
Math-41	34	83	64	429	34	34	34	34	
Math-42	316	316	316	316	288	288	145	50	
Math-43	163	163	163	163	115	163	163	225	
Math-44	143	143	143	143	143	143	143	82	
Math-45	7	7	6	7	2	2	2	127	
Math-46	324	330	376	504	321	5	1	2	
Math-47	11	11	11	11	11	11	11	154	
Math-48	389	389	389	389	353	7	3	38	
Math-49	7	412	131	1428	9	7	7	7	
Math-50	62	82	7	62	58	3	3	1	
Math-52	22	368	27	892	308	22	22	22	
Math-53	5	16	6	5	2	2	2	12	
Math-54	8	471	26	8	8	8	8	286	
Math-55	1	23	4	525	16	1	1	1	
Math-57	371	371	371	371	2527	371	371	423	
Math-58	37	48	46	37	37	37	37	55	
Math-62	325	325	325	2061	2059	325	325	325	
Math-64	88	88	88	88	88	88	88	89	
Math-65	58	58	58	58	24	58	58	8	
Math-66	9	6	9	9	9	9	9	12	
Math-68	60	60	60	60	60	60	60	72	
Math-69	189	190	189	189	98	189	189	13	
Math-74	139	139	139	139	139	139	216	402	
Math-76	396	396	377	396	240	209	209	100	
Math-79	1	3	1	79	1	1	1	1	
Math-81	26	26	26	26	26	26	26	156	
Math-82	169	169	169	169	169	169	169	196	
Math-83	135	135	135	135	135	135	135	237	
Math-84	93	93	93	93	93	93	108	116	
Math-85	59	89	55	59	55	61	69	99	
Math-86	74	74	74	74	74	74	74	310	
Math-87	135	135	135	135	135	135	135	38	
Math-88	227	251	103	227	83	82	82	12	
Math-89	1	4	1	97	4	1	1	1	
Math-90	4	4	4	4	4	4	4	33	
Math-92	21	15	6	37	21	20	20	20	
Math-93	2	3	2	52	2	2	2	3	
Math-94	1	1	1	1	1	1	1	3	
Math-95	30	60	24	235	67	30	30	14	
Math-96	13	17	10	13	10	1	1	2	
Math-97	10	12	10	10	7	7	7	2	
Math-98	4	27	39	774	4	4	4	4	
Math-99	20	20	20	20	19	19	19	5	
Math-100	114	149	111	114	39	3	3	16	
Math-101	32	40	32	32	30	7	7	9	
Math-103	18	16	16	18	44	18	20	66	
Math-105	25	25	65	37	25	25	25	25	
Mockito-2	208	208	175	208	3	39	3	27	
Mockito-3	724	723	488	724	500	1	1	6	
Mockito-5	4069	3079	1071	1178	3079	3079	1515	1515	
Mockito-6	935	999	1028	1537	855	854	1	4	
Mockito-9	382	331	743	502	78	434	435	610	
Mockito-10	265	262	421	265	82	7	7	33	
Mockito-11	337	337	156	349	269	1	1	1	
Mockito-12	125	125	125	125	33	33	33	2	
Mockito-13	369	372	369	369	279	342	201	220	
Mockito-14	66	66	66	66	66	166	195	166	
Mockito-16	103	106	103	103	103	103	103	57	
Mockito-17	58	58	58	58	58	58	58	471	
Mockito-18	323	323	323	323	270	313	308	129	
Mockito-20	363	362	363	363	363	363	363	1200	
Mockito-21	217	221	28	42	213	2	1	1	
Mockito-22	263	263	263	263	234	246	246	39	
Mockito-23	83	83	83	83	83	83	83	317	
Mockito-24	639	771	1095	2404	506	1	1	3	
Mockito-25	249	252	436	249	80	46	62	86	
Mockito-26	29	34	636	1238	435	113	126	221	
Mockito-27	491	592	562	994	364	25	17	16	
Mockito-28	350	350	350	350	350	350	350	531	
Mockito-29	80	80	9	592	80	9	9	7	
Mockito-32	41	24	863	41	24	41	49	38	
Mockito-33	397	397	397	397	158	390	390	372	
Mockito-34	493	498	493	493	309	475	450	522	
Mockito-35	423	427	255	744	379	1	1	2	
Mockito-36	13	219	705	324	229	29	29	98	
Mockito-37	404	404	404	404	510	405	408	449	
Mockito-38	439	471	299	439	74	16	16	7	
Time-1	931	931	607	931	239	23	23	123	
Time-2	1630	1644	747	1630	782	2	2	32	
Time-3	1790	1790	877	1790	1683	1	1	1	
Time-4	1648	1665	368	1648	921	12	12	63	
Time-5	1019	1020	514	1724	1015	15	44	96	
Time-7	1813	1814	1008	1813	944	5	5	55	
Time-8	458	459	36	269	238	3	3	25	
Time-9	481	481	539	481	451	21	21	30	
Time-10	1498	1548	1496	3129	851	370	378	375	
Time-11	801	794	9	801	805	801	854	147	
Time-12	1609	1666	1866	2010	1311	1342	4	3	
Time-14	1866	1874	1014	1862	1422	3	3	11	
Time-15	18	18	25	55	18	6	6	3	
Time-17	1	460	846	1589	1	1	1	1	
Time-18	77	621	832	2048	267	53	53	51	
Time-19	1143	1143	1143	1143	1033	271	216	422	
Time-21	857	871	311	853	588	18	12	103	
Time-22	1152	1152	1099	1126	1005	4	4	193	
Time-23	229	230	276	715	229	13	13	23	
Time-27	35	39	32	35	20	19	19	244	
