Chart-15	1.0	0.5	0.6666666666666666	
Chart-9	1.0	0.5	0.6666666666666666	
Chart-22	1.0	0.11538461538461539	0.20689655172413793	
Chart-25	1.0	1.0	1.0	
Chart-16	1.0	1.0	1.0	
Chart-12	1.0	1.0	1.0	
Chart-11	1.0	1.0	1.0	
Chart-17	1.0	0.6666666666666666	0.8	
Chart-6	0.013574660633484163	1.0	0.026785714285714288	
Chart-8	1.0	1.0	1.0	
Chart-1	1.0	0.39361702127659576	0.5648854961832062	
Chart-26	0.3333333333333333	1.0	0.5	
Chart-21	1.0	0.25	0.4	
Chart-20	0.0	0.0	0	
Chart-5	1.0	1.0	1.0	
Chart-4	0.48333333333333334	0.9666666666666667	0.6444444444444445	
Chart-3	1.0	1.0	1.0	
Chart-2	0.125	0.6666666666666666	0.21052631578947367	
Chart-7	0.08333333333333333	1.0	0.15384615384615385	
Lang-50	1.0	0.1111111111111111	0.19999999999999998	
Lang-64	1.0	0.06349206349206349	0.11940298507462686	
Lang-61	1.0	1.0	1.0	
Lang-10	0.09345794392523364	1.0	0.17094017094017094	
Lang-19	1.0	1.0	1.0	
Lang-31	1.0	1.0	1.0	
Lang-1	1.0	1.0	1.0	
Lang-16	1.0	1.0	1.0	
Lang-41	0	0	0	
Lang-26	0	0	0	
Lang-28	0	0	0	
Lang-55	0.5	1.0	0.6666666666666666	
Lang-37	1.0	1.0	1.0	
Lang-4	0.06666666666666667	1.0	0.125	
Lang-17	0.030303030303030304	1.0	0.05882352941176471	
Lang-54	1.0	1.0	1.0	
Lang-18	0.13043478260869565	1.0	0.23076923076923078	
Lang-5	1.0	1.0	1.0	
Lang-34	0.14285714285714285	0.3870967741935484	0.208695652173913	
Lang-32	0.18181818181818182	1.0	0.3076923076923077	
Lang-59	1.0	1.0	1.0	
Lang-9	0.3153153153153153	1.0	0.4794520547945206	
Lang-46	1.0	1.0	1.0	
Lang-39	1.0	1.0	1.0	
Lang-20	0	0	0	
Lang-27	0	0	0	
Lang-7	0	0	0	
Lang-22	0	0	0	
Lang-6	0	0	0	
Lang-42	0	0	0	
Lang-36	0	0	0	
Lang-60	0	0	0	
Lang-14	0	0	0	
Lang-15	0.3333333333333333	1.0	0.5	
Lang-30	0	0	0	
Lang-62	0	0	0	
Lang-2	0	0	0	
Lang-40	0	0	0	
Lang-12	0	0	0	
Lang-3	0	0	0	
Lang-63	0	0	0	
Lang-47	0	0	0	
Lang-53	0	0	0	
Lang-44	0	0	0	
Lang-65	1.0	1.0	1.0	
Lang-48	0.6060606060606061	0.8	0.689655172413793	
Math-26	0.36363636363636365	0.21978021978021978	0.273972602739726	
Math-31	0.25471698113207547	1.0	0.40601503759398494	
Math-17	0.15384615384615385	0.14814814814814814	0.1509433962264151	
Math-1	1.0	0.4	0.5714285714285715	
Math-85	0.0625	0.5	0.1111111111111111	
Math-101	1.0	0.5	0.6666666666666666	
Math-29	1.0	0.038461538461538464	0.07407407407407407	
Math-98	0	0	0	
Math-48	0	0	0	
Math-14	0	0	0	
Math-57	0	0	0	
Math-37	0	0	0	
Math-40	0	0	0	
Math-93	0	0	0	
Math-76	0	0	0	
Math-58	0	0	0	
Math-34	0	0	0	
Math-55	0	0	0	
Math-92	0.3333333333333333	0.6	0.42857142857142855	
Math-49	1.0	0.1	0.18181818181818182	
Math-65	0	0	0	
Math-46	0	0	0	
Math-88	0.875	1.0	0.9333333333333333	
Math-47	0	0	0	
Math-16	0.14285714285714285	0.05555555555555555	0.08	
Math-11	1.0	0.5	0.6666666666666666	
Math-66	0.5	1.0	0.6666666666666666	
Math-42	0.6111111111111112	1.0	0.7586206896551725	
Math-64	0.46938775510204084	1.0	0.6388888888888888	
Math-97	0.22580645161290322	0.875	0.358974358974359	
Math-83	0.6	1.0	0.7499999999999999	
Math-54	1.0	0.5757575757575758	0.7307692307692308	
Math-52	1.0	0.07692307692307693	0.14285714285714288	
Math-68	0.4146341463414634	1.0	0.5862068965517241	
Math-27	1.0	0.5	0.6666666666666666	
Math-28	1.0	0.6	0.7499999999999999	
Math-45	1.0	0.0946372239747634	0.17291066282420747	
Math-79	0.3333333333333333	1.0	0.5	
Math-23	0.06666666666666667	1.0	0.125	
Math-15	0.0136986301369863	0.013157894736842105	0.013422818791946308	
Math-6	0.271356783919598	1.0	0.4268774703557312	
Math-99	1.0	0.2616822429906542	0.41481481481481475	
Math-100	0.0	0.0	0	
Math-90	0.2	1.0	0.33333333333333337	
Math-24	0.35714285714285715	1.0	0.5263157894736842	
Math-35	0	0	0	
Math-103	0	0	0	
Math-74	0	0	0	
Math-86	0	0	0	
Math-36	0	0	0	
Math-105	0	0	0	
Math-33	0	0	0	
Math-30	0	0	0	
Math-21	0	0	0	
Math-84	1.0	0.6666666666666666	0.8	
Math-82	0.15384615384615385	1.0	0.2666666666666667	
Math-7	0.8823529411764706	0.18518518518518517	0.3061224489795918	
Math-62	0	0	0	
Math-81	0	0	0	
Math-41	0	0	0	
Math-50	0	0	0	
Math-43	0	0	0	
Math-87	0	0	0	
Math-96	0	0	0	
Math-69	0	0	0	
Math-95	0	0	0	
Math-94	0	0	0	
Math-13	0	0	0	
Math-44	0	0	0	
Math-2	0	0	0	
Math-89	0	0	0	
Math-53	0	0	0	
Mockito-14	0.6666666666666666	0.6689655172413793	0.6678141135972461	
Mockito-25	1.0	0.9444444444444444	0.9714285714285714	
Mockito-36	0	0	0	
Mockito-17	0.9952153110047847	0.96	0.9772905246671888	
Mockito-18	0.031512605042016806	1.0	0.061099796334012225	
Mockito-12	1.0	0.42857142857142855	0.6	
Mockito-28	0.07692307692307693	1.0	0.14285714285714288	
Mockito-24	1.0	1.0	1.0	
Mockito-37	0.6024096385542169	0.44052863436123346	0.5089058524173028	
Mockito-23	0.0736318407960199	1.0	0.1371640407784986	
Mockito-6	0.37894736842105264	0.1232876712328767	0.18604651162790697	
Mockito-2	1.0	1.0	1.0	
Mockito-21	1.0	0.25	0.4	
Mockito-38	1.0	0.3146067415730337	0.47863247863247865	
Mockito-16	0.4714285714285714	0.9933110367892977	0.6393972012917114	
Mockito-29	0.25	0.020833333333333332	0.038461538461538464	
Mockito-32	1.0	0.01881720430107527	0.036939313984168866	
Mockito-5	1.0	0.14285714285714285	0.25	
Mockito-34	0.49572649572649574	0.5345622119815668	0.5144124168514413	
Mockito-3	1.0	0.15757575757575756	0.27225130890052357	
Mockito-35	0.47619047619047616	0.038910505836575876	0.07194244604316548	
Mockito-26	0	0	0	
Mockito-22	0	0	0	
Mockito-27	0	0	0	
Mockito-13	0	0	0	
Mockito-20	0	0	0	
Mockito-33	0	0	0	
Mockito-9	0	0	0	
Mockito-10	0.038461538461538464	0.0010695187165775401	0.002081165452653486	
Mockito-11	1.0	0.008108108108108109	0.016085790884718502	
Time-15	1.0	0.23529411764705882	0.38095238095238093	
Time-11	0.3333333333333333	1.0	0.5	
Time-27	0.037037037037037035	1.0	0.07142857142857142	
Time-22	0.0	0.0	0	
Time-1	0.8857142857142857	0.5188284518828452	0.6543535620052771	
Time-7	0.6521739130434783	0.38461538461538464	0.4838709677419355	
Time-5	0.18181818181818182	1.0	0.3076923076923077	
Time-21	0.6818181818181818	0.8823529411764706	0.7692307692307693	
Time-8	0.9508196721311475	0.453125	0.6137566137566137	
Time-10	0.0	0.0	0	
Time-23	0.14285714285714285	1.0	0.25	
Time-4	0.625	0.4411764705882353	0.5172413793103449	
Time-18	0.05555555555555555	1.0	0.10526315789473684	
Time-17	0.5	0.0007434944237918215	0.0014847809948032665	
Time-2	0.5827338129496403	0.08282208588957055	0.1450313339301701	
Time-14	1.0	0.08552631578947369	0.1575757575757576	
Time-12	0.0	0.0	0	
Time-3	0.6538461538461539	0.05862068965517241	0.10759493670886075	
Time-9	0.5070422535211268	0.37894736842105264	0.4337349397590361	
Time-19	0.1713091922005571	0.9609375	0.29078014184397155	
