Chart-1	0.05405405405405406	0.5	0.0975609756097561	
Chart-2	0.125	0.6666666666666666	0.21052631578947367	
Chart-3	1.0	1.0	1.0	
Chart-4	0.15	0.225	0.18000000000000002	
Chart-5	0	0	0	
Chart-6	0.3257918552036199	0.5217391304347826	0.4011142061281337	
Chart-7	0.9166666666666666	0.9166666666666666	0.9166666666666666	
Chart-8	1.0	1.0	1.0	
Chart-9	0	0	0	
Chart-11	0.6	0.9	0.7200000000000001	
Chart-12	0.6666666666666666	1.0	0.8	
Chart-15	0.0	0.0	0	
Chart-16	0.16666666666666666	0.25	0.2	
Chart-17	0.0	0.0	0	
Chart-20	0.5425531914893617	0.6623376623376623	0.5964912280701754	
Chart-21	1.0	1.0	1.0	
Chart-22	0	0	0	
Chart-25	0	0	0	
Chart-26	0.0	0.0	0	
Lang-1	1.0	1.0	1.0	
Lang-2	0.8	0.8	0.8000000000000002	
Lang-3	0.5	1.0	0.6666666666666666	
Lang-4	0.9666666666666667	0.9666666666666667	0.9666666666666667	
Lang-5	0.75	0.75	0.75	
Lang-6	0.36666666666666664	0.9166666666666666	0.5238095238095238	
Lang-7	0.0	0.0	0	
Lang-9	0.8018018018018018	0.978021978021978	0.8811881188118812	
Lang-10	0.794392523364486	0.9444444444444444	0.8629441624365483	
Lang-12	0.0	0.0	0	
Lang-14	0.6875	0.8461538461538461	0.7586206896551724	
Lang-15	0.3333333333333333	0.3333333333333333	0.3333333333333333	
Lang-16	0	0	0	
Lang-17	0.8181818181818182	0.9	0.8571428571428572	
Lang-18	0.8043478260869565	0.9736842105263158	0.8809523809523809	
Lang-19	0.2222222222222222	0.2222222222222222	0.2222222222222222	
Lang-20	0	0	0	
Lang-22	0.375	0.42857142857142855	0.39999999999999997	
Lang-26	0.6333333333333333	0.76	0.6909090909090909	
Lang-27	0.0	0.0	0	
Lang-28	0.0	0.0	0	
Lang-30	0	0	0	
Lang-31	0.0	0.0	0	
Lang-32	0.8181818181818182	1.0	0.9	
Lang-34	0.5714285714285714	0.6486486486486487	0.6075949367088608	
Lang-36	0	0	0	
Lang-37	0.3333333333333333	0.5	0.4	
Lang-39	0	0	0	
Lang-40	0.0	0.0	0	
Lang-41	0	0	0	
Lang-42	0.2	0.3333333333333333	0.25	
Lang-44	0.5	0.5	0.5	
Lang-46	0.75	0.75	0.75	
Lang-47	0.2	0.5	0.28571428571428575	
Lang-48	0.5151515151515151	0.5666666666666667	0.5396825396825397	
Lang-50	0	0	0	
Lang-53	0.2	0.2	0.20000000000000004	
Lang-54	0.0	0.0	0	
Lang-55	0.5	0.5	0.5	
Lang-59	0	0	0	
Lang-60	0.2	0.6666666666666666	0.30769230769230765	
Lang-61	0.0	0.0	0	
Lang-62	0.0	0.0	0	
Lang-63	1.0	1.0	1.0	
Lang-64	0.75	0.75	0.75	
Lang-65	0.75	0.75	0.75	
Math-1	0.0	0.0	0	
Math-2	0.6666666666666666	0.6666666666666666	0.6666666666666666	
Math-6	0.6884422110552764	0.85625	0.7632311977715877	
Math-7	0.6470588235294118	0.7333333333333333	0.6875	
Math-11	0	0	0	
Math-13	0.8072289156626506	0.9305555555555556	0.864516129032258	
Math-14	0.8255813953488372	0.9466666666666667	0.8819875776397516	
Math-15	0.0	0.0	0	
Math-16	0.0	0.0	0	
Math-17	0.3076923076923077	0.36363636363636365	0.33333333333333337	
Math-21	0	0	0	
Math-23	0.8666666666666667	0.8666666666666667	0.8666666666666667	
Math-24	0.9285714285714286	0.8666666666666667	0.896551724137931	
Math-26	0.7818181818181819	0.8958333333333334	0.8349514563106797	
Math-27	0	0	0	
Math-28	0.8888888888888888	0.8888888888888888	0.8888888888888888	
Math-29	0	0	0	
Math-30	0	0	0	
Math-31	0.4056603773584906	0.5119047619047619	0.45263157894736844	
Math-33	0.7058823529411765	0.7058823529411765	0.7058823529411765	
Math-34	0	0	0	
Math-35	0	0	0	
Math-36	0.5897435897435898	0.5	0.5411764705882353	
Math-37	0	0	0	
Math-40	0.6470588235294118	0.9166666666666666	0.7586206896551724	
Math-41	0.5	1.0	0.6666666666666666	
Math-42	0.8333333333333334	0.7894736842105263	0.8108108108108109	
Math-43	0.5	0.6666666666666666	0.5714285714285715	
Math-44	0.7794117647058824	0.848	0.8122605363984675	
Math-45	0.8333333333333334	0.9259259259259259	0.8771929824561403	
Math-46	0.0	0.0	0	
Math-47	0.7934782608695652	0.9864864864864865	0.8795180722891566	
Math-48	0.6666666666666666	0.4444444444444444	0.5333333333333333	
Math-49	0	0	0	
Math-50	0.5	0.75	0.6	
Math-52	0	0	0	
Math-53	0.7368421052631579	0.9333333333333333	0.8235294117647058	
Math-54	0.8421052631578947	1.0	0.9142857142857143	
Math-55	0	0	0	
Math-57	0.5	0.3333333333333333	0.4	
Math-58	1.0	1.0	1.0	
Math-62	0	0	0	
Math-64	0.8163265306122449	0.9090909090909091	0.8602150537634408	
Math-65	0.6744186046511628	0.7073170731707317	0.6904761904761904	
Math-66	0.6666666666666666	0.6666666666666666	0.6666666666666666	
Math-68	0.8048780487804879	0.9166666666666666	0.8571428571428571	
Math-69	0.4	0.4	0.4000000000000001	
Math-74	0.7659574468085106	0.8571428571428571	0.8089887640449439	
Math-76	1.0	0.9090909090909091	0.9523809523809523	
Math-79	0.3333333333333333	1.0	0.5	
Math-81	0.8529411764705882	0.9666666666666667	0.90625	
Math-82	0.9230769230769231	0.9230769230769231	0.9230769230769231	
Math-83	0.9333333333333333	0.875	0.9032258064516129	
Math-84	0.0	0.0	0	
Math-85	0.3125	0.29411764705882354	0.30303030303030304	
Math-86	0.7777777777777778	0.7777777777777778	0.7777777777777778	
Math-87	0.9285714285714286	0.8666666666666667	0.896551724137931	
Math-88	0.875	0.875	0.875	
Math-89	0.0	0.0	0	
Math-90	0.6	0.6	0.6	
Math-92	0.0	0.0	0	
Math-93	0.5	1.0	0.6666666666666666	
Math-94	0.8222222222222222	0.9487179487179487	0.8809523809523809	
Math-95	0.0	0.0	0	
Math-96	0.5862068965517241	0.8095238095238095	0.68	
Math-97	0.7741935483870968	0.9230769230769231	0.8421052631578947	
Math-98	0	0	0	
Math-99	0.75	0.8571428571428571	0.7999999999999999	
Math-100	0.6666666666666666	0.6666666666666666	0.6666666666666666	
Math-101	0.5454545454545454	0.6	0.5714285714285713	
Math-103	0.2857142857142857	0.2857142857142857	0.2857142857142857	
Math-105	0	0	0	
Mockito-2	0.5833333333333334	0.5833333333333334	0.5833333333333334	
Mockito-3	0.23076923076923078	0.3157894736842105	0.26666666666666666	
Mockito-5	0.0	0.0	0	
Mockito-6	0.010526315789473684	0.07142857142857142	0.018348623853211007	
Mockito-9	0.0	0.0	0	
Mockito-10	0.3076923076923077	0.3333333333333333	0.32	
Mockito-11	0.3333333333333333	0.09090909090909091	0.14285714285714288	
Mockito-12	0.0	0.0	0	
Mockito-13	0.475	0.5541666666666667	0.5115384615384615	
Mockito-14	0.43986254295532645	0.5663716814159292	0.4951644100580271	
Mockito-16	0.8015873015873016	0.9692898272552783	0.8774978279756734	
Mockito-17	0.7894736842105263	0.9593023255813954	0.8661417322834645	
Mockito-18	0.44537815126050423	0.5623342175066313	0.49706916764361087	
Mockito-20	0.682738669238187	0.798196166854566	0.735966735966736	
Mockito-21	0.0	0.0	0	
Mockito-22	0.5169811320754717	0.6650485436893204	0.5817409766454352	
Mockito-23	0.7741293532338308	0.9664596273291925	0.8596685082872927	
Mockito-24	0.0	0.0	0	
Mockito-25	0.0	0.0	0	
Mockito-26	0	0	0	
Mockito-27	0.0	0.0	0	
Mockito-28	0.9615384615384616	0.9259259259259259	0.9433962264150944	
Mockito-29	0.5	1.0	0.6666666666666666	
Mockito-32	0.0	0.0	0	
Mockito-33	0.7126168224299065	0.7568238213399504	0.7340553549939831	
Mockito-34	0.452991452991453	0.4344262295081967	0.4435146443514644	
Mockito-35	0.09523809523809523	0.6666666666666666	0.16666666666666666	
Mockito-36	0	0	0	
Mockito-37	0.4578313253012048	0.5547445255474452	0.5016501650165016	
Mockito-38	0.6785714285714286	0.8260869565217391	0.7450980392156864	
Time-1	0.7714285714285715	0.8780487804878049	0.8212927756653993	
Time-2	0.2517985611510791	0.7777777777777778	0.38043478260869557	
Time-3	0.3076923076923077	0.5333333333333333	0.3902439024390244	
Time-4	0.5833333333333334	0.7	0.6363636363636365	
Time-5	0.0	0.0	0	
Time-7	0.6086956521739131	0.7368421052631579	0.6666666666666666	
Time-8	0.32786885245901637	0.8	0.4651162790697675	
Time-9	0.4788732394366197	0.5483870967741935	0.5112781954887218	
Time-10	0.0	0.0	0	
Time-11	0.3333333333333333	0.5	0.4	
Time-12	0.0625	0.05	0.05555555555555556	
Time-14	0.15384615384615385	0.2857142857142857	0.2	
Time-15	0.16666666666666666	0.08333333333333333	0.1111111111111111	
Time-17	1.0	1.0	1.0	
Time-18	0.0	0.0	0	
Time-19	0.4220055710306407	0.5439856373429084	0.47529411764705876	
Time-21	0.6818181818181818	0.6818181818181818	0.6818181818181818	
Time-22	0.14583333333333334	0.2413793103448276	0.18181818181818185	
Time-23	0.2857142857142857	0.5	0.36363636363636365	
Time-27	0.8114478114478114	0.9717741935483871	0.8844036697247707	
